0,0,0,0,2,4,6,6,8,10,12,14,16,17,19,21,23,25,24,27,28,30,32,31,35,37,39,40,43,45,47,49,51,53,55,57,58,59,61,63,64,67,69,71,71,74,76,78,80,81,80,80,80,83,85,86,85,86,90,90,90,88,92,93,96,98,98,101,103,100,104,105,107,109,111,108,112,112,115,114,118,117,117,118,117,117,115,111,116,116,115,90,111,116,117,116,117,115,114,112,116,115,0,109,109,121,122,118,125,121,122,94,124,131,94,133,128,125,137,138,121,133,141,134,145,147,147,150,119,138,133,130,153,153,156,134,156,156,156,159,163,162,135,156,162,167,170,172,172,142,170,149,174,122,148,167,176,153,111,155,179,167,156,150,171,161,185,186,157,162,187,193,168,194,186,105,196,173,189,199,190,192,202,201,178,157,112,179,185,163,197,173,190,197,211,208,213,195,210,134,211,219,219,198,187,223,142,224,168,226,166,167,197,227,202,164,226,179,232,191,175,185,234,213,186,212,236,233,176,185,243,244,184,182,206,239,220,171,181,238,172,233,194,240,242,252,218,182,182,228,244,231,252,219,232,174,255,233,240,173,210,181,237,258,221,260,266,257,181,209,190,269,224,248,247,235,203,217,270,242,269,232,230,224,267,226,271,224,195,202,224,226,262,252,221,270,215,210,189,271,259,271,211,249,192,209,256,258,263,227,210,205,210,237,262,257,231,218,256,212,174,203,237,200,231,198,214,251,189,211,210,250,195,232,242,214,187,245,241,241,189,222,223,238,238,220,234,216,224,156,234,231,205,210,175,197,188,169,225,190,222,222,160,208,199,218,217,209,197,176,192,194,201,199,201,213,201,205,209,210,205,203,195,193,202,194,190,192,194,202,157,197,201,152,189,188,196,196,150,150,192,145,180,182,189,190,189,148,183,184,170,181,178,181,144,181,180,152,171,174,158,169,138,162,152,161,167,163,163,166,163,165,151,130,159,144,149,153,156,154,144,149,143,123,146,147,146,148,144,144,145,143,138,144,134,139,138,138,136,124,131,131,123,129,129,125,126,122,123,120,121,119,119,117,113,115,113,113,110,110,108,108,106,103,102,97,100,96,96,94,93,92,88,89,85,87,85,84,0,81,80,79,78,78,74,75,73,73,71,67,68,66,63,62,60,59,58,56,54,53,51,49,47,46,44,43,41,39,37,35,33,31,29,27,25,23,22,20,18,16,14,12,10,8,6,4,2,0,0,0
0,0,0,0,0,2,4,4,6,8,10,12,14,15,17,19,21,23,22,25,27,29,31,30,34,36,38,39,42,44,46,48,50,52,54,56,57,58,60,62,63,66,68,70,70,73,75,77,79,80,79,80,80,83,85,86,85,86,90,90,90,89,92,93,96,98,98,101,103,100,104,105,107,109,111,108,111,112,115,114,119,118,120,121,122,123,122,119,125,125,126,103,124,130,132,132,134,133,133,132,138,138,119,132,133,144,145,141,148,142,145,116,147,153,115,155,150,147,159,160,144,154,163,156,166,168,168,171,140,159,154,151,173,174,176,156,176,175,174,176,179,177,149,169,174,178,179,179,177,147,173,153,177,124,149,166,175,152,107,152,175,162,151,143,164,154,175,175,146,150,173,178,150,177,170,0,180,158,173,183,174,176,186,185,163,141,95,164,170,148,180,158,176,182,197,194,199,181,197,121,198,206,205,185,173,209,129,210,153,212,151,153,183,213,189,150,213,167,219,178,162,173,221,201,173,200,223,221,164,173,230,231,172,170,195,227,208,158,169,226,159,221,182,228,229,239,206,169,170,216,231,219,240,207,220,163,243,221,228,162,198,168,224,246,209,248,254,245,170,197,177,257,212,236,235,223,190,204,258,231,257,220,218,211,255,214,259,212,184,189,212,214,250,241,209,259,203,199,177,260,248,262,203,241,184,201,250,253,258,222,207,202,209,235,261,256,229,217,255,212,172,203,236,200,230,198,212,250,188,211,208,249,193,231,241,212,187,244,240,241,188,222,223,237,238,220,233,216,224,157,234,231,205,210,174,196,189,168,225,191,222,223,159,209,199,218,218,209,197,175,192,193,201,199,201,214,201,205,211,210,206,204,196,194,203,195,190,194,196,204,157,198,203,152,190,189,198,198,150,150,194,147,181,183,191,192,190,149,186,186,171,183,180,183,146,182,182,153,175,176,160,173,140,165,154,164,170,167,167,170,168,169,155,134,164,148,153,158,161,158,147,154,148,127,151,152,151,152,147,149,148,146,141,147,137,142,141,141,139,128,135,134,127,132,131,129,128,125,126,0,124,123,123,121,116,119,117,117,114,114,112,112,110,107,106,101,104,100,100,98,97,96,92,93,89,91,89,88,85,85,83,82,80,80,76,77,74,75,73,69,70,68,65,64,62,61,60,58,56,55,53,51,49,48,46,45,43,41,39,37,35,33,31,29,27,24,24,22,20,18,16,14,12,10,8,6,4,2,0,0
0,0,0,0,0,0,2,2,4,6,8,10,12,13,15,17,19,21,20,23,25,27,29,28,32,34,36,37,40,42,44,46,48,50,52,54,55,56,58,60,61,64,65,67,68,70,72,74,76,75,76,75,76,79,80,81,80,81,85,85,85,84,87,88,90,92,92,95,97,95,98,99,101,103,103,102,105,104,108,106,109,110,110,112,113,114,112,110,115,115,116,95,113,118,119,118,119,117,116,114,119,118,97,111,110,120,121,115,120,115,115,86,115,120,81,120,114,109,120,119,102,113,119,113,120,121,121,122,90,109,102,98,120,119,121,101,120,118,116,43,121,119,92,111,115,118,119,119,117,87,112,93,115,62,87,104,0,90,0,90,114,103,94,87,108,100,122,123,96,101,125,132,110,134,127,45,137,117,131,142,134,137,146,145,126,102,57,125,132,109,143,118,139,144,158,155,160,144,161,83,159,167,166,147,136,171,92,172,115,174,113,116,145,175,153,112,175,130,181,140,126,136,183,164,135,163,187,184,128,138,194,195,137,136,159,192,173,122,135,190,124,185,148,193,194,204,172,134,136,182,196,185,206,171,186,129,207,185,194,128,164,133,189,212,176,214,219,211,137,163,142,223,179,203,202,188,157,169,224,197,223,187,185,176,220,179,225,178,151,155,180,181,218,207,176,226,168,165,142,227,216,229,170,208,149,167,215,219,225,188,172,170,176,201,229,225,198,187,226,184,142,176,210,174,205,173,187,228,164,190,187,229,172,211,222,194,171,228,225,227,172,207,209,226,227,210,224,207,214,148,225,221,194,201,162,186,180,156,216,181,212,214,148,199,188,209,208,199,185,165,183,184,191,188,190,205,191,196,202,201,196,195,186,185,195,186,180,186,187,195,147,189,194,142,181,181,190,189,141,141,186,139,173,175,183,184,182,140,178,178,162,175,171,175,138,174,174,144,166,167,153,165,132,157,146,155,162,159,159,162,161,162,147,127,157,141,146,149,154,151,139,147,141,120,143,145,144,145,141,142,142,140,133,141,130,136,136,135,134,123,130,129,121,127,126,124,124,121,122,118,120,118,118,116,111,114,112,112,109,109,108,108,106,104,103,99,102,98,98,96,96,94,90,92,88,89,88,87,84,84,81,82,80,80,76,77,74,74,73,69,70,68,65,64,62,61,60,58,56,55,53,51,49,48,46,45,43,41,40,38,36,34,32,30,29,26,26,24,22,20,18,16,14,12,10,8,6,4,2,0
0,0,0,0,0,0,0,0,2,4,6,8,10,11,13,15,17,19,18,21,23,25,27,26,30,32,34,35,38,40,42,44,46,48,50,52,53,54,56,58,59,62,64,66,67,69,71,73,75,76,76,77,77,80,82,83,82,83,87,87,87,86,89,90,93,95,95,98,100,99,101,102,104,106,108,105,109,109,112,111,116,115,117,118,120,121,120,116,123,123,124,104,122,128,130,130,132,131,131,129,136,136,118,130,129,142,142,138,145,140,141,112,143,150,116,152,147,144,156,157,141,151,160,154,163,165,165,168,137,156,151,148,171,171,174,155,174,174,172,177,180,180,153,173,179,184,186,186,186,158,184,168,190,138,164,181,192,171,125,173,194,182,174,165,186,179,199,200,174,178,201,207,185,208,200,121,210,190,202,213,205,207,214,212,194,170,124,192,201,175,208,186,206,209,223,220,226,210,225,150,224,231,231,213,202,234,157,235,179,236,177,179,208,238,216,175,237,194,242,203,189,199,244,227,195,225,246,243,188,196,250,250,193,191,214,246,226,173,187,241,172,233,195,241,239,248,216,177,178,224,237,225,246,210,224,168,244,221,230,163,198,164,220,243,206,244,247,240,164,190,166,248,203,226,224,208,175,187,244,213,241,204,200,190,235,191,239,191,162,164,189,190,225,215,182,231,171,170,144,230,217,230,170,207,146,162,212,217,221,181,166,163,169,192,220,214,186,176,213,171,126,161,194,158,187,156,167,208,142,169,163,206,146,186,198,167,144,201,197,197,139,176,176,192,193,174,188,170,178,111,188,184,157,163,123,147,142,116,178,143,174,175,105,160,148,168,167,156,144,121,141,0,152,149,153,169,154,162,169,170,166,165,159,156,168,161,154,162,164,173,123,169,175,122,164,164,173,174,124,126,173,126,162,165,173,175,175,132,171,173,156,172,170,173,138,174,175,145,167,170,157,170,137,164,152,163,170,166,167,170,168,168,155,134,164,148,153,158,161,158,146,154,148,129,152,153,152,152,148,150,149,147,142,148,139,144,143,143,141,131,137,136,129,135,134,132,131,128,129,124,127,125,125,123,117,121,119,119,116,116,114,114,112,109,108,103,106,102,102,100,99,98,94,95,91,93,91,90,87,87,85,84,82,82,78,79,75,77,75,71,72,70,67,66,64,63,62,60,58,57,55,52,52,51,49,48,46,44,42,40,38,36,34,32,31,27,28,26,24,22,20,18,16,14,12,10,8,6,4,2
2,0,0,0,0,0,0,0,2,4,6,8,10,11,13,15,17,19,18,21,23,25,27,26,30,32,34,35,38,40,42,44,46,48,50,52,53,54,56,58,59,62,64,66,66,69,71,73,75,76,76,77,77,80,82,83,82,83,87,87,87,86,89,90,93,95,95,98,100,98,101,102,104,106,108,105,109,109,112,111,116,115,117,118,120,121,120,116,123,123,124,104,122,128,130,130,132,131,131,130,136,136,120,130,131,142,143,139,146,140,143,113,145,152,118,154,149,146,158,159,145,153,162,157,165,167,167,170,139,158,153,150,173,173,176,157,176,176,176,179,183,182,154,175,182,187,190,192,192,162,190,172,194,142,168,186,196,176,130,178,199,187,179,170,191,184,204,205,179,183,206,212,190,213,205,127,215,195,208,218,211,213,221,220,200,176,130,198,207,182,214,192,212,216,230,227,232,216,231,156,230,238,238,219,209,241,163,242,185,243,183,185,215,245,222,182,244,200,250,209,195,206,252,234,203,232,253,250,196,204,260,260,204,202,226,259,240,187,201,257,189,251,214,260,260,269,238,199,201,248,261,250,272,237,251,197,272,250,260,194,229,197,253,277,241,279,284,277,201,229,206,287,244,268,266,253,220,233,290,260,288,252,249,240,283,241,288,240,211,214,238,239,275,264,232,281,221,220,193,279,267,279,221,257,196,213,262,266,271,232,216,213,219,242,270,265,236,226,264,221,178,212,245,209,239,207,220,259,195,220,216,258,199,238,250,219,196,253,249,249,192,228,228,245,245,227,241,223,231,165,241,237,210,217,177,201,196,171,232,197,228,230,162,215,204,224,224,213,201,179,198,197,207,203,205,220,204,211,216,216,211,209,202,200,209,200,193,199,201,210,159,204,208,155,195,194,203,203,153,153,199,153,186,188,195,197,195,151,190,190,173,187,185,187,150,187,186,155,175,177,164,176,141,168,155,165,173,168,169,172,170,171,157,136,166,150,155,160,163,160,147,156,150,129,153,154,153,154,149,151,150,148,143,149,139,144,143,143,141,130,137,136,129,134,133,131,130,127,128,117,126,124,124,122,0,120,118,118,115,115,113,113,111,108,107,102,105,101,101,99,98,97,93,94,90,92,90,89,86,86,84,83,81,81,77,78,64,76,74,70,71,69,66,65,64,63,62,60,58,57,55,53,51,50,48,47,45,43,41,39,37,35,33,31,30,0,27,26,24,23,21,19,17,15,14,12,10,8,6,4
4,2,0,0,0,0,0,0,0,2,4,6,8,9,11,13,15,17,16,19,21,23,25,24,28,30,32,33,36,38,40,42,44,46,48,50,51,52,54,56,57,60,62,64,65,67,69,71,73,74,73,74,74,77,79,80,79,80,84,84,84,83,86,87,90,92,92,95,97,96,98,99,101,103,105,102,106,106,109,108,113,112,114,115,117,118,117,113,120,120,121,102,119,125,127,127,129,128,128,127,133,133,118,127,128,139,140,136,143,138,140,110,142,149,116,151,146,143,155,156,143,151,159,155,162,163,164,167,135,154,148,144,166,165,167,148,166,164,163,0,168,166,138,161,167,172,175,177,177,147,175,158,179,127,153,172,181,162,101,165,184,172,165,155,176,171,190,191,166,170,192,198,177,199,192,115,201,182,194,204,198,200,207,206,187,162,116,184,195,168,202,177,199,202,216,213,218,203,219,144,216,224,224,208,196,228,152,229,172,231,170,172,202,232,211,169,231,188,237,196,184,194,239,222,190,220,241,239,185,194,248,249,193,191,215,247,228,175,190,246,176,238,203,248,247,257,227,186,191,236,249,240,260,224,241,186,260,238,248,184,219,184,242,266,230,268,271,265,191,218,193,275,233,256,256,240,207,221,277,248,277,241,239,228,272,231,279,233,205,207,233,235,271,260,230,279,218,219,192,280,268,280,222,258,195,212,261,266,271,231,215,214,220,242,271,266,236,227,265,222,177,213,246,210,240,208,219,260,194,221,215,259,198,237,250,219,197,254,250,250,192,227,228,247,247,229,243,225,233,167,243,240,210,219,178,202,198,172,234,200,231,232,163,218,204,227,227,215,202,180,201,200,209,204,206,223,206,214,219,219,213,212,203,202,211,203,194,202,204,212,160,206,211,156,198,197,206,206,154,155,202,156,189,191,198,200,198,153,193,193,174,190,188,190,153,190,189,157,177,179,167,179,143,171,156,166,175,170,171,175,173,174,159,139,169,153,158,161,166,163,148,159,153,132,156,157,156,157,152,154,153,151,145,152,141,147,146,146,144,133,140,139,131,137,136,133,133,130,131,127,129,127,127,125,120,123,121,121,118,118,116,116,114,111,110,105,108,104,104,102,101,100,96,97,93,95,93,92,88,89,87,86,84,84,80,81,0,79,77,73,75,73,70,69,68,67,66,64,62,61,59,56,55,54,52,51,49,47,45,43,41,39,37,35,34,30,31,29,27,25,23,21,19,17,16,14,12,10,8,6
6,4,2,0,0,0,0,0,0,0,2,4,6,7,9,10,12,13,0,15,17,19,21,20,24,26,28,29,32,34,36,38,40,42,44,46,47,49,51,53,54,57,59,61,62,64,66,68,70,71,71,72,72,75,77,78,77,78,82,82,82,81,84,85,88,90,90,93,95,94,96,97,99,101,103,100,105,104,107,106,111,110,112,113,115,116,115,111,118,118,119,102,117,123,125,125,127,126,127,125,132,131,118,125,126,137,138,134,141,136,138,108,140,147,116,149,144,141,153,154,143,150,157,155,160,162,162,165,134,153,149,145,168,168,171,155,171,171,171,175,178,177,150,171,178,183,185,187,187,157,185,170,189,137,163,182,192,174,127,177,194,182,177,165,187,183,199,201,177,181,202,208,188,209,201,126,210,193,203,214,207,211,216,214,198,171,125,193,206,177,210,188,210,211,225,222,228,214,229,155,226,233,233,218,207,236,162,237,180,238,179,181,211,240,220,177,239,198,245,205,194,204,247,232,198,230,249,246,195,202,256,256,202,201,224,257,238,182,200,255,184,246,213,258,255,265,236,194,200,246,257,248,270,232,249,196,268,246,258,193,228,192,249,275,239,277,280,275,200,228,201,283,242,266,264,247,214,226,283,253,282,245,242,229,274,231,280,233,204,204,231,232,267,256,224,273,211,212,183,272,259,272,212,249,186,202,252,258,263,221,205,205,211,232,262,257,226,218,256,213,167,204,237,201,231,199,209,251,184,212,205,250,187,228,242,209,188,245,241,241,181,218,219,237,238,219,233,215,223,158,233,229,200,209,165,190,188,159,224,189,220,221,151,207,193,216,215,202,190,167,189,188,197,192,194,211,193,202,207,207,202,200,193,191,200,191,181,190,192,201,146,195,199,143,186,185,194,194,140,141,191,144,177,179,186,188,186,140,181,181,0,178,177,179,144,181,182,149,172,175,165,178,141,171,155,167,177,170,173,176,174,175,161,140,170,154,159,163,167,164,148,160,154,134,157,158,157,158,153,155,154,152,147,153,143,148,147,147,145,135,141,140,133,139,138,135,135,132,133,128,131,129,129,127,121,125,123,123,120,120,118,118,116,113,112,107,110,106,106,104,103,102,98,99,95,97,95,94,90,91,89,88,86,86,82,83,78,81,79,75,76,74,71,70,69,68,67,65,63,62,60,57,56,55,53,52,51,49,47,45,43,41,39,37,36,32,33,31,29,27,25,23,21,19,18,16,14,12,10,8
6,4,2,0,0,0,0,0,0,0,0,2,4,6,8,10,12,14,13,16,18,20,22,21,25,27,29,30,33,35,37,39,41,43,45,47,48,50,52,54,55,58,60,62,63,65,67,69,71,72,72,73,73,76,78,79,78,79,83,83,83,82,85,86,89,91,91,94,96,95,97,98,100,102,104,101,105,105,108,107,112,111,113,114,116,117,116,112,119,119,120,103,119,124,126,126,128,127,127,126,133,132,119,126,127,138,139,135,142,137,139,109,141,148,117,150,145,142,154,155,144,151,158,156,161,163,163,166,135,154,149,146,169,169,172,156,172,172,172,176,179,178,151,172,178,183,186,188,188,158,186,171,190,138,164,183,193,175,127,177,195,183,178,166,188,183,200,201,178,182,203,208,189,209,202,126,211,194,205,214,209,212,216,213,196,168,120,189,200,171,204,0,202,203,217,214,220,206,221,146,218,225,225,210,199,229,154,230,173,232,171,173,203,233,213,170,232,191,238,197,187,197,240,225,191,223,242,240,187,196,249,250,195,194,218,250,231,175,193,249,177,239,205,251,248,258,229,186,193,239,250,242,263,225,243,188,262,240,251,186,221,184,243,269,232,271,273,268,194,220,193,277,235,259,258,241,208,221,279,249,280,243,241,229,274,232,282,235,207,207,235,237,273,262,232,281,219,222,192,282,270,282,224,260,196,213,263,269,274,232,216,217,222,243,273,268,237,229,267,224,178,215,248,213,242,211,220,262,195,223,216,261,199,239,253,220,200,256,252,252,193,229,230,249,249,231,245,227,235,170,245,242,212,221,179,203,201,173,236,203,233,234,164,221,206,229,229,216,204,182,203,203,211,206,208,225,208,216,222,221,216,214,206,205,213,205,196,205,207,214,161,208,213,157,200,200,209,209,155,156,205,159,191,193,201,202,201,154,196,196,176,193,190,193,156,191,191,158,179,180,169,181,144,173,158,168,178,171,174,177,175,177,162,142,172,156,161,164,169,166,150,162,156,135,158,160,159,160,155,157,156,154,148,155,144,150,149,149,147,136,143,142,134,140,139,136,136,133,134,130,132,130,130,128,122,126,124,124,121,121,119,119,117,114,113,108,111,107,107,105,104,103,99,100,96,98,96,95,91,92,90,89,87,87,83,84,79,82,80,76,77,75,72,71,70,69,68,66,64,63,61,58,57,56,54,53,51,49,47,45,43,41,39,37,36,32,33,31,29,27,25,23,21,19,18,16,14,12,10,8
8,6,4,2,2,0,0,0,0,0,0,0,2,4,6,8,10,12,12,14,16,18,20,19,23,25,27,28,31,33,35,37,39,41,43,45,46,48,50,52,53,56,58,60,61,63,65,67,69,70,70,71,71,74,76,77,76,77,81,81,81,80,83,84,87,89,89,92,94,93,95,96,98,100,102,99,104,102,106,105,110,109,110,112,114,115,113,110,117,117,117,103,117,121,123,124,125,125,126,124,131,130,119,124,125,136,137,133,140,135,136,107,137,143,113,143,138,133,144,144,133,139,144,143,145,146,145,147,115,134,128,124,146,145,147,132,146,144,143,146,148,146,119,139,144,146,147,147,145,115,141,128,144,91,116,134,143,125,0,126,143,129,128,114,136,133,149,151,129,133,153,160,142,161,154,80,163,148,157,167,161,165,170,169,154,125,79,148,161,132,166,142,168,167,181,178,184,170,186,112,183,190,189,176,166,193,120,194,137,196,135,138,168,197,180,134,197,158,202,162,153,162,204,190,156,188,207,203,153,162,213,214,161,161,183,215,197,140,160,214,141,204,171,215,212,222,195,151,158,204,214,207,227,190,208,155,225,203,216,152,186,149,206,233,198,235,236,232,158,183,155,237,196,219,218,198,165,177,234,204,235,198,195,181,225,182,233,186,156,155,184,185,220,207,177,226,162,164,133,225,212,225,165,202,137,153,203,211,215,172,156,158,164,183,215,209,177,170,208,166,117,156,190,153,183,151,159,204,135,165,155,202,138,177,192,159,139,196,192,192,130,167,167,188,188,169,182,164,172,107,182,178,147,157,112,138,136,0,174,138,172,175,103,162,148,174,173,160,149,127,151,151,159,154,158,178,159,171,178,178,173,173,165,165,175,167,156,168,170,179,125,175,180,123,169,169,178,179,125,127,178,132,167,170,178,180,179,132,176,177,156,176,173,177,141,177,178,144,166,169,160,173,136,166,151,161,172,165,169,173,172,172,158,139,168,152,157,161,165,162,146,158,152,133,155,157,156,157,153,154,154,152,145,153,142,148,148,147,146,136,143,142,134,140,139,137,137,134,135,131,133,131,131,129,123,127,125,125,122,121,120,120,118,115,114,109,112,108,108,106,105,104,100,101,97,99,97,96,92,93,91,90,88,88,84,85,80,83,81,77,78,76,73,72,71,70,69,67,65,64,62,59,58,57,55,54,53,51,49,47,45,43,41,39,38,34,35,33,31,29,27,25,23,21,20,18,16,14,12,10
10,8,6,4,4,2,0,0,0,0,0,0,0,2,4,6,8,10,10,12,14,16,18,17,21,23,25,26,29,31,33,35,37,39,41,43,44,46,48,50,51,54,56,58,59,61,63,65,67,68,68,69,69,72,74,75,74,75,79,79,79,78,81,82,85,87,87,90,92,91,93,94,96,98,100,97,102,101,104,104,108,107,109,110,112,113,112,108,116,116,117,103,115,121,123,123,125,124,124,123,130,129,119,122,124,135,136,132,139,135,136,106,138,145,117,147,142,139,151,150,142,147,154,153,157,159,159,162,131,150,145,142,165,165,168,155,168,168,167,173,174,174,147,168,173,179,180,182,181,152,179,168,184,132,158,176,187,170,123,173,188,176,174,159,181,179,193,194,174,177,196,201,184,202,195,122,204,189,197,207,201,204,209,207,193,164,117,186,201,170,203,181,205,203,218,215,220,207,222,149,219,225,225,213,201,228,156,228,170,228,168,168,197,227,208,162,224,184,228,187,177,187,227,213,177,210,226,223,173,179,230,230,176,175,198,227,210,151,170,225,151,212,180,223,218,228,199,154,161,207,216,208,227,189,207,153,223,200,213,147,181,141,199,227,189,226,226,223,147,174,143,227,186,209,207,188,154,167,223,193,224,187,183,169,214,170,222,175,144,143,173,173,209,195,165,214,149,153,0,212,200,211,153,192,125,144,195,205,210,167,152,154,161,181,214,210,178,173,212,170,121,162,196,160,191,160,168,214,145,176,168,215,151,193,209,175,157,214,212,213,151,190,191,212,214,196,211,194,202,139,214,211,181,192,147,172,172,141,208,173,204,205,133,190,175,200,199,185,172,150,174,173,180,174,177,195,176,187,192,193,188,185,178,176,185,177,164,175,177,186,129,180,184,126,171,170,179,179,123,125,176,130,163,164,172,174,172,124,167,167,145,164,161,163,127,162,161,125,147,0,140,153,91,147,130,143,156,148,155,159,159,161,149,129,158,145,150,155,159,157,140,154,150,130,155,158,158,160,156,157,157,155,149,156,145,151,150,150,147,137,144,143,135,141,140,137,137,134,135,131,133,131,131,129,123,127,125,125,122,122,120,120,118,115,114,109,112,108,108,107,106,105,101,102,98,100,98,97,93,94,92,91,89,88,85,86,81,84,83,77,80,78,75,74,73,72,71,69,67,66,64,61,60,59,57,56,55,53,51,49,47,45,43,41,40,36,37,35,33,31,29,27,25,23,22,20,18,16,14,12
12,10,8,6,6,4,2,0,0,0,0,0,0,0,2,4,6,8,9,10,12,14,16,15,19,21,23,24,27,29,31,33,35,37,39,41,42,44,46,48,50,52,54,56,57,59,61,63,65,66,66,67,67,70,72,73,72,73,77,77,77,76,79,80,83,85,85,88,90,89,91,92,94,96,98,95,100,99,102,102,106,105,107,108,110,110,110,106,114,114,115,103,114,119,120,121,122,122,123,121,128,127,119,121,122,133,134,130,135,132,133,102,134,141,115,143,138,135,147,148,139,145,151,150,154,155,154,158,126,145,140,137,160,160,163,150,163,163,164,168,170,169,142,164,169,173,175,176,176,147,173,165,179,126,153,171,181,167,120,169,183,171,169,154,175,174,188,189,170,173,190,196,180,197,189,119,199,184,192,202,195,198,202,199,186,154,107,176,189,158,191,166,192,189,203,199,204,189,203,132,199,204,204,190,179,205,134,204,147,205,143,146,174,204,186,138,201,161,204,164,154,164,203,190,154,187,202,198,148,155,205,205,152,151,174,202,186,125,146,200,125,187,154,197,192,202,174,127,136,181,189,182,199,162,180,124,194,171,185,118,153,112,170,197,160,195,195,193,117,142,111,195,155,178,175,154,120,0,189,159,191,154,150,134,179,135,187,138,108,0,139,141,178,165,137,187,122,128,65,189,178,192,131,171,104,123,173,184,190,144,131,135,141,160,194,190,158,154,193,151,102,143,178,143,173,143,150,196,128,159,150,198,109,175,192,158,141,197,195,196,133,172,173,196,198,181,195,178,187,124,199,196,165,177,133,157,159,132,197,164,195,197,124,185,168,195,195,180,169,148,172,174,179,174,178,198,178,191,198,198,194,192,186,185,195,187,175,189,191,199,144,194,200,143,189,190,199,199,143,145,196,151,183,184,194,194,193,145,189,189,169,186,183,186,150,184,184,148,170,171,163,175,136,167,150,161,173,162,171,173,170,173,158,139,167,152,158,161,165,162,143,157,152,132,154,156,157,158,153,155,155,153,147,155,142,150,149,149,146,137,142,143,135,140,140,138,137,135,136,132,134,133,133,130,125,129,127,127,124,124,122,122,121,117,117,111,115,111,109,110,109,108,104,105,101,103,101,100,96,97,95,94,92,90,88,89,84,87,85,80,82,80,77,76,75,74,73,71,69,68,66,63,62,61,59,58,57,55,53,51,49,47,45,43,42,38,39,37,35,33,31,29,27,25,24,22,20,18,16,14
14,12,10,8,8,6,4,2,0,0,0,0,0,0,0,2,4,6,7,8,10,12,14,13,17,19,21,22,25,27,29,31,33,35,37,39,40,42,44,46,48,50,52,54,55,57,59,61,63,64,64,65,65,68,70,71,70,72,76,76,76,75,78,79,82,84,84,87,89,88,90,91,93,95,97,94,99,98,101,101,105,104,106,107,109,110,109,104,113,113,114,103,114,118,120,120,122,121,122,121,127,126,119,120,122,132,133,128,134,0,132,93,134,140,115,142,138,134,146,147,140,144,150,150,153,155,155,158,127,146,141,138,161,161,164,153,164,164,164,169,171,170,143,165,171,176,178,180,180,150,178,168,182,130,156,176,186,171,126,174,188,175,175,158,181,180,194,194,175,178,195,200,184,199,192,121,199,186,191,200,193,196,200,197,184,151,103,173,188,155,188,164,190,185,199,195,200,185,200,128,195,200,200,187,176,200,129,200,141,201,0,140,169,200,184,136,200,162,205,164,158,167,207,195,160,194,211,209,160,169,218,219,168,168,190,220,204,144,167,221,147,209,179,221,218,228,203,156,167,213,220,216,234,196,217,163,232,210,225,161,195,155,213,242,207,242,244,242,169,195,164,248,210,233,233,212,179,194,250,221,254,218,216,200,245,203,256,210,179,180,210,212,249,234,207,257,191,196,166,258,246,260,199,239,172,190,240,250,256,211,196,201,207,225,260,256,222,218,257,215,165,207,241,205,236,205,211,259,189,220,209,258,192,232,249,213,196,253,249,250,187,223,224,246,247,229,242,225,233,169,243,240,206,219,173,197,198,171,234,201,231,232,157,218,200,227,227,210,198,176,201,201,205,200,202,223,202,214,220,219,214,213,204,204,212,204,191,203,206,213,155,207,212,152,199,199,208,208,149,150,204,159,190,192,201,201,200,150,196,196,176,193,189,193,157,191,191,153,175,178,170,182,141,174,155,166,180,169,177,180,178,180,164,146,174,160,165,167,173,169,148,164,159,139,161,162,162,164,159,160,161,158,151,160,147,155,154,154,151,140,147,147,138,143,144,140,141,138,139,135,137,134,135,132,126,131,129,129,126,126,124,125,123,119,119,114,117,113,112,112,111,110,106,107,103,105,103,102,98,99,97,96,94,92,90,91,86,89,87,82,83,82,79,78,77,76,75,73,71,70,68,65,64,63,61,60,59,57,55,53,51,49,47,45,44,40,41,39,37,35,33,31,29,27,26,24,22,20,18,16
16,14,12,10,10,8,6,4,2,0,0,0,0,0,0,0,2,4,6,7,8,10,11,0,14,16,18,19,22,24,26,28,30,32,34,36,37,39,41,43,45,47,49,51,52,55,57,59,61,62,62,63,63,66,68,69,68,70,74,74,74,73,76,77,80,82,82,85,87,86,88,89,91,93,93,92,96,95,98,97,101,100,101,103,105,106,104,100,108,109,109,101,110,114,116,116,117,115,115,113,118,116,110,108,109,118,118,112,117,111,113,81,113,117,93,117,112,106,118,116,110,111,116,115,117,117,116,117,84,104,0,93,116,114,119,111,121,121,122,126,128,127,101,124,130,134,136,138,138,109,137,130,142,90,116,137,146,133,87,136,148,135,137,118,142,142,154,156,138,142,159,164,149,165,158,89,167,154,161,170,165,169,174,173,160,127,80,150,168,134,169,147,173,169,184,181,187,173,189,119,186,192,191,182,171,195,127,196,139,199,140,140,170,200,185,136,200,163,206,165,159,169,208,197,160,196,212,209,162,169,219,219,169,168,192,220,205,144,168,223,146,209,180,221,218,228,203,155,168,214,220,216,234,195,217,164,232,210,226,162,195,154,213,242,207,242,244,243,170,196,163,248,210,234,233,212,178,195,250,221,255,218,216,200,245,203,257,211,178,181,211,213,249,234,208,257,191,197,167,258,246,260,199,239,171,190,240,251,257,211,196,202,208,225,260,256,222,218,257,216,164,208,242,206,237,206,211,258,187,220,208,257,191,231,249,212,196,252,248,249,186,222,223,246,247,229,241,225,233,169,243,239,205,218,171,195,198,171,234,201,230,232,155,218,199,226,227,209,197,174,200,201,204,199,201,223,200,214,220,219,214,213,204,204,211,203,189,203,206,213,153,207,212,150,199,199,208,208,147,148,204,159,189,192,201,201,200,148,196,196,176,193,189,193,157,191,191,151,174,178,169,182,139,173,153,164,179,168,177,180,178,180,164,146,174,160,165,166,173,169,146,164,159,139,160,162,162,164,159,160,161,158,150,160,147,155,155,154,152,141,148,148,139,145,145,142,143,140,141,137,139,136,137,134,128,133,131,131,128,128,126,127,125,121,121,116,119,115,114,114,113,112,108,109,105,107,104,104,100,101,99,98,96,94,92,93,88,91,89,84,85,84,81,80,79,78,77,75,73,72,70,67,66,65,63,62,61,59,57,55,53,51,49,47,46,42,43,41,39,37,35,33,31,29,28,26,24,22,20,18
17,15,13,11,11,9,7,6,4,2,0,0,0,0,0,0,0,2,4,6,8,10,12,11,15,17,19,20,23,25,27,29,31,33,35,37,38,40,42,44,46,48,50,52,53,56,58,60,62,63,63,64,64,67,69,70,69,71,75,75,75,74,77,78,81,83,83,86,88,87,89,90,92,94,96,93,98,97,100,100,104,103,105,106,108,109,108,105,112,112,113,105,113,117,119,119,121,120,122,120,126,125,121,120,121,131,132,129,135,132,133,102,135,141,119,143,139,135,148,149,142,145,152,151,155,156,157,160,127,148,145,139,163,163,166,157,166,166,166,171,173,172,145,166,172,177,179,180,180,151,178,171,183,130,157,175,187,173,127,176,188,175,177,158,180,182,192,194,177,179,195,201,187,202,194,127,204,192,196,207,200,203,209,206,196,163,115,186,203,169,202,183,207,203,218,215,221,206,221,154,218,225,225,215,205,228,161,229,172,231,174,173,202,232,217,168,232,196,236,197,191,200,238,228,190,225,239,235,188,195,242,242,192,191,213,240,225,163,186,239,163,225,195,235,231,240,215,167,178,223,229,224,240,203,223,170,236,213,229,164,197,154,212,239,205,239,239,239,164,189,156,240,202,225,223,200,167,182,236,205,240,203,199,182,227,183,238,190,157,159,188,189,224,208,181,230,162,169,137,228,215,228,165,205,136,153,203,215,219,172,157,162,167,183,219,213,177,175,212,169,116,159,193,157,186,155,158,206,134,167,154,204,0,177,196,158,145,202,200,202,137,176,177,202,204,187,202,184,194,130,206,203,170,184,136,162,167,139,204,171,202,204,126,192,173,202,202,186,174,152,180,181,183,178,181,202,180,194,200,200,194,193,185,183,192,183,168,183,185,192,130,186,190,128,177,177,186,186,125,126,182,137,168,170,177,179,178,0,176,176,157,176,174,177,143,177,178,139,162,168,160,173,131,167,146,159,175,165,175,179,178,180,166,148,175,160,166,169,173,170,147,165,160,141,162,164,164,165,161,162,163,160,154,162,149,157,156,156,153,142,149,149,140,145,146,142,143,140,140,137,139,136,137,134,128,133,131,131,128,128,126,126,125,120,121,117,120,116,115,115,114,113,109,110,106,108,105,105,101,102,100,99,97,95,93,94,89,92,90,85,86,85,82,81,80,79,78,76,74,73,71,68,67,66,64,63,62,60,58,56,54,52,50,48,47,43,44,42,40,38,36,34,32,30,29,27,25,23,21,19
19,17,15,13,13,11,9,8,6,4,2,0,0,0,0,0,0,0,2,4,6,8,10,10,13,15,17,18,21,23,25,27,29,31,33,35,36,38,40,42,44,46,48,50,51,54,56,58,60,61,61,62,62,65,67,68,67,69,73,73,73,72,75,76,78,80,80,83,85,84,86,87,89,90,92,90,94,93,96,95,99,98,100,101,103,103,102,0,106,106,107,100,107,111,112,113,114,114,116,113,119,118,115,112,113,124,124,121,126,124,124,93,126,132,111,133,130,125,138,139,133,136,142,141,145,146,145,149,116,136,133,127,151,151,154,146,154,154,154,159,160,160,133,155,160,164,166,167,166,138,165,158,170,116,144,163,173,161,116,163,175,162,164,145,167,169,180,180,164,167,182,187,175,188,181,116,190,179,184,193,187,190,194,191,181,146,97,168,185,150,183,164,187,181,195,191,196,182,196,129,192,197,197,186,175,198,130,197,140,198,141,138,166,197,182,130,194,157,197,156,150,159,196,185,147,182,195,191,145,151,198,198,148,147,168,195,181,117,142,194,117,180,151,190,185,195,170,120,133,177,183,179,193,156,177,123,188,165,181,117,150,105,164,191,157,189,189,189,115,139,104,189,152,174,172,148,113,130,183,152,186,149,145,126,171,127,182,135,100,104,133,133,168,150,124,173,104,111,80,171,158,170,104,147,75,0,146,159,165,118,104,111,117,133,170,166,131,130,169,128,74,120,154,120,149,120,123,173,101,137,125,175,109,150,170,134,119,176,174,175,110,148,149,175,177,160,175,157,167,103,178,176,142,157,109,134,140,112,177,144,175,178,99,165,146,175,175,158,146,124,153,154,157,152,156,179,156,172,180,179,175,174,167,167,177,170,154,170,174,181,122,177,183,121,172,173,182,183,122,124,182,138,169,172,182,182,183,132,179,181,161,179,177,180,146,180,180,139,162,167,159,171,127,163,141,153,169,156,167,170,167,169,154,137,164,151,156,158,163,159,136,155,149,131,152,154,155,156,151,153,153,151,145,153,140,149,148,148,145,135,141,142,133,138,139,136,136,134,134,131,133,131,132,129,123,128,126,126,123,123,121,120,120,115,117,113,116,112,110,112,111,110,106,107,103,105,102,102,98,99,98,96,96,93,92,93,88,91,90,84,85,85,82,81,80,80,79,77,75,74,72,69,68,67,65,64,63,61,59,58,56,54,52,50,49,45,46,44,42,40,38,36,34,32,31,29,27,25,23,21
21,19,17,15,15,13,10,10,8,6,4,2,0,0,0,0,0,0,0,2,4,6,8,8,11,13,15,16,19,21,23,25,27,29,31,33,34,36,38,40,42,44,46,48,49,52,54,56,58,59,59,61,61,64,66,67,66,68,72,72,72,71,74,75,78,80,80,83,85,84,86,87,89,91,93,90,95,94,97,97,101,100,102,103,105,106,105,104,109,109,110,104,111,114,116,116,118,117,118,118,123,122,120,117,118,128,129,124,131,130,130,98,132,137,117,139,136,131,143,143,139,140,146,146,149,151,150,153,122,141,140,133,155,156,158,152,159,158,158,163,164,163,137,159,165,168,168,169,167,138,165,159,168,114,140,160,168,156,111,158,167,153,157,135,157,160,168,168,153,155,168,172,159,171,164,98,171,160,162,171,164,167,170,167,157,120,71,142,161,124,158,138,161,155,169,165,170,155,170,102,165,169,169,160,148,169,103,168,110,169,112,107,0,167,152,99,165,132,172,132,129,139,175,167,127,165,179,177,131,139,187,188,140,140,163,190,177,112,140,193,116,180,152,192,189,198,176,126,141,186,192,190,206,168,192,139,205,183,200,137,170,126,186,215,181,215,217,216,144,170,135,220,184,208,207,184,150,169,222,193,228,192,190,171,217,175,230,184,150,155,184,186,222,206,181,231,162,171,142,232,220,234,170,213,142,160,212,225,230,183,168,175,181,197,233,228,191,189,227,184,130,175,208,173,202,171,174,222,149,183,170,221,153,193,213,174,160,216,212,213,148,184,185,209,210,192,205,188,196,133,206,202,167,181,132,156,161,134,196,164,193,194,115,181,160,189,189,170,158,135,163,164,166,160,162,185,160,176,182,180,175,173,165,164,172,164,147,163,167,173,0,169,174,112,164,165,175,175,113,115,175,130,162,165,176,176,177,124,173,176,156,175,172,177,142,177,177,135,160,166,158,171,127,164,142,155,172,160,172,175,174,177,162,146,173,159,165,166,172,169,143,163,159,139,159,162,162,164,158,160,161,158,150,160,147,155,155,154,152,141,148,149,140,146,146,143,144,141,142,138,140,137,138,135,129,134,132,132,130,130,128,128,127,122,123,119,122,118,116,117,116,115,111,112,108,110,107,107,103,104,102,101,99,96,95,96,91,94,92,87,87,87,84,82,81,81,80,79,77,76,74,71,70,69,67,66,65,63,61,60,58,56,54,52,51,47,48,46,44,42,40,38,36,34,33,31,29,27,25,23
23,21,19,17,17,15,12,12,10,8,6,4,2,0,0,0,0,0,0,0,2,4,6,7,9,11,13,14,17,19,21,23,25,27,29,31,32,34,36,38,40,42,44,46,47,50,52,54,56,57,57,59,59,62,64,65,64,66,70,70,70,69,72,73,76,78,78,81,83,82,84,85,87,89,91,88,93,92,95,95,99,98,100,101,103,104,103,103,107,107,108,104,109,112,114,114,116,115,117,116,121,120,120,115,117,126,127,124,130,130,129,97,131,136,118,138,135,130,143,144,140,141,147,147,150,152,152,155,123,143,143,134,158,158,161,156,161,161,162,166,168,167,140,162,169,173,175,177,177,147,175,171,179,126,153,173,183,173,129,176,185,172,177,155,178,183,190,192,178,179,193,199,188,200,192,129,202,193,195,205,199,202,208,205,197,161,112,184,204,168,201,185,207,202,217,214,220,205,220,156,217,224,224,216,206,227,163,228,171,230,176,171,202,231,218,166,231,197,235,196,192,201,237,229,188,227,239,236,192,198,243,243,195,194,216,241,226,163,189,240,163,226,199,236,232,241,218,167,181,226,230,227,241,204,226,174,237,214,232,168,200,154,213,240,208,240,240,240,167,193,156,241,205,228,226,201,167,186,237,206,241,206,202,183,228,184,240,193,157,162,191,192,227,209,184,233,164,172,141,232,219,231,166,208,136,155,204,218,222,172,157,164,169,183,221,215,177,176,213,170,0,160,194,158,189,159,162,213,139,175,162,214,146,187,208,169,157,213,211,213,145,185,186,213,215,197,212,195,204,142,216,212,177,194,143,170,176,149,214,180,212,213,133,201,180,211,211,193,181,159,189,190,191,187,190,214,191,207,214,214,210,208,201,200,209,200,183,200,202,209,147,204,208,144,195,195,204,204,141,142,200,155,186,188,197,198,197,144,192,192,172,189,186,188,154,186,186,0,166,174,166,179,135,173,149,163,182,168,180,183,180,182,167,150,177,164,167,168,175,171,146,167,161,143,163,165,165,167,163,163,165,162,155,164,150,159,158,158,155,144,151,151,142,148,148,145,145,143,141,140,142,139,140,137,131,136,134,134,131,131,129,128,128,122,124,120,123,119,117,118,117,117,113,114,110,112,109,109,105,106,104,102,101,98,97,98,93,96,94,89,89,89,86,84,83,83,82,81,79,78,76,73,72,71,69,68,67,65,63,62,60,58,56,54,53,49,50,48,46,44,42,40,38,36,35,33,31,29,27,25
25,23,21,19,19,17,13,14,12,10,8,6,4,2,0,0,0,0,0,0,0,2,4,6,8,10,12,13,16,18,20,22,24,26,28,30,31,33,35,37,39,41,43,45,46,49,51,53,55,56,56,58,58,60,62,62,0,63,67,67,67,66,69,70,73,75,75,78,80,79,81,82,84,86,88,85,90,89,92,92,96,95,97,98,100,101,100,100,104,104,105,101,106,110,111,112,114,113,114,114,118,118,118,113,114,124,125,122,128,127,127,94,129,132,116,135,132,127,139,139,136,136,143,143,146,148,148,151,119,139,140,130,154,154,157,153,157,157,157,162,163,163,136,159,165,168,170,171,171,142,171,167,174,121,148,169,178,168,126,172,180,167,173,150,173,179,185,187,174,175,189,194,184,195,188,126,197,189,190,200,194,197,202,200,193,155,106,178,200,163,196,181,202,196,211,208,214,200,215,152,212,219,219,212,202,222,159,223,165,225,172,165,199,227,214,161,226,193,231,190,189,197,232,226,185,222,235,232,189,196,241,241,195,195,217,242,228,164,193,244,167,231,206,242,238,247,225,173,188,232,236,234,247,210,233,181,243,220,238,175,207,161,219,247,216,246,247,247,175,201,163,247,213,235,234,209,174,195,245,214,249,215,211,190,236,192,248,202,165,171,200,201,236,217,193,242,172,181,151,241,228,241,174,218,145,165,213,227,231,182,166,175,180,193,231,225,187,187,224,182,125,172,205,170,199,168,169,219,144,180,165,218,150,188,209,169,157,213,209,209,142,178,178,204,205,186,200,182,190,127,200,194,159,175,125,148,155,127,190,157,186,188,107,174,152,182,181,160,148,125,155,155,155,150,152,177,151,168,174,174,168,166,158,157,166,158,139,156,158,166,103,160,164,98,151,151,160,160,95,97,157,112,143,144,153,153,152,99,147,147,126,144,140,142,106,140,139,95,119,126,118,129,80,121,0,108,129,114,129,133,132,135,121,104,132,120,127,128,134,132,106,129,125,106,129,133,134,137,133,136,138,136,131,140,128,137,138,139,138,128,136,137,130,137,138,136,137,136,136,135,137,136,138,136,131,136,135,135,133,133,130,130,130,124,126,122,125,121,119,120,119,117,114,115,112,114,111,111,107,108,106,104,103,100,98,100,95,98,96,91,91,91,88,86,85,85,84,83,81,80,78,75,74,73,71,70,69,67,65,64,62,60,58,55,55,51,52,50,48,46,44,42,40,38,37,35,33,31,29,27
24,22,20,18,18,16,0,13,12,10,9,7,6,4,2,0,0,0,0,0,0,0,2,4,6,8,10,11,14,16,18,20,22,24,26,28,29,32,34,36,38,40,42,44,45,48,50,52,54,55,55,57,57,60,62,63,62,64,68,68,68,67,70,71,74,76,76,79,81,80,82,83,85,87,89,86,91,90,93,93,97,96,98,99,101,102,101,102,105,105,106,102,107,110,112,112,114,113,115,114,119,118,119,113,115,124,125,122,128,129,127,94,129,134,118,136,133,128,141,142,138,140,145,146,149,151,151,154,121,142,144,132,157,157,160,156,160,160,161,165,167,166,139,162,168,172,174,176,176,146,175,172,178,125,152,173,182,173,130,177,184,171,179,154,178,184,190,192,180,181,194,199,190,200,193,131,202,195,196,205,200,203,208,206,199,160,111,184,206,168,203,187,207,203,217,214,220,206,221,158,218,224,224,218,208,227,165,228,170,230,178,170,206,232,220,166,231,199,237,196,195,204,238,232,190,228,241,238,195,202,247,248,201,201,224,248,234,170,200,250,173,237,212,249,246,256,235,182,199,245,248,247,261,223,248,197,259,237,257,194,226,180,240,268,237,268,268,268,197,221,184,269,234,258,256,230,195,216,266,236,271,236,233,212,257,214,269,224,186,193,222,223,258,239,215,264,193,203,173,263,250,263,196,240,166,187,235,248,254,204,188,197,202,215,254,248,209,209,247,204,147,195,228,193,222,191,192,242,167,203,188,241,173,211,232,192,180,236,232,232,165,201,202,228,229,210,224,206,214,151,224,219,183,200,149,173,180,151,215,179,211,212,0,200,178,210,210,191,179,157,188,189,189,185,188,214,189,207,214,214,210,209,202,201,211,203,186,205,207,215,154,211,216,151,205,206,214,214,150,151,211,166,197,199,208,208,208,155,203,203,183,200,198,200,165,199,198,154,177,185,176,188,140,180,154,166,185,169,182,185,182,184,169,151,179,165,169,169,177,173,146,169,163,144,165,167,167,169,164,165,166,163,156,165,152,160,159,159,156,146,152,152,144,148,149,145,147,144,144,141,143,140,141,137,132,137,135,135,132,132,130,129,129,123,125,121,124,120,118,119,118,118,114,115,111,113,110,110,106,107,105,103,102,99,98,99,94,97,95,90,90,90,87,85,84,84,83,82,80,79,77,74,73,72,70,69,68,66,64,63,61,59,57,54,54,50,51,49,47,45,43,41,39,37,36,34,32,30,28,26
27,25,23,21,21,19,15,16,14,12,10,8,7,6,4,2,0,0,0,0,0,0,0,2,4,6,8,9,12,14,16,18,20,22,24,26,27,30,32,34,36,38,40,42,43,46,48,50,52,53,53,55,55,58,60,61,61,62,66,66,66,65,68,69,72,74,74,77,79,78,80,81,83,85,87,84,89,88,91,91,95,94,96,97,99,100,99,100,103,103,104,101,105,109,110,111,113,112,114,113,118,117,120,112,114,123,124,121,127,128,126,93,128,133,119,135,132,127,140,141,137,139,144,145,148,150,150,153,120,141,145,131,156,156,159,156,159,159,160,164,166,165,138,161,167,171,173,175,175,145,174,172,177,124,151,172,181,174,131,177,183,170,179,153,177,185,189,191,181,181,193,198,191,199,192,132,201,196,195,204,199,202,207,205,200,159,110,183,207,167,202,188,207,202,216,213,219,205,220,159,217,223,223,218,208,226,166,227,169,229,179,169,205,231,220,165,230,199,236,195,196,204,237,232,189,228,240,237,196,202,246,246,201,201,223,247,233,168,199,249,170,236,212,247,244,254,233,180,198,243,246,246,258,220,246,194,254,232,251,189,220,171,231,259,228,258,259,258,188,214,174,259,226,249,247,221,185,208,257,226,261,228,224,202,247,204,260,215,176,184,213,214,249,229,206,255,183,194,164,254,241,254,186,231,149,178,225,239,245,194,178,188,193,205,244,238,199,199,237,195,129,185,218,183,212,181,181,233,156,194,177,231,162,200,222,181,170,226,222,222,0,190,190,218,219,200,214,196,204,141,215,208,172,191,0,164,173,145,210,177,208,210,111,198,175,208,208,188,176,154,186,187,186,182,185,212,186,205,212,212,208,207,200,199,209,201,183,203,205,213,152,209,215,148,204,204,213,214,149,150,211,166,197,199,208,208,208,155,203,204,183,201,198,200,166,199,198,154,177,186,177,189,141,181,154,166,186,170,183,186,183,185,170,153,180,167,170,169,178,174,147,170,164,146,166,168,168,170,166,166,168,165,158,167,153,162,161,161,158,148,154,154,146,151,152,148,150,147,145,144,146,143,144,140,135,140,138,138,135,135,133,131,132,125,128,124,127,123,121,122,121,121,117,118,114,116,113,113,109,110,108,106,105,102,101,102,97,100,98,93,93,93,90,88,87,87,86,85,83,82,80,77,76,75,73,72,71,69,67,66,64,62,60,57,57,53,54,52,50,48,46,44,42,40,39,37,35,33,31,29
28,27,25,23,23,21,17,18,16,14,12,10,8,8,6,4,2,0,0,0,0,0,0,0,2,4,6,7,10,12,14,16,18,20,22,24,25,28,30,32,34,36,38,40,41,44,46,48,50,51,51,53,53,56,58,59,59,60,64,64,64,63,66,67,70,72,72,75,77,76,78,79,81,82,84,82,86,85,88,88,91,90,92,93,95,95,95,96,99,99,100,97,102,105,105,106,108,107,109,109,113,112,115,107,109,118,118,115,120,122,120,86,122,126,113,128,126,119,132,133,129,131,136,137,140,141,141,144,111,132,138,122,147,147,150,147,150,150,151,155,156,156,129,153,158,160,161,163,162,133,163,161,165,112,139,161,169,162,121,166,170,158,168,140,165,173,175,177,168,168,180,184,177,186,179,119,188,182,181,190,184,186,190,189,182,139,90,162,186,147,179,166,184,176,191,187,192,178,192,130,188,193,193,187,176,194,132,193,134,194,143,131,167,194,182,123,190,158,194,152,151,159,193,186,143,181,191,188,146,152,194,194,148,148,169,191,177,110,142,191,112,177,151,186,181,191,170,114,133,177,179,179,189,152,177,124,184,161,181,118,150,99,160,187,157,185,185,185,115,139,98,185,152,174,172,145,108,131,179,148,182,149,145,121,167,124,179,135,95,104,133,133,168,146,124,172,98,111,80,170,157,169,98,146,0,93,141,156,164,113,99,110,116,128,169,165,126,129,168,127,70,119,153,119,148,119,118,172,96,136,120,174,108,145,168,129,119,175,173,174,107,143,144,174,176,159,174,156,166,103,177,171,137,156,106,129,139,111,176,144,175,178,98,166,143,176,176,155,143,121,154,155,154,149,153,180,153,173,181,180,176,175,168,168,178,171,151,171,175,182,122,178,184,118,173,174,183,184,118,121,183,138,169,173,183,183,184,132,180,182,162,180,178,181,148,181,182,139,161,170,162,174,125,166,141,152,172,154,170,173,170,172,157,140,167,154,158,157,166,162,134,158,152,134,155,157,158,159,154,156,156,154,148,156,143,152,151,151,148,139,144,146,138,142,143,140,141,139,138,136,138,136,137,132,128,133,131,131,129,128,127,125,126,120,123,119,122,118,116,118,117,117,113,114,110,112,109,109,105,106,105,102,103,100,99,100,95,98,97,91,92,92,89,88,87,87,86,85,83,82,80,77,76,75,73,72,70,69,67,66,64,62,60,0,57,53,54,53,51,49,47,45,43,41,40,38,36,34,32,30
30,29,27,25,25,23,19,20,18,16,14,12,10,10,8,6,4,2,0,0,0,0,0,0,0,2,4,5,8,10,12,14,16,18,20,22,23,26,28,30,32,34,36,38,39,42,44,46,48,49,49,51,51,54,56,57,58,58,62,63,63,62,65,66,69,71,71,74,76,75,77,78,80,82,84,81,86,85,88,89,92,91,93,94,96,97,96,97,100,100,101,99,104,106,107,108,110,109,110,112,115,114,117,110,113,120,121,117,123,124,124,89,126,129,118,131,130,123,135,136,134,134,139,141,143,145,144,147,114,135,143,125,149,150,152,149,153,152,154,157,159,158,131,156,160,163,164,166,165,136,166,164,168,113,140,161,168,162,120,164,166,153,162,134,158,166,167,167,159,158,168,171,165,171,164,105,171,167,163,172,165,168,171,170,165,120,71,144,168,127,161,147,165,157,172,168,173,158,173,111,168,173,173,168,156,173,112,172,112,173,121,108,145,171,160,100,167,137,171,128,129,137,168,162,0,156,166,163,122,128,169,168,123,122,143,163,148,24,113,162,0,150,127,162,159,170,152,95,117,163,163,166,177,141,169,117,177,155,177,115,148,97,159,188,161,190,191,192,125,150,109,196,165,189,188,162,126,150,199,169,205,174,172,148,195,154,209,167,127,138,168,169,206,185,165,215,141,156,126,216,205,218,149,197,123,146,192,205,213,162,148,160,165,177,218,214,173,176,215,173,117,165,199,164,194,164,162,217,140,180,162,218,152,187,210,170,161,218,215,217,151,184,186,217,218,201,215,198,207,146,218,212,176,196,147,169,178,152,215,182,213,215,136,203,178,212,213,190,178,158,190,191,189,185,188,216,189,208,216,215,209,210,203,201,210,202,181,202,204,210,150,205,209,142,197,197,206,206,138,141,202,158,187,190,200,200,199,148,195,196,176,193,189,193,158,190,191,147,168,177,169,181,131,173,149,158,179,161,177,181,177,181,164,148,174,161,166,163,173,170,139,164,159,141,160,163,164,166,160,162,162,160,151,162,148,157,157,156,154,144,149,151,144,148,149,145,147,145,144,142,144,141,143,138,134,139,137,137,134,134,132,131,131,125,127,123,126,122,119,122,121,121,117,118,114,116,113,113,110,110,109,107,106,104,103,104,99,102,100,95,95,95,93,91,90,90,89,88,86,85,83,80,79,78,76,75,74,72,70,69,67,65,63,60,60,56,57,55,53,51,49,47,45,43,42,40,38,36,34,32
32,31,29,27,27,25,21,22,20,18,16,14,11,12,10,8,6,4,2,0,0,0,0,0,0,0,2,2,5,7,9,11,13,15,17,19,20,23,25,27,29,31,33,35,36,39,41,43,45,46,46,48,48,51,53,54,55,55,59,60,60,59,62,63,66,68,68,71,73,72,74,75,77,78,79,59,81,0,83,84,87,86,88,89,91,92,91,92,95,95,96,94,99,101,102,103,105,104,107,107,110,109,112,105,108,115,116,114,119,120,120,85,122,125,114,127,126,119,132,133,131,131,136,138,139,141,141,144,111,132,140,121,146,147,149,148,150,149,152,155,157,155,127,151,155,157,157,157,155,124,153,151,155,99,126,148,155,150,107,152,154,140,150,120,145,155,154,155,147,145,155,158,152,158,151,92,158,153,149,158,151,153,156,153,149,102,0,127,153,112,147,135,153,146,162,159,165,151,167,107,164,170,171,168,158,174,116,175,117,178,129,117,156,180,171,112,179,150,185,144,147,155,187,183,141,179,191,188,150,157,198,199,157,157,179,201,186,120,155,203,126,189,168,201,198,208,190,133,156,201,200,204,214,175,205,153,212,190,212,151,183,133,193,222,195,223,224,224,158,183,142,228,198,221,220,192,158,183,230,201,236,206,204,179,225,183,239,198,158,169,199,200,236,214,195,244,171,184,156,245,234,247,179,227,153,176,220,234,242,191,176,190,195,205,247,243,202,205,245,203,147,195,229,194,224,194,191,247,168,209,191,248,181,216,238,198,191,247,244,246,180,212,214,245,246,229,243,225,235,174,246,237,202,222,172,192,203,175,238,205,234,236,157,222,196,231,230,206,193,171,205,205,201,196,198,227,197,218,225,223,216,217,208,207,217,207,186,208,210,217,157,211,216,147,203,204,213,212,143,145,209,165,192,197,206,206,205,153,201,202,182,199,195,199,164,196,196,153,172,183,174,187,135,179,155,162,185,166,183,185,183,186,167,153,180,167,171,166,179,175,142,170,164,146,165,168,168,171,165,166,168,164,156,166,153,162,161,160,159,148,154,155,146,152,151,148,151,148,147,145,147,143,145,140,135,141,139,139,136,136,134,133,132,128,129,127,130,126,123,125,124,124,120,121,117,119,115,116,113,114,111,110,109,106,105,106,101,104,102,97,96,97,94,91,90,91,90,89,87,86,84,81,80,79,77,76,75,73,71,70,68,66,65,62,62,58,59,57,55,53,51,49,47,45,44,42,40,38,36,34
31,30,28,26,26,24,20,21,19,17,15,13,0,11,10,8,7,6,4,2,0,0,0,0,0,0,0,2,4,6,8,10,12,14,16,18,19,22,24,26,28,30,32,34,35,38,40,42,44,46,46,48,48,51,53,54,55,55,59,60,60,59,62,63,66,68,68,71,73,72,74,75,77,79,81,78,83,82,85,86,89,88,90,91,93,94,93,94,97,97,98,96,101,102,104,104,106,105,108,108,111,110,113,106,109,116,117,115,120,121,121,85,123,126,117,128,127,120,133,134,132,132,137,139,141,143,143,146,112,134,143,124,149,149,152,150,152,152,155,158,160,159,132,158,163,166,168,170,170,139,171,167,172,118,145,168,176,172,131,176,178,165,176,147,173,183,184,186,179,178,189,194,189,196,189,132,198,194,192,201,196,199,204,204,199,155,105,179,206,165,199,188,204,198,213,210,216,202,217,158,214,221,221,219,208,225,166,226,167,229,180,166,206,230,221,162,229,199,235,193,196,204,237,233,190,227,238,236,197,204,245,246,203,203,226,246,232,167,201,249,173,236,214,247,244,254,237,179,202,246,246,250,259,222,251,199,258,236,256,197,229,177,239,267,240,268,269,269,203,228,186,273,243,264,266,238,202,229,275,245,281,251,249,224,270,229,284,243,202,214,243,245,281,258,240,289,214,230,200,290,279,291,221,269,195,216,260,273,280,229,213,226,231,240,282,277,234,238,276,233,178,224,257,222,251,220,217,271,192,232,213,270,202,236,258,217,209,265,261,261,195,226,227,257,258,240,253,236,244,182,254,245,209,230,180,198,210,183,245,212,242,243,164,230,203,238,238,213,201,177,212,212,208,203,205,234,203,225,231,230,222,223,213,212,222,214,191,213,216,223,162,217,222,151,209,209,218,218,147,150,214,170,197,202,210,211,210,158,205,205,185,202,200,202,167,201,200,158,175,187,178,191,138,183,158,164,188,168,185,188,185,187,169,154,182,168,172,167,180,176,143,172,166,147,168,170,170,172,167,168,169,166,159,168,155,163,162,162,159,149,155,155,147,152,153,149,151,148,147,145,147,144,145,141,136,141,139,139,136,136,134,133,133,127,129,125,128,124,122,123,122,122,118,119,115,117,0,114,89,111,110,108,108,105,104,105,100,103,101,96,96,96,93,91,90,90,89,88,86,85,83,80,79,78,76,75,74,72,70,69,67,65,63,61,61,57,58,56,54,52,50,48,46,44,43,41,39,37,35,33
35,34,32,30,30,28,24,25,23,21,19,17,14,15,13,11,9,8,6,4,2,0,0,0,0,0,0,0,2,4,6,8,10,12,14,16,16,19,21,23,25,27,29,31,33,35,37,39,41,43,43,45,45,48,50,51,52,52,56,57,57,56,59,60,63,65,65,68,70,69,71,72,74,76,78,75,80,79,82,83,86,85,87,88,90,91,90,91,94,94,95,93,98,100,102,102,104,103,105,106,109,108,111,104,107,114,115,113,117,118,118,0,120,123,115,125,124,117,130,131,129,129,134,136,138,140,140,143,109,131,142,120,146,146,149,147,149,149,152,155,157,156,129,155,160,163,165,167,167,136,168,165,169,115,142,165,173,170,129,174,175,162,173,144,170,181,181,183,177,175,186,191,187,193,186,131,195,192,189,198,192,196,200,200,197,151,102,176,203,161,195,185,201,194,208,205,209,195,210,151,205,211,210,208,196,211,153,210,151,212,163,148,187,210,202,140,207,177,211,168,171,179,209,206,162,197,207,203,165,170,209,209,166,167,187,206,191,0,160,206,131,193,172,205,201,212,196,137,162,205,204,210,218,180,211,159,216,194,216,157,188,136,197,226,200,227,228,228,164,189,145,232,203,225,226,197,162,189,234,205,240,211,209,183,229,188,243,204,161,175,205,206,242,218,201,249,174,190,162,251,240,253,182,232,160,182,225,238,246,195,180,196,201,209,253,249,206,211,250,209,154,201,235,199,230,200,195,252,172,215,195,253,187,220,242,202,197,252,249,251,186,216,218,251,252,235,248,231,241,180,252,241,205,227,177,194,208,180,243,210,239,241,162,227,199,235,235,209,196,174,209,210,204,200,202,232,200,223,230,228,219,222,211,211,222,212,188,213,215,222,162,216,221,149,208,209,218,217,145,148,214,170,195,202,211,211,210,159,206,207,187,203,201,204,169,202,201,159,175,188,179,192,138,184,160,165,190,169,187,191,188,191,170,158,185,172,176,169,184,180,145,175,169,151,171,173,173,176,169,171,173,169,161,172,157,168,166,166,164,153,159,160,151,157,157,152,156,153,151,150,152,148,150,145,140,146,144,144,141,141,139,138,137,132,133,130,133,129,126,128,127,127,123,123,120,122,118,119,116,117,114,113,112,109,108,109,104,107,105,100,99,100,97,94,93,94,93,92,90,89,87,84,83,82,80,79,78,76,74,73,71,69,68,65,65,61,62,60,58,56,54,52,50,48,47,45,43,41,39,37
37,36,34,32,32,30,26,27,25,23,21,19,16,17,15,13,11,10,8,6,4,2,0,0,0,0,0,0,0,2,4,6,8,10,12,14,16,18,20,22,24,26,28,30,32,34,36,38,40,42,42,44,44,47,49,50,51,51,55,56,56,55,58,59,62,64,64,67,69,69,71,72,74,76,78,75,79,79,82,83,85,85,86,88,89,90,89,90,93,93,94,92,97,99,101,101,103,102,105,105,108,107,109,103,105,112,113,110,115,116,116,80,118,120,113,122,121,113,126,127,125,125,130,132,133,135,135,138,104,126,136,114,138,137,139,137,138,137,138,141,142,140,112,135,140,142,142,143,141,110,140,138,141,85,112,134,141,138,96,140,140,126,136,106,131,143,140,141,135,131,141,144,140,144,136,80,143,139,134,142,135,137,140,137,135,87,2,111,138,0,130,119,136,129,145,142,148,135,151,93,148,154,155,154,145,159,104,161,102,164,118,102,144,166,159,98,165,138,172,131,136,145,174,173,130,165,177,175,138,145,185,185,145,145,166,186,172,107,143,189,115,176,156,187,184,194,178,118,143,186,186,191,199,161,192,141,198,176,197,139,171,117,179,207,182,208,209,209,145,170,126,213,185,205,207,177,141,170,215,185,221,193,191,163,210,168,224,185,142,156,185,187,222,198,181,227,151,168,139,227,215,227,155,206,133,153,195,208,215,162,148,163,167,174,218,212,169,173,212,170,115,160,194,158,187,156,151,207,126,168,147,206,138,170,192,151,145,201,197,197,131,160,161,194,194,176,190,171,180,118,190,178,143,164,114,130,145,117,180,147,176,178,98,164,135,171,171,143,132,108,144,144,139,133,135,165,131,156,162,160,150,153,142,0,151,143,88,145,149,157,97,153,158,86,148,149,159,160,87,92,160,115,143,151,161,162,162,110,159,162,141,160,157,162,128,161,161,120,136,151,143,156,102,150,126,131,158,137,158,161,160,163,143,133,159,147,153,146,161,159,124,155,150,133,154,158,158,162,155,159,162,158,152,162,149,159,158,157,156,145,151,153,144,150,150,146,149,147,145,144,145,142,144,139,134,140,138,138,136,135,134,133,131,127,128,127,130,126,123,125,125,124,121,121,118,120,117,117,115,115,111,112,111,109,108,109,104,107,105,100,99,100,98,95,94,95,94,93,91,90,88,85,84,83,81,80,79,77,75,74,72,70,69,66,66,62,63,61,59,57,55,53,51,49,48,46,44,42,40,37
39,38,36,34,34,32,28,29,27,25,23,21,18,19,17,15,13,12,10,8,6,4,2,0,0,0,0,0,0,0,2,4,6,8,10,12,14,16,18,20,22,24,26,28,30,32,34,36,38,40,40,42,42,45,47,48,49,49,53,54,54,53,56,57,60,62,62,65,67,68,70,71,73,75,77,74,79,78,81,82,85,84,86,87,88,88,87,75,90,91,0,90,95,97,99,99,101,81,103,103,106,105,108,80,105,111,112,111,114,114,113,75,114,115,108,115,113,103,116,115,112,111,115,115,116,116,115,117,81,103,115,0,117,116,120,119,122,121,124,127,129,128,101,127,132,135,137,139,139,108,140,138,143,87,116,140,146,144,104,149,148,135,147,117,144,155,154,156,152,148,161,164,160,166,160,106,168,165,163,171,166,171,175,175,173,126,78,150,180,137,171,161,177,169,185,182,189,174,190,134,188,194,193,194,184,197,141,198,140,201,155,138,181,202,197,134,202,173,208,166,172,180,210,209,167,201,214,211,176,181,221,221,181,182,204,221,208,145,180,224,152,211,192,222,220,230,215,155,181,223,222,228,235,197,229,178,234,212,233,176,207,153,215,243,219,243,246,245,183,208,162,250,222,241,245,214,179,208,251,223,257,230,228,201,247,205,260,223,178,194,223,225,261,235,220,267,191,209,182,270,258,272,199,251,180,201,242,255,263,213,197,215,220,227,272,268,224,230,269,228,174,220,254,218,249,219,213,271,189,233,210,270,203,234,255,214,210,265,261,262,197,225,226,259,260,242,254,237,246,184,256,244,208,231,182,196,212,185,247,214,244,245,166,232,202,239,240,212,200,176,213,214,206,202,204,236,202,227,234,232,222,226,213,215,225,216,190,215,219,226,165,220,225,150,212,212,221,221,146,149,217,173,196,205,214,214,213,161,209,210,190,206,203,207,172,204,204,162,175,191,182,195,139,187,163,166,193,170,190,193,191,194,171,161,188,175,179,169,187,183,146,178,172,154,173,176,175,179,170,173,176,170,163,174,160,170,169,168,167,156,162,163,153,160,159,155,159,156,155,153,155,151,153,148,143,149,147,147,145,145,143,142,140,135,136,134,137,133,130,132,131,131,127,127,124,126,122,123,120,121,117,117,116,113,112,113,108,111,109,104,101,104,101,97,96,98,97,96,94,93,91,88,87,86,84,83,82,80,78,77,75,73,72,69,69,65,66,64,62,60,58,56,54,52,51,49,47,45,43,40
40,39,37,35,35,33,29,30,28,26,24,22,19,20,18,16,14,13,11,9,7,5,2,2,0,0,0,0,0,0,0,2,4,6,8,10,12,14,16,18,20,22,24,26,28,30,32,34,36,38,38,40,40,43,45,46,47,47,51,53,53,52,55,56,59,61,61,64,66,67,69,70,72,74,76,73,78,77,80,81,84,83,85,86,88,89,88,89,92,92,93,92,97,99,101,101,103,102,105,105,108,107,110,103,106,113,114,113,117,118,118,82,120,123,117,125,124,117,130,131,129,129,134,136,137,139,139,142,108,130,143,119,144,145,147,146,148,147,150,152,153,151,123,148,151,153,153,154,152,121,151,148,152,96,123,145,152,149,109,152,151,137,147,117,142,154,151,152,147,142,152,155,151,155,148,94,155,151,146,155,148,150,153,151,149,99,0,124,153,111,144,135,150,143,159,156,162,148,164,108,161,168,169,169,159,173,116,173,114,177,131,114,157,178,173,109,178,149,184,142,147,157,185,184,142,176,187,185,150,156,194,194,155,156,178,195,182,117,155,199,125,186,166,197,193,202,187,125,151,191,190,195,201,163,194,142,196,173,194,136,167,111,172,200,175,198,198,198,134,158,110,197,170,188,190,157,0,151,194,165,201,175,173,145,192,150,206,169,122,140,170,171,207,181,167,212,137,156,128,216,206,219,145,198,127,148,189,202,210,159,144,162,167,173,219,215,170,178,216,175,122,167,202,166,197,167,160,219,137,183,160,220,155,185,208,168,164,220,217,219,154,182,184,220,221,204,217,200,210,149,221,209,174,198,151,164,181,156,218,185,216,218,140,206,176,214,216,188,176,154,192,194,187,182,186,219,185,212,219,218,208,213,201,204,215,206,179,207,210,216,157,211,215,140,203,203,212,212,136,140,208,165,188,196,206,206,205,154,201,202,182,199,195,199,165,196,196,155,167,183,174,187,130,179,156,157,185,161,183,186,183,187,164,155,180,168,173,163,180,176,138,170,165,148,166,169,169,173,163,167,170,164,158,169,153,165,164,162,161,151,156,159,150,155,155,152,155,153,151,150,151,148,151,145,140,147,145,144,143,143,141,139,137,133,134,133,137,133,128,132,131,131,127,127,124,126,122,122,120,120,115,116,116,112,112,113,108,111,109,104,102,104,101,97,96,98,97,96,94,93,91,88,87,86,84,83,82,80,78,77,75,73,72,69,69,65,66,64,62,60,58,56,54,52,51,49,47,46,44,41
43,42,40,38,38,36,32,33,31,29,27,25,22,23,21,19,17,16,14,12,10,8,5,4,2,0,0,0,0,0,0,0,2,4,6,8,10,12,14,16,18,20,22,24,26,28,30,32,34,36,36,38,38,41,43,44,45,45,49,51,51,50,53,54,57,59,59,62,64,65,67,69,71,73,75,72,77,76,79,80,83,82,84,85,87,88,87,88,91,91,93,92,96,98,100,100,102,102,104,104,107,106,109,102,106,112,113,112,116,117,117,83,120,123,119,125,124,116,130,131,129,129,134,136,138,140,140,143,109,131,144,121,145,146,148,147,149,148,151,154,156,155,128,152,158,161,163,165,164,134,164,163,167,111,140,163,171,168,129,173,170,157,166,137,162,173,171,170,168,162,172,174,170,174,168,115,174,171,167,174,169,171,173,171,171,121,74,145,174,131,162,153,166,157,172,168,174,159,174,117,169,173,172,172,162,172,108,173,0,176,132,114,158,178,173,108,177,149,183,141,149,157,185,185,143,177,189,187,152,159,196,197,159,159,181,199,185,122,158,201,129,188,170,200,196,206,192,129,158,199,198,205,212,175,208,156,211,189,211,154,186,129,192,221,198,222,223,223,161,186,138,226,199,217,219,187,139,180,223,193,227,201,197,167,214,170,226,189,140,158,187,187,222,195,179,224,146,166,138,224,213,225,149,203,131,150,189,202,210,0,144,162,167,172,219,215,170,178,218,175,123,167,202,167,197,167,160,220,137,183,160,221,156,185,208,168,164,221,218,220,155,182,184,220,221,204,218,200,210,150,221,209,174,198,151,163,181,156,218,186,216,218,141,206,176,215,216,187,176,153,193,195,187,182,186,219,184,212,219,218,208,213,201,205,215,206,179,208,212,219,161,214,220,144,207,209,218,216,140,144,214,170,193,201,212,211,210,159,206,208,188,204,200,204,170,202,200,161,171,188,179,192,134,184,162,162,190,164,188,191,188,193,169,161,185,173,178,167,185,181,142,175,171,154,171,174,174,178,167,172,176,168,163,175,159,170,169,168,167,156,161,165,155,161,160,156,161,158,156,155,156,152,155,148,144,151,149,148,147,147,145,143,141,136,137,137,140,136,131,135,134,134,130,130,127,129,125,126,123,124,119,119,119,115,115,116,111,114,112,107,104,107,104,100,99,101,100,99,97,96,94,91,90,89,87,86,85,83,81,80,78,76,75,72,72,68,69,67,65,63,61,59,57,55,54,52,50,49,47,44
45,44,42,40,40,38,34,35,33,31,29,27,24,25,23,21,19,18,16,14,12,10,7,6,4,2,0,0,0,0,0,0,0,2,4,6,8,10,12,14,16,18,20,22,24,26,28,30,32,34,34,36,36,39,41,42,43,43,47,49,49,48,51,52,55,57,57,60,61,62,64,66,68,70,72,59,74,73,76,76,78,77,77,78,79,79,77,77,80,79,46,76,79,79,79,78,78,0,78,78,79,77,80,0,76,83,84,83,87,88,88,53,91,94,90,96,95,87,101,102,100,100,106,108,110,112,112,115,74,103,117,78,118,118,121,120,122,121,124,127,129,128,101,127,132,135,137,139,139,108,140,138,143,86,116,140,146,144,107,150,148,135,147,117,144,155,154,156,154,148,161,164,160,166,160,109,168,165,163,171,166,171,175,175,174,126,81,150,181,140,171,163,177,169,185,182,189,174,190,137,188,194,193,195,186,197,143,198,142,201,158,138,183,202,199,133,202,173,208,166,174,182,210,209,169,201,214,211,178,183,221,221,183,184,206,221,208,147,182,224,154,211,194,222,220,230,217,155,183,223,222,228,235,197,231,180,234,212,233,178,209,153,215,243,221,243,246,245,185,210,162,250,224,241,247,214,181,210,251,223,257,232,230,201,247,205,260,225,178,196,225,227,263,235,222,267,191,211,185,270,260,273,199,253,183,203,242,255,263,214,197,217,222,227,274,270,223,232,270,229,177,221,255,220,250,220,212,271,187,233,208,270,204,232,253,212,210,265,261,263,198,223,224,259,260,242,254,237,246,185,256,242,206,231,183,193,212,186,247,215,244,245,168,232,200,239,240,210,198,173,213,215,204,200,202,236,199,227,234,232,220,226,211,216,225,216,187,215,220,226,167,220,225,146,212,213,222,221,142,145,218,174,194,205,215,214,213,162,209,211,191,206,203,208,173,205,203,164,172,191,181,194,134,186,164,162,192,167,189,192,190,194,168,161,187,175,179,166,187,182,141,177,172,155,172,175,174,179,167,172,177,167,162,173,159,170,168,168,167,156,161,164,152,159,158,154,160,157,154,154,155,151,154,147,143,150,148,147,146,146,144,142,140,135,136,135,138,134,129,133,132,132,128,128,125,127,123,124,121,122,117,117,117,113,113,114,109,112,110,105,100,105,102,96,96,101,100,99,96,96,94,92,91,91,89,88,87,85,83,82,80,78,77,74,74,70,71,69,67,65,63,61,59,57,56,54,52,51,49,46
47,46,44,42,42,40,36,37,35,33,31,29,26,27,25,23,21,20,18,16,14,12,9,8,6,4,2,0,0,0,0,0,0,0,2,4,6,8,10,12,14,16,18,20,22,24,26,28,30,32,32,34,34,37,39,40,41,41,45,47,47,46,49,50,54,56,56,59,61,62,64,66,68,70,72,69,73,73,76,77,80,79,81,82,84,85,84,85,88,88,90,89,92,94,96,97,99,98,100,101,103,102,105,100,102,108,108,106,108,108,107,73,108,109,105,109,107,97,110,109,107,104,110,110,111,111,110,112,0,99,114,90,114,114,117,116,118,117,120,123,125,124,96,122,127,130,132,134,134,103,135,133,138,80,111,133,141,139,102,145,143,130,141,112,138,150,148,150,149,141,153,157,153,159,152,102,161,158,154,164,158,162,167,167,166,117,74,142,173,132,161,156,167,161,176,173,179,165,180,128,177,184,184,185,176,187,134,188,133,190,148,127,174,192,187,122,191,162,197,155,163,172,199,198,157,189,200,197,165,170,207,207,170,171,192,208,194,133,169,210,142,198,181,209,206,216,204,142,169,208,208,213,221,184,217,167,219,197,219,165,195,138,200,228,207,229,231,231,170,196,147,234,210,227,232,200,168,196,237,207,241,216,213,182,228,186,240,205,156,174,203,204,237,210,196,239,163,183,157,240,230,241,166,220,151,169,207,219,226,177,159,178,183,186,233,228,180,189,227,185,133,176,209,173,203,172,163,222,138,184,159,221,156,182,204,163,161,216,212,212,148,172,172,209,209,191,204,186,195,135,205,189,154,180,132,141,161,134,196,162,192,194,117,180,148,187,188,157,145,120,161,163,152,147,149,184,146,175,181,180,166,173,159,163,173,163,133,163,166,173,113,167,171,91,158,160,168,167,87,91,164,120,140,151,160,160,159,107,154,156,135,151,147,151,116,149,147,107,115,134,124,137,75,129,106,103,134,108,131,134,131,135,109,101,127,115,119,106,125,0,79,117,114,99,118,122,124,129,118,126,131,122,120,132,118,131,130,131,131,121,127,132,122,130,130,127,132,131,130,130,132,129,134,128,125,132,132,131,130,132,131,130,130,127,129,129,133,130,126,132,132,132,128,128,126,127,124,125,122,123,118,118,118,114,114,115,111,114,112,108,103,108,105,100,99,103,102,101,98,98,96,93,92,91,89,88,87,85,83,82,81,79,78,75,75,71,72,70,69,67,65,63,61,59,58,56,54,53,51,48
49,48,46,44,44,42,38,39,37,35,33,31,28,29,27,25,23,22,20,18,16,14,11,10,8,6,4,2,0,0,0,0,0,0,0,2,4,6,8,10,12,14,16,18,20,22,24,26,28,30,30,32,32,35,37,38,39,39,43,45,45,44,47,48,52,54,54,57,59,60,62,64,66,68,70,68,72,71,74,75,78,77,79,80,83,84,83,84,87,87,89,88,92,94,96,97,99,99,101,101,104,103,106,102,103,109,110,109,113,114,114,82,117,120,118,122,121,113,127,128,126,125,131,133,135,137,137,140,108,128,143,120,143,143,146,143,146,146,149,152,154,153,126,151,157,160,162,164,164,133,164,162,165,109,139,162,169,168,132,173,171,159,170,141,167,178,177,179,179,172,183,187,184,189,183,134,191,189,186,194,190,193,197,197,197,148,106,172,203,164,193,187,198,191,206,203,210,196,211,160,208,214,214,216,208,218,166,219,165,222,181,157,206,223,219,153,222,194,228,186,196,204,230,230,188,219,230,226,194,198,233,232,195,194,215,230,215,154,188,229,160,214,198,225,220,229,217,0,182,221,221,227,234,196,231,180,233,211,233,179,211,151,214,243,222,243,245,245,185,210,160,249,225,241,247,213,182,211,251,222,257,233,231,199,246,204,260,225,176,196,225,227,262,235,222,266,189,211,186,269,260,272,197,254,184,204,241,255,263,211,197,217,222,225,274,269,222,232,271,229,179,221,255,220,249,219,209,270,185,231,205,269,202,229,251,209,208,264,260,261,196,220,221,257,258,240,253,235,244,184,254,239,203,229,182,189,210,185,245,213,242,243,168,230,197,238,238,206,195,169,212,213,202,197,199,234,195,225,232,230,217,224,209,214,223,214,183,214,218,224,166,218,223,142,210,211,220,219,138,142,216,173,192,203,212,212,211,160,206,208,189,204,201,205,171,203,201,162,169,188,177,192,130,184,162,157,191,0,188,193,191,197,171,164,190,180,184,170,192,186,143,181,176,160,177,179,179,184,171,177,182,171,168,180,164,176,172,174,171,160,165,169,158,164,164,159,165,162,159,159,160,155,159,151,147,155,153,152,150,151,149,147,145,140,141,140,143,139,133,138,137,137,133,133,130,132,128,129,126,127,122,122,122,118,118,119,114,117,115,111,106,111,108,102,101,106,105,104,100,101,99,97,96,95,93,92,91,89,87,86,84,82,81,78,77,74,74,73,71,69,67,65,63,61,60,58,56,55,53,50
51,50,48,46,46,44,40,41,39,37,35,33,30,31,29,27,25,24,22,20,18,16,13,12,10,8,6,4,2,0,0,0,0,0,0,0,2,4,6,8,10,12,14,16,18,20,22,24,26,28,28,30,30,33,35,36,37,37,41,43,43,42,45,46,50,52,52,55,57,58,60,62,63,65,66,0,68,67,70,71,74,73,75,77,80,81,80,81,84,84,86,84,89,91,93,94,96,96,98,98,101,100,103,100,100,106,107,106,110,111,111,81,114,117,116,119,118,110,124,125,123,123,128,130,132,134,134,137,107,125,140,118,140,140,143,141,143,143,146,149,151,150,123,149,154,157,159,161,161,130,162,159,163,106,136,160,167,165,131,171,169,156,168,138,165,176,175,177,177,169,181,185,181,187,181,133,189,186,184,192,187,191,195,195,194,145,105,170,201,163,191,186,196,189,204,201,208,193,208,158,206,212,212,214,206,216,164,217,164,220,180,156,205,221,218,151,221,192,227,185,195,203,229,228,190,219,232,229,198,203,239,239,203,204,226,239,226,166,202,242,175,229,214,240,238,248,237,175,203,240,240,246,252,215,250,200,252,230,250,199,229,169,233,260,240,261,263,262,204,229,178,267,243,258,266,231,201,230,268,240,274,251,249,217,264,222,277,244,194,215,244,246,279,251,241,283,206,230,204,286,279,289,214,271,202,221,258,271,278,232,213,234,240,241,290,285,236,246,284,242,191,233,266,230,260,229,219,279,193,241,214,278,213,238,259,218,218,273,269,270,206,228,229,266,267,249,261,244,253,193,263,246,211,238,191,197,219,194,254,222,251,252,177,239,205,246,247,214,203,177,220,222,209,205,207,243,203,234,240,239,224,232,215,222,231,221,190,221,226,232,174,226,231,149,218,219,228,227,145,148,224,180,198,211,220,220,219,168,214,216,196,212,208,213,178,210,209,170,175,196,184,200,136,192,170,164,197,172,195,198,195,199,171,163,192,180,184,169,192,187,143,182,177,160,178,180,179,184,170,177,182,170,169,179,164,176,171,174,172,161,166,169,157,165,163,159,165,162,160,159,160,156,159,152,148,155,153,152,151,151,149,147,145,140,141,140,143,139,134,138,137,137,133,133,130,132,128,129,126,127,122,122,122,118,118,119,114,117,115,111,105,111,108,101,100,106,105,104,0,101,99,97,97,96,94,93,92,90,88,87,85,83,82,79,78,75,75,74,72,70,68,66,64,62,61,58,57,56,55,52
53,52,50,48,48,46,42,43,41,39,37,35,32,33,31,29,27,26,24,22,20,18,15,14,12,10,8,6,4,2,0,0,0,0,0,0,0,2,4,6,8,10,12,14,16,18,20,22,24,26,26,28,28,31,33,35,36,36,40,42,42,41,44,45,49,51,51,54,56,57,59,61,63,65,67,65,69,68,71,72,75,74,76,78,81,82,81,82,85,85,87,86,90,92,94,95,96,97,99,99,102,101,104,102,101,107,108,106,110,111,111,82,114,117,116,119,118,110,124,125,122,122,128,130,131,133,133,136,107,124,138,117,137,136,138,135,138,136,138,140,141,139,110,136,139,141,141,141,139,107,137,135,137,79,108,131,137,135,100,138,136,123,133,103,128,139,136,137,137,128,138,140,136,140,133,85,139,136,131,139,133,135,137,135,135,0,17,108,139,101,129,125,135,127,143,140,147,134,150,99,147,153,154,155,149,158,108,159,107,162,122,92,148,163,160,91,163,135,169,127,138,148,171,172,133,163,175,172,142,148,182,183,148,149,171,184,171,109,148,187,119,172,156,182,178,187,176,112,140,175,174,178,184,145,178,128,178,155,175,122,154,0,155,185,166,186,188,188,130,156,103,192,170,186,193,157,129,158,196,167,203,180,178,144,192,150,206,173,122,144,174,175,208,181,171,212,136,160,134,216,210,219,144,202,133,153,188,202,210,163,144,166,171,172,223,219,170,182,220,179,129,171,205,170,200,170,160,222,136,186,159,223,160,184,207,167,167,223,220,222,159,181,183,223,224,207,220,203,213,155,224,208,173,201,156,161,184,161,221,188,219,221,147,209,175,217,219,186,175,151,195,198,186,181,185,222,182,215,222,221,207,216,200,208,218,207,176,209,214,219,163,214,218,136,206,207,216,215,132,137,212,169,187,199,210,209,208,158,204,206,187,202,198,203,169,200,199,161,165,186,174,190,127,182,162,154,189,162,186,190,186,192,163,155,183,172,177,162,184,179,134,173,169,153,169,172,172,177,162,170,175,163,161,173,156,169,165,167,165,155,159,164,153,159,157,155,160,158,156,155,156,152,156,148,144,152,150,149,148,148,146,144,142,138,139,139,142,138,132,137,137,137,133,133,130,132,129,129,127,127,122,124,124,120,120,121,117,119,117,114,109,114,111,105,104,109,108,107,103,104,102,100,99,98,96,95,94,92,90,89,87,85,84,81,80,77,77,76,74,72,70,68,66,64,63,61,59,58,57,54
55,54,52,50,50,48,44,45,43,41,39,37,34,35,33,31,29,28,26,24,22,20,17,16,14,12,10,8,6,4,2,0,0,0,0,0,0,0,2,4,6,8,10,12,14,16,18,20,22,24,24,26,26,29,31,33,34,34,38,40,40,39,42,42,46,48,48,51,53,54,56,58,60,62,64,64,66,65,68,69,72,71,73,75,78,79,78,79,82,82,84,83,87,89,91,92,94,94,96,96,99,98,101,100,98,105,106,105,109,110,110,82,113,116,117,118,117,109,123,124,122,122,127,129,131,133,133,136,108,124,139,119,138,0,141,139,142,141,144,147,149,148,120,147,152,155,157,159,159,128,160,157,161,103,133,158,165,163,131,169,167,154,166,136,163,174,173,175,175,168,180,183,180,185,179,133,187,185,182,190,186,189,193,193,193,142,105,168,199,162,189,185,194,187,202,199,206,192,208,158,205,211,210,212,206,214,164,215,164,218,179,153,204,219,216,149,219,191,225,183,195,203,227,227,189,218,230,227,198,203,237,237,203,203,225,238,224,164,201,241,175,227,214,239,235,244,233,171,197,233,232,237,243,205,238,190,239,216,237,185,216,153,215,244,224,242,244,242,185,209,0,246,224,239,245,210,183,210,249,219,254,233,230,196,244,201,258,225,173,197,225,226,259,232,221,263,186,210,186,266,260,269,193,253,184,204,238,252,260,214,193,217,222,222,273,269,220,231,271,230,179,222,255,220,250,220,209,273,185,236,208,274,210,234,256,215,217,271,268,269,205,226,227,265,266,249,261,244,253,193,262,245,209,237,192,194,219,195,254,221,250,252,178,239,203,246,247,212,201,174,220,222,208,203,205,243,201,233,241,239,223,233,215,223,231,220,188,220,227,233,176,226,231,147,218,220,229,228,143,147,225,182,198,211,222,221,220,170,216,218,198,214,209,215,181,212,210,173,175,198,184,202,136,193,173,163,199,174,197,201,197,201,172,163,194,183,187,170,195,189,142,184,179,163,180,182,181,187,171,179,185,171,171,183,166,179,172,177,174,163,168,172,159,167,164,160,167,165,162,162,162,158,162,154,150,158,156,154,154,154,152,149,148,142,144,143,146,142,136,141,140,139,136,136,133,135,131,132,129,130,125,124,125,120,121,122,117,119,118,114,108,114,111,105,104,109,108,107,103,104,102,100,98,99,97,95,95,92,91,90,88,86,85,82,82,78,78,78,76,74,72,70,68,66,65,63,61,60,59,56
57,56,54,52,52,50,46,47,45,43,41,39,36,37,35,33,31,30,28,26,24,22,19,18,16,14,12,10,8,6,4,2,0,0,0,0,0,0,0,2,4,6,8,10,12,14,16,18,20,22,22,24,24,27,29,31,32,32,36,38,38,37,40,42,45,47,47,50,52,53,55,57,59,61,63,63,65,64,67,68,71,70,72,74,77,78,77,78,82,82,84,82,87,89,91,92,94,94,96,96,99,98,101,100,97,105,106,105,109,110,110,83,113,116,117,118,117,109,123,124,121,121,127,129,131,133,133,136,109,124,139,120,139,139,142,140,142,142,145,148,150,149,120,147,151,154,155,157,157,126,158,155,159,101,131,156,163,161,130,167,165,152,164,134,161,172,171,173,173,164,177,180,176,182,176,131,184,181,179,186,181,186,189,189,189,139,103,165,195,160,185,182,191,183,198,196,201,188,203,154,200,204,204,204,198,205,154,204,154,205,167,141,190,204,200,131,201,171,205,163,173,180,204,202,165,192,203,200,169,174,207,206,171,172,192,203,189,128,165,202,137,188,174,198,194,204,193,131,157,192,191,196,201,163,197,148,196,173,194,143,173,110,174,200,181,199,199,198,141,165,112,199,177,190,196,160,132,159,195,165,199,177,173,138,185,142,196,163,0,134,164,166,198,171,162,203,125,152,126,207,202,210,134,194,125,145,179,193,200,155,135,158,164,164,216,212,162,175,214,173,122,165,199,163,194,164,152,216,128,180,151,217,154,177,199,159,161,217,214,216,153,174,175,217,219,201,214,198,207,148,219,200,165,196,150,153,179,156,217,183,215,217,142,204,169,213,214,180,169,143,191,194,179,175,178,217,175,210,217,217,201,211,194,203,213,202,169,202,209,215,159,209,214,128,201,203,211,210,125,129,208,165,180,195,205,204,204,153,199,201,181,197,193,198,164,195,194,156,157,181,168,185,119,178,157,146,183,157,181,184,181,185,155,146,177,166,171,153,177,173,125,167,163,147,164,166,166,171,154,164,169,154,155,166,150,162,154,161,158,147,152,156,143,150,146,144,151,149,145,146,145,142,146,138,134,142,140,138,138,138,136,133,132,126,128,127,130,126,119,124,123,0,119,121,118,122,118,120,118,119,116,117,120,116,119,120,117,120,119,115,110,115,111,106,106,111,110,109,105,106,104,102,101,100,98,96,96,94,92,91,89,87,86,83,83,79,79,79,78,76,74,72,70,68,67,65,63,62,61,58
58,57,55,53,53,51,47,48,46,44,42,40,37,38,36,34,32,31,29,27,25,23,20,19,16,16,14,12,10,8,6,4,2,0,0,0,0,0,0,0,2,4,6,8,10,12,14,16,18,20,20,22,22,25,27,29,31,30,34,36,36,35,38,40,43,45,45,48,50,51,53,55,57,59,61,62,63,62,65,66,69,68,70,72,75,76,75,76,80,80,82,81,85,87,89,90,92,92,94,94,97,96,99,99,96,103,104,103,107,108,108,83,111,114,115,116,115,107,121,122,120,120,125,127,129,131,131,134,109,122,137,120,137,137,140,138,141,140,143,146,148,147,119,146,151,154,156,158,158,127,159,156,160,102,132,157,164,163,132,168,166,153,165,135,162,173,172,174,175,167,179,182,179,184,178,134,186,184,181,189,185,188,192,192,192,141,107,167,198,162,188,186,193,186,201,198,205,191,207,158,204,209,209,210,204,210,161,209,159,210,172,0,196,210,206,119,208,179,212,169,181,187,210,210,172,199,209,205,175,180,211,211,176,177,197,208,193,0,170,208,143,194,182,207,203,214,206,143,172,207,206,213,220,181,217,169,218,196,218,168,198,136,199,228,210,229,230,230,174,199,145,234,213,227,233,198,172,200,236,207,242,221,219,183,231,189,245,214,161,185,215,216,247,220,211,251,173,200,175,254,250,257,181,242,174,193,226,240,248,203,182,206,211,210,263,259,208,221,260,219,169,211,245,209,240,210,197,262,174,225,196,263,200,222,244,203,207,262,259,261,199,218,220,261,262,245,258,241,251,193,262,242,207,237,191,192,218,194,253,220,249,251,178,237,201,245,245,210,199,172,219,222,206,202,204,242,198,233,240,238,221,232,213,223,232,218,185,220,226,232,178,226,231,145,218,221,229,227,141,146,225,183,197,212,223,221,220,171,216,219,199,215,210,216,182,213,211,174,174,198,184,202,135,194,175,163,201,174,198,202,198,203,172,163,195,185,189,170,197,191,142,185,180,165,181,183,184,189,171,182,187,171,172,184,167,180,172,179,176,164,169,174,160,169,164,160,170,167,164,164,164,159,164,155,151,160,158,156,156,156,154,151,150,144,146,145,148,144,137,143,142,141,138,138,135,137,133,134,131,132,127,126,127,122,123,124,119,122,120,116,111,116,113,107,107,112,111,110,106,107,105,103,102,101,99,97,97,94,93,92,90,88,87,84,84,80,80,80,79,77,75,73,71,69,68,66,64,63,62,59
59,58,56,54,54,52,49,50,48,46,44,42,39,40,38,36,34,33,32,30,28,26,23,22,19,18,16,14,12,10,8,6,4,2,0,0,0,0,0,0,0,2,4,6,8,10,12,14,16,18,18,20,20,23,25,27,29,28,32,33,33,0,34,36,39,41,41,44,46,47,49,51,53,55,57,58,59,58,61,62,65,64,66,68,71,72,71,72,76,76,78,77,81,83,85,86,88,88,90,90,93,92,95,95,92,99,100,100,103,104,104,81,107,110,111,112,111,103,117,118,116,116,121,123,125,127,127,130,107,118,134,118,133,134,136,135,137,136,140,143,145,144,115,143,148,151,153,155,155,123,156,153,157,98,128,154,161,159,130,165,163,150,162,131,159,170,169,171,171,164,176,179,176,181,175,132,183,181,178,186,182,185,189,189,189,141,105,164,195,161,185,184,190,183,198,195,202,188,204,156,201,207,206,208,204,210,162,211,163,214,178,152,203,215,212,146,215,187,221,179,193,199,223,223,188,215,226,224,196,202,233,234,201,202,223,234,220,162,200,237,173,223,212,235,232,242,234,173,201,234,234,240,247,209,244,198,246,224,245,197,227,165,227,255,238,256,257,257,202,227,174,261,241,253,260,225,199,228,263,234,269,249,247,211,258,216,272,242,188,213,242,244,273,247,239,278,202,227,203,281,276,284,208,270,202,220,253,267,274,231,208,233,239,237,289,285,232,245,284,242,192,233,266,230,260,229,215,279,189,241,210,278,214,234,256,214,218,273,269,270,208,225,226,267,268,250,262,245,254,194,264,244,208,238,194,192,220,197,255,222,252,253,180,240,202,247,248,211,200,172,221,223,207,202,204,244,198,235,242,240,222,234,214,224,233,219,185,219,228,234,179,228,233,144,220,221,230,229,140,145,226,183,197,213,223,222,221,172,217,219,199,215,211,216,182,213,212,175,173,199,183,203,133,195,175,161,200,174,198,201,198,202,170,161,195,184,188,168,196,190,140,185,180,164,181,183,182,188,169,180,186,168,172,184,167,180,169,178,175,164,169,173,157,168,161,159,169,166,163,163,163,159,163,155,151,159,157,155,155,155,153,150,149,143,145,144,147,143,137,142,141,140,137,137,134,136,132,133,130,131,126,125,126,121,122,123,118,121,119,115,109,115,112,106,106,111,110,109,105,106,104,102,101,100,98,0,97,95,93,93,91,89,88,85,85,81,81,81,80,78,76,74,72,70,69,67,65,64,63,60
61,60,58,56,56,54,51,52,50,48,46,44,41,42,40,38,36,35,34,32,30,28,25,24,21,20,18,16,14,12,10,8,6,4,2,0,0,0,0,0,0,0,2,4,6,8,10,12,14,16,17,19,19,22,24,26,28,27,31,33,33,32,35,37,40,42,42,45,47,48,50,52,54,56,58,59,60,59,62,63,66,65,67,69,72,73,72,73,77,77,79,78,82,84,86,87,89,89,91,91,94,93,96,96,93,100,101,101,104,105,105,83,108,111,112,113,112,104,118,119,117,117,122,124,126,128,128,131,109,119,134,120,134,135,137,136,138,137,140,144,146,145,116,143,147,151,152,154,154,122,153,152,157,97,127,152,160,158,129,164,162,149,161,130,157,169,168,168,170,162,175,176,174,179,173,131,180,178,174,181,176,179,181,180,180,132,96,154,183,149,171,170,176,166,180,177,183,168,183,135,178,182,182,182,178,182,134,181,133,182,145,120,169,180,176,0,177,148,183,140,155,161,184,185,150,176,188,186,158,164,195,195,164,165,187,197,185,124,164,200,136,186,175,198,194,205,198,136,164,198,197,204,210,171,207,160,205,183,204,155,185,122,182,210,193,209,209,209,153,178,123,210,190,200,207,170,145,172,206,175,210,190,186,149,196,152,209,179,122,148,177,177,205,176,168,206,0,155,124,208,205,211,132,197,129,148,179,194,201,159,136,162,168,164,219,215,162,178,217,176,127,168,203,167,198,168,153,220,130,184,152,221,159,179,201,160,165,221,218,220,158,175,177,221,222,205,218,201,211,153,223,202,168,200,155,154,183,160,220,187,218,220,147,208,170,216,218,181,170,144,194,197,181,176,180,221,175,214,221,220,203,215,195,208,217,203,169,205,214,221,168,216,222,133,211,213,222,222,133,139,220,178,190,207,216,216,216,166,211,215,194,211,206,211,178,209,206,171,168,194,179,198,129,190,172,156,196,170,194,197,194,200,167,158,191,181,186,165,193,188,136,181,177,162,178,180,181,187,166,179,185,167,170,183,165,179,169,177,175,164,168,174,159,169,162,160,170,168,165,165,165,161,166,157,153,162,160,157,157,158,156,152,152,146,148,147,150,146,139,145,144,143,140,140,137,139,135,136,133,134,129,128,129,124,125,126,122,124,122,119,114,119,116,110,110,115,114,113,109,110,108,106,105,104,102,100,100,98,96,95,93,91,90,87,87,83,83,83,82,80,78,76,74,72,71,69,67,66,65,62
63,62,60,58,58,56,53,54,52,50,48,46,43,44,42,40,38,37,36,34,32,30,27,26,23,22,20,18,16,14,12,10,8,6,4,2,0,0,0,0,0,0,0,2,4,6,8,10,12,14,15,17,17,20,22,24,26,25,29,31,30,31,32,34,37,39,39,42,44,45,47,49,51,53,55,56,57,56,59,60,63,62,64,66,69,70,69,70,74,74,76,75,79,81,83,84,86,86,88,88,91,0,92,93,89,96,97,97,100,101,101,80,104,107,108,109,108,100,114,115,113,113,118,120,122,124,124,127,106,115,131,117,130,131,133,132,134,133,137,140,142,141,112,140,145,148,150,152,152,120,153,150,155,96,126,152,159,158,130,163,161,148,160,129,157,168,166,168,169,160,172,175,172,177,171,130,179,177,174,182,178,181,185,185,185,139,104,160,191,159,180,182,186,179,194,191,198,184,199,154,196,202,202,204,201,206,160,207,161,209,176,150,201,211,207,144,210,182,216,174,189,194,218,218,184,209,220,217,192,196,227,227,196,198,218,228,214,157,196,230,169,217,207,229,226,236,230,169,196,228,228,233,241,203,237,194,239,218,239,192,221,161,220,248,233,249,251,251,197,223,170,254,236,247,253,219,195,223,257,227,262,244,241,204,250,207,263,234,179,204,232,233,260,232,226,262,185,212,186,262,259,263,187,249,181,199,229,242,249,207,181,208,213,208,262,257,203,218,256,215,165,206,239,202,233,202,186,251,160,214,181,250,187,205,227,185,191,245,241,241,179,195,195,239,239,221,233,215,225,165,235,212,177,209,164,161,191,167,226,192,221,224,150,210,171,216,218,179,168,139,190,193,175,170,172,214,166,205,211,210,189,203,182,193,203,186,151,186,197,204,148,198,202,110,189,190,199,198,106,112,195,152,164,182,189,191,190,139,185,187,166,182,179,183,149,181,179,142,138,166,149,169,97,161,141,124,166,140,162,166,163,167,134,124,159,148,153,130,160,155,0,151,148,133,151,155,154,162,141,156,163,144,150,162,147,161,151,162,161,151,157,163,146,159,152,150,163,162,159,161,161,159,164,157,154,161,160,158,158,158,156,154,153,147,149,148,151,147,141,146,145,144,141,141,138,140,136,137,134,135,130,129,130,125,125,127,122,125,123,119,113,119,116,110,110,115,114,114,110,111,109,107,106,105,103,101,101,99,97,96,94,92,91,88,88,84,84,84,83,81,79,77,75,73,72,70,68,68,67,64
64,63,61,59,59,57,54,55,53,51,50,48,45,46,44,42,40,39,38,36,34,32,29,28,25,24,22,20,18,16,14,12,10,8,6,4,2,0,0,0,0,0,0,0,2,4,6,8,10,12,13,15,15,18,20,22,24,23,27,29,30,29,31,34,36,38,38,41,43,45,47,49,51,53,55,56,57,56,59,60,63,62,64,66,69,70,69,70,74,74,76,75,79,81,83,84,86,86,88,88,91,90,92,93,89,96,97,97,100,100,101,81,104,106,108,108,108,99,113,113,112,111,117,118,120,122,122,125,105,113,129,116,128,129,131,130,131,131,133,138,139,139,109,136,142,144,146,147,147,116,148,146,150,90,121,145,154,151,125,157,155,142,154,123,150,162,160,162,162,154,166,169,166,171,164,125,173,171,166,176,170,174,178,176,178,133,98,153,184,152,172,176,179,171,187,184,191,176,192,148,188,195,195,196,195,198,153,199,154,201,169,143,194,203,199,137,202,174,208,166,181,186,209,209,176,200,210,208,184,188,217,217,187,189,209,217,205,149,186,219,158,205,194,215,210,219,213,153,178,209,208,213,219,182,215,171,215,193,214,167,196,134,191,219,204,219,218,219,164,189,136,218,201,210,216,179,157,183,215,184,220,202,198,159,206,163,219,190,136,159,188,189,215,187,181,217,142,167,143,218,214,219,141,205,137,154,183,198,204,162,136,163,168,162,217,212,157,173,211,170,120,160,193,157,187,156,139,206,114,168,134,205,141,159,181,138,145,200,196,196,133,148,148,192,193,174,187,169,178,118,188,165,129,162,117,112,144,120,178,145,174,175,102,162,121,168,168,128,117,87,141,143,123,118,120,163,114,154,160,159,138,151,131,140,151,136,0,138,149,156,102,152,158,65,146,148,157,155,60,69,152,109,121,138,146,147,146,96,141,143,122,139,134,138,104,135,133,96,90,120,102,122,43,114,94,0,122,96,122,126,125,130,98,89,126,117,123,102,132,127,73,123,120,105,123,127,128,135,115,130,137,118,125,136,122,136,124,136,134,125,131,136,120,134,125,125,137,136,133,135,135,133,138,131,128,136,136,134,136,136,135,133,133,129,132,132,136,133,128,136,136,135,134,134,132,134,130,131,128,127,124,123,124,120,121,122,118,121,119,115,110,115,113,106,107,112,110,111,107,107,106,103,103,101,101,99,99,97,95,94,93,91,90,87,86,83,83,82,82,80,79,77,75,73,73,71,69,68,67,65
67,66,64,62,62,60,57,58,56,54,52,50,47,48,46,44,42,41,40,38,36,34,31,30,27,26,24,22,20,18,16,14,12,10,8,6,4,2,0,0,0,0,0,0,0,2,4,6,8,10,11,13,13,16,18,20,22,21,25,27,28,28,29,32,34,36,36,39,41,43,45,47,49,51,53,54,55,54,57,58,61,60,62,64,67,68,67,68,72,72,74,73,77,79,81,82,84,84,86,86,89,88,91,91,88,95,96,96,99,100,100,82,103,106,107,108,107,99,113,114,112,113,117,119,121,123,123,126,108,114,130,119,129,130,132,132,133,132,136,139,141,140,111,139,143,145,147,148,148,117,149,147,152,91,123,149,155,154,129,158,157,144,155,125,152,164,162,164,165,157,169,172,169,173,169,130,176,174,170,179,175,179,182,181,182,139,104,157,188,158,177,181,184,175,191,188,195,181,196,154,193,199,199,200,199,202,158,203,160,205,174,149,197,207,204,142,206,178,211,170,186,189,213,213,180,204,215,212,189,193,221,222,192,193,214,221,207,152,188,220,159,206,196,216,212,221,216,155,180,211,210,215,221,183,217,173,217,194,215,168,198,136,193,220,206,220,220,220,166,191,138,220,203,211,218,181,158,185,217,186,221,204,200,160,208,164,220,192,138,162,190,191,217,189,183,219,135,169,143,220,216,221,0,208,141,159,189,204,210,170,144,173,178,173,230,225,170,188,226,184,134,174,208,171,201,170,153,221,127,183,148,219,155,173,194,152,159,214,210,210,147,161,162,206,207,188,201,183,192,133,202,178,143,176,131,126,157,134,192,159,188,189,115,175,134,182,182,142,130,0,155,157,140,135,139,183,134,176,184,184,164,179,158,171,182,167,131,168,180,187,134,183,189,97,178,180,189,189,97,104,189,147,159,179,187,190,190,142,187,192,172,190,185,192,159,191,189,154,149,179,162,184,114,178,160,142,186,161,186,189,188,193,159,151,187,178,184,162,192,188,135,182,179,165,182,184,185,190,168,183,188,168,174,184,169,183,169,181,178,167,172,177,158,172,162,160,173,170,167,168,167,163,168,159,156,164,162,160,160,159,158,155,154,149,151,151,153,150,144,150,148,148,144,145,142,144,140,141,138,138,134,132,134,128,130,131,126,129,127,123,117,123,119,114,114,119,118,118,114,115,113,111,110,108,107,105,105,103,100,100,98,96,95,92,92,88,88,88,87,85,83,81,79,77,75,74,72,72,71,68
69,68,65,64,64,62,59,60,58,56,54,52,49,50,48,46,44,43,42,40,38,36,33,32,29,28,26,24,22,20,18,16,14,12,10,8,6,4,2,0,0,0,0,0,0,0,2,4,6,8,9,11,11,14,16,18,20,19,23,25,26,26,27,30,32,34,34,37,39,41,43,45,47,49,51,52,53,52,55,56,59,58,60,62,65,66,65,66,70,70,72,71,76,77,79,80,82,82,84,84,87,86,89,89,87,93,94,94,97,98,99,81,102,104,105,106,106,97,111,112,111,111,115,117,119,121,121,124,107,112,128,118,127,128,130,130,131,130,134,137,139,0,108,137,142,144,146,148,147,116,149,146,151,90,122,149,154,153,129,158,156,143,155,124,153,163,161,164,164,157,169,171,168,173,168,130,176,173,170,179,175,179,183,182,182,140,106,157,189,159,178,183,184,176,192,189,195,182,196,155,194,200,200,201,200,203,160,204,161,206,176,151,200,208,204,145,207,178,213,171,189,191,215,215,183,206,217,214,192,195,224,224,195,197,217,225,211,158,195,227,169,214,206,226,223,233,229,169,195,225,225,230,238,200,234,193,236,214,236,192,220,161,217,245,232,246,248,248,196,222,170,251,235,244,249,213,193,219,250,220,254,237,234,194,241,198,253,227,173,196,225,226,250,223,218,252,179,204,180,253,251,254,179,241,174,191,219,232,239,199,171,200,205,198,254,249,193,210,248,207,158,198,231,194,225,194,176,243,150,206,171,242,179,195,217,175,183,237,233,233,172,185,186,231,232,213,225,207,217,157,227,202,167,201,156,151,183,159,218,184,213,216,142,202,160,208,209,168,157,128,181,184,164,159,161,205,155,197,203,201,177,194,170,183,193,174,140,174,187,193,138,187,191,96,178,177,187,187,0,101,187,144,156,177,184,188,188,139,186,189,170,187,184,190,157,189,189,152,146,179,160,184,112,178,159,141,186,161,185,189,188,192,158,149,187,178,183,160,192,187,133,183,180,164,183,186,185,192,170,186,193,173,178,188,174,187,174,185,183,172,177,181,162,176,165,163,176,174,170,171,170,167,171,163,159,167,165,163,163,163,161,158,157,151,153,152,155,151,145,151,149,148,145,146,144,145,142,143,140,139,135,134,136,130,132,133,128,130,129,125,118,125,121,116,116,121,120,120,116,117,115,113,112,110,109,107,107,104,101,102,100,98,97,94,94,89,90,90,89,87,85,83,81,79,77,76,74,74,73,70
71,70,67,66,66,64,61,62,60,58,56,54,51,52,50,48,46,45,44,42,40,38,35,34,31,30,28,26,24,22,20,18,16,14,12,10,8,6,4,2,0,0,0,0,0,0,0,2,4,6,7,9,9,12,14,16,18,17,21,23,24,24,25,28,30,32,32,35,37,39,41,43,45,47,49,50,51,50,53,54,57,56,58,60,63,64,63,64,68,68,70,69,74,75,77,79,81,81,83,83,86,86,88,88,86,92,93,93,95,96,97,81,100,102,103,104,104,95,109,110,109,109,114,115,117,119,119,122,107,110,126,118,125,126,128,129,129,128,131,133,134,132,102,130,133,134,134,134,132,100,133,130,132,71,101,127,132,131,107,133,131,117,129,71,124,133,0,135,136,129,141,142,141,144,140,104,148,147,143,152,148,153,156,156,158,115,81,131,163,134,153,158,160,151,167,164,171,157,173,132,170,176,175,177,176,179,137,180,139,183,153,129,178,184,182,122,184,156,190,148,167,169,192,193,161,184,195,192,171,176,202,203,176,176,197,204,190,139,174,207,148,192,186,205,201,211,208,149,175,204,203,210,216,178,214,172,215,193,215,172,201,141,196,225,212,226,226,227,176,201,150,230,215,223,230,194,175,202,232,202,239,223,221,180,227,185,242,216,164,187,216,218,243,215,212,245,173,198,174,246,245,247,173,236,168,185,212,226,233,193,164,194,199,191,248,244,186,204,243,201,153,192,225,189,219,188,169,238,143,200,164,237,173,189,211,168,177,232,228,228,166,178,179,226,226,208,221,202,212,153,222,197,161,196,151,145,178,154,213,179,209,211,137,197,154,204,205,163,152,124,178,180,159,154,156,201,150,193,199,197,174,191,167,181,190,172,137,171,185,191,136,185,188,0,177,177,187,188,93,101,188,145,156,177,184,188,188,139,185,189,170,187,183,190,157,188,187,152,145,177,158,182,109,176,158,138,184,159,184,187,186,191,155,147,185,177,182,158,191,186,132,181,177,163,180,184,183,191,167,183,190,167,174,183,170,183,168,180,179,167,172,177,157,173,160,159,173,171,167,168,167,163,168,159,155,164,162,160,160,160,158,155,153,149,150,151,154,150,144,150,149,148,144,146,144,144,142,143,140,139,134,135,137,131,133,134,130,131,131,127,119,127,123,118,118,123,122,122,118,119,117,115,114,111,111,109,109,106,103,104,102,100,99,96,96,91,92,92,91,89,87,85,83,81,79,78,76,76,75,72
71,70,68,67,66,65,62,63,61,59,57,55,52,53,51,49,47,46,45,43,41,39,36,35,33,32,30,28,26,24,22,20,18,16,14,12,10,8,6,4,2,0,0,0,0,0,0,0,2,4,5,7,7,10,12,14,16,15,19,21,22,22,23,26,28,30,30,33,35,37,39,41,43,45,47,48,49,48,51,52,55,54,56,58,61,61,61,62,66,66,68,66,71,71,73,74,76,76,78,78,81,81,83,83,81,86,87,87,90,90,92,76,95,97,98,99,99,90,104,104,104,103,108,109,111,113,113,116,102,104,120,113,119,120,122,121,122,122,127,129,131,131,100,130,134,136,138,140,141,108,142,138,142,82,113,141,146,145,124,150,148,135,147,116,146,155,154,156,156,148,160,162,159,164,160,124,167,164,162,170,165,169,173,174,172,133,98,147,179,151,169,175,175,167,182,179,185,172,186,147,185,190,190,191,190,193,151,194,154,196,168,143,193,198,195,137,197,168,204,161,180,181,206,205,175,196,208,205,184,187,215,215,187,188,209,215,202,151,186,217,161,205,198,216,214,224,219,162,186,216,216,221,228,190,225,184,226,204,226,182,212,154,208,235,224,236,238,238,187,213,163,241,227,234,241,206,188,214,244,215,249,234,231,188,236,194,248,223,169,192,221,222,246,218,214,248,177,201,177,249,246,250,176,238,172,188,215,227,234,196,167,196,201,193,249,246,189,206,245,203,156,194,227,191,221,190,172,240,145,202,167,239,176,191,212,171,179,234,230,230,168,180,180,227,227,209,222,202,213,154,223,197,162,198,153,146,179,156,214,180,210,212,138,198,157,205,206,164,154,126,179,181,160,155,157,202,151,193,199,198,175,191,167,182,191,172,139,171,185,192,138,186,190,97,177,178,187,186,93,97,183,141,149,170,174,179,178,128,173,176,156,172,168,173,139,171,168,132,122,155,135,158,83,150,131,111,155,129,152,155,152,157,120,108,148,138,142,117,150,144,90,138,133,118,134,136,134,142,116,134,139,116,124,131,119,132,116,130,127,115,119,124,103,119,106,105,119,116,113,113,112,107,112,103,100,107,105,102,102,101,99,95,94,88,90,89,91,87,80,86,0,84,0,83,82,85,83,85,83,83,81,81,85,81,85,86,84,87,87,85,79,88,86,83,84,89,90,91,88,90,90,88,89,88,88,88,89,89,66,88,87,87,87,85,86,83,84,84,85,84,83,82,81,81,79,78,76,75,75,72
74,73,70,69,69,67,64,65,63,61,59,57,55,56,54,52,50,49,48,46,44,42,39,38,35,34,32,30,28,26,24,22,20,18,16,14,12,10,8,6,4,2,0,0,0,0,0,0,0,2,2,4,0,7,9,11,13,12,16,18,19,19,20,23,25,27,27,30,32,34,36,38,40,42,44,45,46,45,48,49,52,51,53,55,58,59,58,59,63,63,65,65,69,70,72,74,76,76,78,78,81,81,83,83,81,87,88,88,91,92,93,80,96,98,99,100,100,91,105,106,105,105,110,112,114,116,116,119,107,107,123,118,122,123,125,126,126,125,130,132,134,134,104,134,138,140,142,144,145,112,146,144,148,87,119,147,151,151,130,155,153,140,153,121,151,160,160,162,163,156,168,169,167,171,167,132,174,172,170,177,174,178,181,182,181,143,108,155,187,161,178,184,184,175,191,188,195,182,197,158,195,200,199,201,200,203,163,204,166,207,179,155,205,208,206,149,208,180,215,172,193,193,217,217,189,209,221,218,198,202,228,228,202,203,224,229,215,167,201,232,176,218,213,230,227,237,233,177,202,230,229,235,243,203,239,199,241,219,241,199,228,170,222,251,240,251,253,253,204,229,179,257,243,249,256,220,204,230,259,230,265,251,249,205,254,212,268,244,191,215,244,246,270,243,241,274,205,229,207,277,276,280,209,272,206,224,249,263,271,234,204,236,241,232,290,288,230,249,289,248,202,240,274,239,269,239,218,289,192,251,214,288,225,238,260,218,228,283,279,280,219,229,230,277,278,260,272,252,264,205,274,248,212,248,205,195,230,207,265,232,262,263,190,250,206,257,258,214,204,178,231,233,211,206,208,254,201,245,252,250,226,244,218,235,243,223,192,223,238,244,191,238,243,150,230,231,240,239,146,148,236,194,201,223,227,232,231,182,227,230,210,226,221,227,193,223,222,186,176,209,187,213,136,205,186,166,210,184,208,210,208,213,175,164,205,195,199,172,207,201,147,195,190,175,190,193,190,199,173,190,197,172,181,188,177,190,173,187,186,174,179,184,162,179,164,163,180,177,174,174,174,169,174,165,161,170,168,166,166,166,164,161,159,154,155,155,158,154,148,154,151,152,147,149,146,148,144,145,142,142,138,136,138,132,134,135,130,133,131,127,118,127,123,118,118,123,122,122,118,119,117,115,114,113,112,110,110,108,0,105,104,102,101,98,98,94,94,94,93,91,89,87,86,84,82,81,79,79,78,75
76,75,72,71,71,69,66,67,65,63,61,59,57,58,56,54,52,51,50,48,46,44,41,40,37,36,34,32,30,28,26,24,22,20,18,16,14,12,10,8,6,4,2,0,0,0,0,0,0,0,2,4,4,6,7,9,10,0,13,15,16,16,17,20,22,24,24,27,29,31,33,35,37,39,41,42,43,43,46,47,50,49,51,53,56,57,56,58,62,62,64,64,68,69,71,73,75,75,77,77,80,80,81,81,79,85,86,87,90,91,92,80,95,97,97,98,98,0,102,103,102,102,107,109,111,113,113,116,105,104,120,116,119,120,122,123,123,122,127,129,131,131,101,131,135,137,139,141,142,109,143,141,145,85,116,144,148,148,129,152,150,137,150,117,148,157,155,159,160,154,165,166,164,168,164,131,171,169,167,174,171,175,178,179,178,141,107,152,184,159,175,183,182,172,188,185,192,179,194,156,192,197,196,198,198,200,160,201,164,204,178,154,203,205,204,148,205,177,212,170,191,191,214,215,187,207,218,215,197,200,225,225,200,201,222,226,213,166,199,230,175,215,211,228,224,234,231,176,200,228,226,233,240,200,237,198,238,216,239,197,226,169,219,249,238,249,250,251,203,227,178,254,241,247,254,218,203,229,256,227,263,249,247,202,251,209,266,242,190,214,242,244,268,240,239,272,204,227,206,275,274,278,208,270,205,223,246,261,269,233,201,235,240,229,288,287,228,247,288,248,201,240,273,237,268,238,217,289,191,252,213,288,226,237,260,217,229,283,279,280,220,228,229,277,278,261,272,252,265,206,274,248,211,248,206,194,231,208,266,232,262,264,191,251,205,257,259,214,203,179,231,234,210,205,207,255,200,245,253,250,226,245,218,236,243,223,193,223,239,245,192,238,244,151,230,232,241,240,147,147,237,195,201,223,227,233,232,182,228,231,211,226,221,228,194,224,222,187,175,210,188,214,136,205,188,168,211,186,209,211,210,215,175,166,207,197,201,172,209,203,149,197,192,177,192,195,191,201,173,191,199,173,182,189,178,192,174,189,188,176,181,186,162,180,165,164,182,179,175,176,176,171,176,167,163,172,170,168,168,168,166,163,161,156,157,157,160,156,150,156,153,154,149,151,148,150,146,147,144,144,140,138,140,134,136,137,132,135,133,129,118,129,125,119,119,125,124,124,120,121,119,117,116,115,114,113,112,111,107,108,106,104,103,100,100,96,96,96,95,93,91,89,88,86,84,83,81,81,80,77
78,77,74,73,73,71,68,69,67,65,63,61,59,60,58,56,54,53,52,50,48,46,43,42,39,38,36,34,32,30,28,26,24,22,20,18,16,14,12,10,8,6,4,2,0,0,0,0,0,0,0,2,2,5,7,9,11,10,14,16,17,17,18,21,23,25,25,28,30,32,34,36,38,40,42,43,44,44,47,48,51,50,52,54,57,59,58,60,64,64,66,66,69,71,71,74,76,76,78,77,81,81,82,82,80,86,87,88,91,92,92,81,95,98,99,100,99,91,105,106,104,105,110,112,114,116,116,119,108,107,123,119,122,123,125,126,126,125,129,132,134,134,103,133,137,140,142,144,145,111,145,144,148,86,118,146,151,150,132,155,153,140,153,121,150,160,161,162,163,155,167,169,167,171,166,134,173,172,169,176,173,176,179,180,179,143,109,154,185,161,176,184,183,174,188,186,192,180,194,157,192,196,196,198,197,199,161,200,164,203,177,154,202,204,203,148,203,176,210,167,190,188,211,212,184,203,214,211,193,196,220,221,195,196,215,219,205,158,190,218,163,204,198,214,210,219,214,160,182,209,208,213,219,179,215,175,214,191,212,169,199,140,190,218,207,217,217,217,167,192,142,217,204,208,215,177,162,188,214,183,219,205,201,153,205,161,217,194,140,163,192,192,214,185,183,215,145,167,144,215,212,215,143,205,138,155,178,192,198,162,129,162,168,0,216,216,157,176,218,177,131,170,204,169,199,170,149,222,124,186,148,223,162,174,197,156,167,223,221,222,161,172,173,223,225,208,221,200,214,156,226,199,165,202,159,127,186,165,224,190,221,224,150,211,168,219,221,176,166,142,194,197,175,168,172,219,0,212,219,219,195,214,188,206,216,196,165,197,213,220,168,215,221,130,210,212,221,221,130,131,221,179,186,210,214,220,221,172,217,222,202,219,215,221,188,219,216,181,170,204,183,208,131,200,182,163,206,181,204,207,205,209,171,160,201,192,196,169,204,198,147,192,187,174,188,191,187,197,170,188,195,170,180,186,175,189,171,187,185,174,178,184,160,178,163,162,180,177,173,175,173,170,175,165,162,171,169,166,167,167,166,161,161,155,158,158,161,157,151,158,155,156,151,153,150,152,148,149,146,145,142,139,142,135,138,139,133,137,135,131,120,131,125,120,120,127,126,126,122,122,121,119,118,116,116,114,114,113,109,110,108,106,105,102,102,98,98,98,97,95,93,91,90,88,86,85,83,83,82,79
80,79,76,75,75,73,70,71,69,67,65,63,61,62,60,58,56,55,54,52,50,48,45,44,41,40,38,36,34,32,30,28,26,24,22,20,18,16,14,12,10,8,6,4,2,0,0,0,0,0,0,0,2,4,6,8,10,10,13,15,16,17,17,20,22,24,24,27,29,31,33,35,37,39,41,42,43,43,46,47,50,49,51,53,56,58,57,59,63,63,65,65,69,70,72,74,76,76,78,78,81,81,83,83,81,87,88,88,91,92,93,83,96,98,99,100,100,91,105,106,105,105,110,112,114,116,116,119,110,107,123,121,122,123,125,126,126,125,130,132,134,134,103,134,138,140,142,144,145,111,146,144,148,86,118,146,151,151,134,155,153,140,153,121,151,160,161,162,163,156,167,169,167,171,166,136,174,172,169,177,173,177,181,182,181,146,112,155,187,163,177,187,184,175,191,188,195,181,196,160,193,199,199,201,199,203,163,204,168,207,182,157,207,208,206,153,208,180,215,172,195,193,217,217,191,208,218,216,199,203,226,226,202,203,223,226,213,168,201,230,176,216,213,228,225,234,230,178,201,225,225,229,235,196,231,193,230,209,230,188,218,160,207,236,227,235,235,235,187,212,162,235,223,227,232,196,181,206,232,201,237,224,221,0,222,181,238,215,163,186,216,217,239,211,212,243,176,198,178,247,246,249,181,243,178,195,218,233,241,206,174,208,213,199,260,260,200,219,262,221,174,213,247,211,242,212,190,264,165,227,189,265,203,215,237,195,209,264,261,263,202,210,212,263,264,247,260,238,252,194,263,234,198,236,193,180,219,195,254,221,250,252,179,238,192,246,246,201,189,168,220,222,197,192,194,243,185,234,240,239,213,232,205,224,232,210,181,210,227,233,180,227,231,140,219,220,229,227,136,134,225,183,188,212,213,221,220,170,215,218,198,214,209,215,181,211,210,174,161,197,173,201,121,193,174,155,198,173,196,199,196,201,161,0,193,183,187,160,197,192,140,187,184,171,187,191,186,198,171,190,199,173,185,191,181,194,175,192,190,178,183,189,164,183,166,165,184,182,178,179,178,173,179,169,166,175,173,170,171,171,169,165,164,158,160,160,163,159,152,159,156,157,152,154,151,153,149,150,147,147,143,140,143,136,139,140,134,138,136,132,120,132,127,120,121,128,127,127,124,124,123,121,120,118,118,116,116,115,109,112,110,107,107,104,104,100,100,100,99,97,95,93,92,90,88,87,85,85,84,81
81,80,75,76,76,74,71,72,70,68,66,64,62,63,61,59,57,56,55,53,51,49,46,46,43,42,40,38,36,34,32,30,28,26,24,22,20,18,16,14,12,10,8,6,4,2,0,0,0,0,0,0,0,2,4,6,8,8,11,13,14,15,15,18,20,22,22,25,27,29,31,33,35,37,39,40,41,41,44,45,48,47,49,51,54,56,55,57,61,61,63,63,67,68,70,72,74,74,76,76,79,79,80,80,78,84,85,86,89,90,91,81,94,96,97,98,98,79,103,104,103,103,108,110,112,114,114,117,108,105,121,119,120,121,123,124,124,123,128,130,132,132,0,131,135,137,138,140,140,0,141,139,143,79,81,142,146,146,129,150,148,135,148,91,146,155,155,157,158,152,163,164,162,166,162,131,169,167,165,173,170,174,177,178,177,142,110,151,183,160,174,184,181,171,187,184,191,178,193,157,191,196,195,197,197,199,159,200,165,203,179,155,204,204,203,151,204,176,211,168,192,190,213,214,188,206,217,214,198,201,224,224,201,202,222,225,212,168,200,229,176,214,212,227,223,233,230,178,201,227,225,232,239,199,236,199,237,215,238,197,227,171,218,248,239,248,249,250,203,228,180,253,242,246,253,216,204,230,255,226,262,250,248,201,250,208,265,243,192,215,243,245,267,239,240,271,205,226,207,274,273,277,209,271,206,224,245,260,268,234,200,236,240,228,287,287,227,246,289,248,202,241,274,238,269,239,216,291,191,255,214,291,229,238,261,218,232,286,282,283,223,229,230,280,281,263,275,254,267,209,277,250,212,250,209,195,234,211,268,235,265,266,194,254,206,260,262,215,204,183,234,237,211,206,208,258,201,248,256,253,227,247,219,239,246,224,196,224,242,247,195,241,246,155,233,235,244,243,151,148,240,198,202,226,229,236,235,185,231,233,214,229,224,231,197,227,225,190,176,213,189,216,137,208,191,172,214,189,212,214,212,218,176,167,210,200,204,173,212,206,153,200,195,181,194,198,192,204,174,193,202,174,185,191,181,195,175,193,191,179,184,190,163,184,166,165,185,183,178,180,179,174,180,170,166,176,174,171,172,172,170,166,164,159,161,161,163,160,153,160,157,158,153,155,152,154,150,151,148,148,143,141,144,137,140,141,135,138,137,133,119,133,128,120,121,129,128,128,125,125,124,122,120,119,119,117,117,114,111,113,111,108,108,105,105,99,101,101,100,98,96,94,93,91,89,88,86,86,85,82
80,79,76,76,76,73,71,72,70,68,66,64,62,63,61,59,57,56,55,53,51,49,46,46,43,42,40,38,36,34,32,30,28,26,24,22,20,18,17,15,13,11,9,7,5,2,2,0,0,0,0,0,0,0,2,4,6,7,9,11,12,13,13,16,18,20,20,23,25,27,29,31,33,35,37,38,39,39,42,43,46,45,48,49,52,54,53,55,59,59,61,61,65,66,68,70,72,73,75,74,78,78,80,80,78,84,85,85,88,89,90,82,93,95,96,97,97,90,102,103,102,102,107,109,111,113,113,116,109,104,120,119,119,120,122,123,123,122,127,129,131,131,100,131,135,137,139,141,142,108,143,141,145,83,115,144,148,147,133,152,150,137,150,120,148,157,159,159,160,153,165,166,164,168,164,134,171,169,167,174,171,175,178,179,178,145,112,152,184,162,175,186,182,172,188,185,192,179,194,159,192,197,196,198,198,200,160,201,167,203,181,157,205,205,204,153,204,177,211,168,193,189,212,213,188,204,216,212,196,199,222,222,199,200,218,223,210,166,198,225,173,212,209,223,220,230,226,176,197,223,222,228,235,196,232,196,233,211,233,193,223,168,214,242,235,243,243,243,196,220,173,244,232,235,242,204,192,217,241,211,246,234,231,183,232,189,245,223,170,192,221,222,242,214,214,244,178,197,177,245,242,246,177,238,173,189,210,224,230,197,162,196,201,187,246,244,184,202,244,203,157,194,227,190,221,190,167,241,140,203,162,239,177,186,208,166,179,234,230,230,169,176,176,227,227,208,220,196,212,152,222,192,156,192,153,0,178,157,216,182,214,216,143,204,158,213,214,169,159,139,191,194,170,165,169,219,162,212,219,219,193,214,186,206,216,194,166,195,213,220,169,216,221,132,210,212,221,221,132,128,221,179,185,211,212,221,221,172,218,222,202,220,215,221,189,220,218,184,170,208,184,211,131,203,185,167,209,184,207,210,208,212,172,161,205,195,199,170,207,201,151,195,190,177,191,194,188,200,170,189,198,170,182,186,178,191,170,189,187,176,180,186,160,180,162,161,182,179,175,176,175,171,176,166,164,172,170,167,169,168,167,162,161,155,158,158,160,157,150,157,154,155,150,152,149,151,147,148,145,145,141,138,141,134,137,138,0,136,135,131,117,132,126,118,119,128,127,127,124,124,123,121,120,117,118,116,116,114,110,112,110,107,107,104,104,99,100,100,99,97,95,93,92,90,88,87,84,85,84,81
80,80,75,77,77,74,72,73,71,69,67,65,63,64,62,61,59,58,57,55,53,51,48,48,45,44,42,40,38,36,34,32,30,28,26,24,22,20,19,17,15,13,11,9,7,4,4,2,0,0,0,0,0,0,0,2,4,6,8,10,11,12,12,15,17,19,19,22,24,26,28,30,32,34,36,37,38,37,40,41,44,43,46,47,50,52,51,53,57,57,59,60,63,64,66,68,70,71,73,73,76,76,78,78,77,82,83,83,86,87,88,81,91,93,94,95,95,87,100,101,100,100,105,107,109,111,111,114,107,102,118,117,117,118,120,121,121,120,125,127,129,129,78,129,132,133,134,134,133,72,132,129,132,67,0,128,132,132,115,134,132,117,132,0,130,139,141,141,142,136,147,148,147,150,147,118,154,153,150,158,155,159,162,163,163,129,98,137,169,148,160,171,167,157,173,170,177,164,179,145,177,182,181,183,183,185,145,186,153,189,167,143,191,190,189,138,190,162,197,154,180,176,199,200,176,192,203,200,186,189,210,210,189,190,208,212,198,157,188,215,164,200,200,213,209,219,216,167,189,213,211,218,225,185,222,186,223,201,224,185,215,160,204,234,227,234,235,236,191,216,169,239,230,233,239,202,193,217,241,212,248,238,236,189,236,194,251,231,180,202,232,233,253,225,228,257,193,212,195,260,260,263,197,259,194,212,231,246,254,222,186,223,228,216,273,273,213,232,275,236,190,228,262,224,257,227,202,279,177,242,201,280,219,228,250,208,225,279,276,277,217,222,222,275,276,257,270,247,261,204,272,242,205,243,203,190,228,205,263,230,259,261,189,247,199,255,255,208,196,178,228,232,204,199,201,252,196,243,250,248,220,242,212,234,242,217,191,219,237,242,191,236,241,152,228,231,240,238,148,141,236,194,196,222,223,231,231,181,227,229,210,225,220,227,193,223,221,186,170,208,183,212,130,204,187,168,210,185,208,210,208,214,170,163,205,196,200,168,208,202,150,195,191,177,190,193,186,200,169,187,198,168,181,185,177,191,169,188,187,175,179,186,157,180,160,159,181,179,174,176,175,170,176,166,162,172,170,167,168,167,166,162,160,156,157,158,160,157,150,157,155,155,150,153,150,151,148,149,146,145,140,139,142,135,138,139,134,136,136,132,116,132,127,117,118,128,127,127,124,124,123,121,120,118,118,116,116,113,110,112,110,107,107,104,104,98,100,100,99,97,95,93,92,90,88,87,84,85,84,81
80,80,76,77,77,74,72,73,71,69,67,65,63,64,62,61,59,58,57,55,53,51,48,48,45,44,42,40,38,36,34,32,30,28,26,24,22,20,19,17,15,13,11,9,7,0,4,2,2,0,0,0,0,0,0,0,2,4,6,8,9,10,10,13,15,17,17,20,22,24,26,28,30,32,34,35,36,37,39,40,43,42,45,46,49,51,50,52,56,55,56,56,57,56,56,56,56,56,57,56,58,47,58,57,0,61,62,63,66,68,69,61,72,74,76,77,77,70,82,83,83,83,88,90,92,94,94,97,90,85,101,100,100,101,103,104,104,103,108,110,112,112,81,112,116,118,120,122,123,89,124,122,126,64,96,125,129,130,114,133,132,118,131,101,129,138,140,140,141,135,146,147,146,149,146,117,153,152,149,157,154,158,161,162,162,129,98,136,168,147,159,170,166,156,172,169,176,163,178,144,176,181,180,182,182,184,144,185,153,188,166,143,190,189,188,138,189,161,196,153,179,175,198,199,175,191,202,199,185,188,209,209,188,189,207,211,197,156,187,214,163,199,199,212,208,218,215,166,188,212,210,217,224,184,221,186,222,201,223,184,214,159,203,233,225,233,234,235,190,215,168,238,229,232,238,201,192,217,240,211,247,237,235,189,235,193,250,230,179,202,231,232,252,224,227,256,192,211,194,259,259,262,196,258,193,211,230,245,253,221,185,223,227,216,272,272,212,231,274,235,189,228,261,223,256,226,201,278,176,242,200,279,218,226,249,207,224,278,275,276,216,221,221,274,275,256,269,245,260,203,271,240,204,242,202,190,228,204,262,229,258,260,188,247,198,254,255,206,195,177,227,231,203,198,200,252,196,242,250,247,219,241,211,233,241,216,190,217,236,241,190,235,240,151,227,230,239,237,147,139,235,193,195,221,221,231,230,180,226,228,209,224,219,226,192,222,220,185,168,208,182,211,128,203,186,167,209,184,207,209,207,213,169,162,205,195,199,166,207,201,149,195,190,176,189,193,185,199,167,186,197,166,180,183,176,190,167,188,186,174,179,185,156,178,158,157,180,178,173,175,174,169,175,165,162,171,169,166,167,167,165,161,159,155,157,157,159,156,149,156,154,154,149,152,149,150,147,148,144,144,140,138,141,134,137,138,133,136,135,131,114,131,126,115,116,127,126,126,123,123,122,120,118,117,117,115,115,113,109,111,109,106,106,103,103,98,99,99,98,96,94,92,91,90,88,87,84,85,84,81
83,83,79,80,80,77,75,76,74,72,70,68,66,67,65,64,62,60,60,58,56,54,51,51,48,47,45,43,41,39,37,35,33,31,29,27,25,23,22,20,18,16,14,12,10,7,6,5,4,2,0,0,0,0,0,0,0,2,4,6,7,8,8,11,12,14,0,17,19,21,23,25,27,29,31,33,34,35,37,38,41,40,43,44,47,49,48,50,54,54,56,57,60,61,63,65,67,68,70,70,73,73,75,75,75,79,80,81,84,85,86,81,89,91,92,93,93,89,98,99,98,99,103,105,107,109,109,112,107,100,116,116,115,116,118,119,119,118,124,125,127,127,99,127,131,133,135,137,138,106,139,137,141,81,114,140,144,144,131,148,146,133,146,117,144,153,155,155,156,150,162,162,160,164,160,133,167,165,163,171,168,173,175,177,175,145,112,149,181,162,172,183,179,169,185,182,189,176,191,159,189,194,193,195,195,197,158,198,168,201,181,157,203,202,202,153,202,174,209,166,194,188,211,212,190,204,215,212,200,203,223,222,203,204,220,223,211,171,202,227,178,213,214,225,222,231,228,181,203,226,223,231,237,197,235,200,235,214,236,199,229,174,216,246,239,246,247,248,205,230,183,251,243,244,252,215,206,231,253,224,260,251,250,204,248,206,263,245,194,216,245,247,266,237,242,270,207,224,209,273,271,276,211,272,208,226,243,258,266,236,198,237,242,231,285,285,225,244,287,250,204,242,276,236,271,241,215,292,189,255,212,291,230,235,258,215,233,287,282,284,224,226,227,281,282,264,275,250,268,210,278,246,209,247,210,197,234,212,269,236,266,267,195,254,203,260,262,211,201,184,232,238,208,203,205,258,203,249,256,254,225,248,216,240,247,222,197,221,243,248,196,242,247,157,234,236,245,244,153,143,241,199,199,227,225,236,236,186,232,234,215,229,225,232,198,228,226,191,172,213,187,217,132,209,192,173,215,190,213,215,213,219,174,168,210,201,205,171,213,207,155,200,196,182,195,198,189,205,171,190,203,171,185,187,181,196,171,193,192,180,184,191,160,184,162,161,185,184,179,181,180,175,179,171,167,177,175,172,173,172,171,167,165,160,161,162,164,161,154,161,158,159,154,156,153,155,151,152,147,149,144,142,145,138,141,142,136,139,138,134,115,134,129,116,117,130,129,129,126,126,125,123,121,120,120,118,118,115,112,114,112,108,109,106,105,100,102,102,101,99,97,95,94,92,90,89,0,87,86,84
85,85,80,82,82,79,77,78,76,74,72,70,68,69,67,66,64,62,62,60,58,56,53,53,50,49,47,45,43,41,39,37,35,33,31,29,27,25,24,22,20,18,16,14,12,9,7,7,6,4,2,0,0,0,0,0,0,0,2,4,5,7,7,10,12,14,14,17,19,21,23,25,27,29,31,33,34,35,37,38,41,40,43,44,47,49,48,50,54,54,56,57,59,60,62,64,66,67,69,69,72,72,74,74,74,78,79,80,83,84,85,80,88,90,91,92,92,87,97,98,98,98,103,105,107,109,109,112,107,100,116,115,115,116,118,119,119,118,123,125,127,127,98,127,131,133,134,135,135,103,134,131,134,0,104,131,134,135,121,138,137,123,136,106,134,143,145,145,146,140,151,152,151,154,151,124,158,157,154,162,159,163,166,167,167,136,105,141,173,154,164,175,171,161,177,174,181,168,183,151,181,186,185,187,187,189,149,190,160,193,173,148,195,194,193,145,194,166,201,158,186,180,203,204,182,196,207,204,192,195,214,214,195,196,212,215,202,164,194,219,170,204,206,217,213,223,220,174,195,217,215,222,229,189,226,192,227,205,228,191,221,167,208,238,231,238,239,240,197,222,176,243,236,236,243,206,199,224,245,216,252,244,242,197,240,198,255,237,187,208,237,239,257,229,234,261,200,216,202,264,263,267,204,265,201,219,235,250,258,228,190,230,234,224,277,277,216,236,278,241,196,233,267,228,262,232,205,283,179,245,201,282,220,225,248,205,223,277,273,274,214,216,217,271,272,254,265,240,258,200,268,236,199,237,200,188,224,202,259,226,256,257,186,244,193,250,252,201,191,175,222,228,198,193,195,248,193,239,247,244,214,238,206,230,237,211,187,211,233,238,186,232,237,148,224,226,235,234,144,132,231,189,189,217,215,226,226,176,222,224,205,219,215,222,188,218,215,181,161,203,175,206,120,198,181,162,204,179,202,204,202,208,162,157,199,190,194,159,202,196,144,190,185,171,184,188,177,194,159,178,192,0,174,177,172,188,163,187,187,176,182,190,159,185,162,161,186,184,179,181,180,175,180,171,167,177,175,172,173,172,171,167,165,161,162,163,165,162,155,162,159,159,154,157,154,155,152,153,147,149,144,143,146,139,142,143,138,140,140,136,117,136,131,118,119,132,131,131,128,128,127,125,124,122,122,120,120,117,115,117,115,111,112,109,108,103,105,105,104,102,100,98,97,95,93,92,88,90,89,86
86,86,81,83,83,80,78,79,77,75,73,71,69,70,68,67,65,62,63,61,59,57,54,54,51,50,48,46,44,42,40,38,36,35,33,31,29,27,26,24,22,20,18,16,14,11,9,9,8,6,4,2,0,0,0,0,0,0,0,2,2,4,0,7,9,11,11,14,16,18,20,22,24,26,28,30,31,32,34,35,38,37,40,41,44,46,45,47,51,51,53,54,57,58,60,62,64,65,67,67,70,70,72,72,72,76,77,78,81,82,83,80,86,88,90,91,91,89,96,97,97,98,102,104,106,108,108,111,108,99,115,115,114,115,117,118,118,117,122,124,126,126,100,126,130,132,134,136,137,107,138,136,140,82,115,139,143,143,132,147,145,132,145,116,143,152,154,154,155,149,161,161,159,163,159,134,166,164,162,170,167,172,174,175,174,146,114,148,180,163,171,183,178,168,184,181,188,175,190,160,188,193,192,194,195,196,157,197,169,200,182,159,203,201,201,154,201,173,208,165,195,187,210,211,191,203,214,211,201,204,221,221,204,205,220,222,210,173,203,226,179,211,215,224,220,230,228,183,204,224,222,230,235,196,234,201,234,212,234,200,230,175,215,244,238,245,246,247,206,231,185,250,244,243,251,213,208,232,252,223,259,251,251,206,247,205,262,246,196,217,246,248,264,236,243,269,209,223,210,272,271,275,212,272,209,226,242,257,264,237,197,237,243,232,284,284,222,242,284,247,201,238,271,230,265,234,205,282,178,246,200,282,221,224,247,204,224,278,272,275,215,215,216,272,273,255,264,239,259,201,269,235,198,237,201,188,225,203,260,227,257,258,186,245,192,249,253,199,190,175,222,229,197,192,194,249,194,240,247,245,213,239,205,231,238,211,188,210,234,239,187,233,238,148,225,227,236,236,144,0,235,192,192,223,219,233,234,184,231,234,216,229,228,235,201,231,229,194,172,216,188,220,131,212,195,176,218,193,216,218,216,222,174,171,213,204,208,171,216,210,157,203,199,185,198,201,190,208,172,191,206,172,186,188,183,199,172,196,195,183,187,194,161,187,163,162,188,187,182,184,183,178,181,174,170,180,178,175,176,175,174,170,168,163,164,165,167,164,157,164,161,161,156,159,156,157,154,155,148,152,147,145,148,141,144,145,139,142,141,137,116,137,132,117,118,133,132,132,129,129,128,126,125,123,123,121,121,118,116,118,115,110,113,110,109,104,106,106,105,103,101,99,98,96,94,93,89,91,90,87
85,85,80,82,82,79,77,78,76,74,72,70,68,69,67,66,64,0,62,61,59,58,55,55,52,51,49,47,45,43,41,39,37,36,34,32,31,29,28,26,24,22,20,18,16,13,10,11,10,8,6,4,2,0,0,0,0,0,0,0,2,4,4,7,9,11,11,14,16,18,20,22,24,26,28,30,31,32,34,35,38,37,40,41,44,46,45,47,51,51,53,54,57,58,60,62,64,65,67,67,70,70,72,72,73,76,77,78,81,82,83,80,86,88,89,90,90,89,95,96,96,96,101,103,105,107,107,110,107,98,114,113,113,114,116,117,117,116,122,123,125,125,100,125,129,131,133,135,136,106,137,135,139,82,115,138,142,142,131,146,144,131,144,115,142,151,153,153,154,148,160,160,158,162,158,133,165,163,161,169,165,170,172,174,172,144,112,146,178,161,169,180,176,166,182,179,186,173,187,158,185,190,190,192,191,194,155,195,167,198,180,156,200,199,198,152,198,170,205,162,192,184,207,208,187,199,209,207,196,200,217,217,199,200,214,217,205,168,198,221,174,207,210,219,216,225,222,178,199,219,217,225,230,191,229,196,229,208,229,195,225,170,210,239,232,240,240,241,200,225,179,244,238,237,245,208,202,226,246,216,253,245,245,201,241,199,256,240,190,211,240,242,258,229,237,262,202,217,204,265,264,267,205,263,200,216,231,245,252,224,183,223,228,217,267,266,205,224,266,230,184,221,254,212,248,217,189,265,161,229,184,265,204,207,230,187,207,261,255,257,197,197,198,254,255,237,246,221,241,183,251,217,180,218,183,171,207,185,242,209,239,240,168,227,174,231,235,182,172,158,203,211,179,174,176,231,176,222,228,227,195,220,186,212,219,192,169,191,215,220,168,214,219,130,206,208,217,216,126,111,213,171,169,199,194,208,208,157,204,206,186,199,196,203,169,199,196,162,140,184,155,187,0,179,161,142,187,162,186,190,189,196,150,147,189,181,187,152,195,191,140,185,183,169,185,188,177,197,161,182,198,165,180,183,178,196,169,195,194,182,186,193,160,186,162,161,186,186,180,183,181,177,180,173,169,179,177,174,175,174,173,169,167,162,163,164,166,163,156,163,160,160,155,158,155,156,153,154,145,151,146,144,147,140,143,144,138,141,140,136,115,136,131,116,117,132,131,131,128,128,127,125,124,122,122,120,120,117,114,117,115,108,112,109,108,103,105,105,104,102,100,98,97,95,93,92,88,90,89,86
86,86,81,83,83,80,78,79,77,75,73,72,70,71,69,68,66,63,64,62,60,58,55,55,52,51,49,47,45,43,41,39,37,36,34,32,30,28,27,25,23,21,19,17,15,12,0,10,10,8,7,6,4,2,0,0,0,0,0,0,0,2,2,5,7,9,10,12,14,16,18,20,22,24,26,28,29,30,32,33,36,35,38,39,42,44,43,45,49,49,51,52,55,56,58,60,62,63,65,65,68,68,70,70,71,74,75,76,79,80,81,79,84,86,88,89,89,89,94,95,95,96,99,101,103,105,105,108,106,96,112,112,111,112,114,114,115,114,120,121,123,123,99,124,127,129,131,133,134,105,135,132,135,81,112,135,139,139,129,143,141,128,141,112,140,148,150,150,151,146,157,157,155,159,156,131,162,160,159,165,163,166,168,170,168,142,110,142,174,159,166,177,172,162,177,174,181,169,183,154,182,186,185,187,188,189,150,190,164,193,176,153,196,194,194,149,194,166,201,158,189,181,203,204,186,196,207,204,194,197,214,214,197,198,212,215,202,167,196,219,173,204,208,217,213,223,220,177,197,216,215,222,228,188,226,194,227,205,227,193,223,169,208,237,230,238,238,239,198,223,178,242,237,235,242,205,201,225,244,215,251,243,243,199,239,196,254,238,188,209,238,240,255,227,235,259,201,215,202,262,262,265,204,263,201,218,233,248,255,229,187,229,234,224,274,273,212,231,273,237,192,228,261,219,255,224,195,272,167,236,190,272,212,214,237,194,214,268,262,265,206,205,206,262,263,245,254,229,249,191,259,225,188,226,192,179,215,193,250,217,247,248,177,235,182,239,243,190,180,166,211,219,187,182,184,239,185,230,237,235,202,228,194,220,227,199,178,199,223,228,177,222,227,138,214,216,225,224,134,120,221,179,177,207,203,216,216,166,212,214,195,207,205,212,178,208,206,171,150,193,163,197,108,189,171,153,194,170,192,195,192,198,150,147,189,180,184,147,192,186,134,180,175,161,175,178,166,184,148,167,182,149,163,165,159,176,148,173,171,159,164,170,137,164,140,138,165,163,158,160,159,154,157,150,146,156,154,151,152,151,150,146,144,139,140,141,143,140,133,140,137,138,133,135,132,134,130,131,123,128,123,121,124,117,120,120,114,117,116,112,90,112,107,89,91,108,0,109,107,108,108,107,108,107,108,107,109,107,106,109,109,102,108,106,106,102,105,105,104,102,100,98,98,96,94,93,89,91,90,87
90,90,85,87,87,84,82,83,81,79,77,76,74,75,73,72,70,67,68,66,64,62,59,59,56,55,53,51,49,47,45,43,41,40,38,36,34,32,31,29,27,25,23,21,19,16,13,14,13,11,9,8,6,4,2,0,0,0,0,0,0,0,2,4,6,8,9,11,13,15,17,19,21,23,25,27,28,29,31,32,35,34,37,38,41,43,42,44,48,48,50,52,54,55,57,59,61,62,64,64,67,67,69,69,70,73,74,75,78,79,80,79,83,85,87,88,88,90,93,94,94,95,99,101,103,105,105,108,108,96,112,112,111,112,114,116,115,114,120,121,123,123,101,124,127,129,131,133,134,106,135,134,137,84,116,137,140,142,132,144,143,129,143,113,141,149,151,151,153,147,158,158,157,160,157,134,163,162,160,167,164,168,170,172,171,146,114,144,176,162,167,179,174,164,179,176,183,171,184,158,183,187,187,189,190,191,153,192,168,195,180,157,198,196,197,153,196,169,203,160,193,183,205,207,188,198,208,206,197,201,215,216,200,201,214,216,204,170,199,220,176,205,211,218,214,224,222,180,199,218,216,223,229,189,227,197,227,205,228,195,225,172,208,237,231,238,239,240,200,226,181,242,238,236,243,206,204,226,245,215,251,244,245,201,240,196,254,240,189,210,238,239,253,223,232,255,197,208,196,255,254,256,196,252,191,207,220,234,241,215,171,214,219,207,257,256,194,214,256,221,175,212,245,202,239,208,177,254,149,220,172,254,195,196,219,176,198,252,244,248,187,186,186,245,245,227,235,209,231,173,241,205,168,207,173,160,197,175,232,199,229,230,158,217,162,219,225,169,160,147,192,201,167,162,164,221,166,212,218,217,182,210,174,202,210,180,159,179,205,211,158,205,209,119,196,198,207,206,115,99,204,161,157,189,0,198,198,147,196,198,180,192,192,200,167,198,196,162,138,185,154,188,0,180,162,143,188,163,186,191,190,196,148,148,190,182,188,150,196,192,138,186,184,170,186,189,176,198,160,181,199,164,179,182,177,197,168,196,195,184,189,196,161,189,163,162,188,189,183,186,184,180,181,176,172,182,180,177,178,177,176,172,170,166,167,168,170,167,160,167,164,164,159,162,159,160,157,158,147,155,150,148,151,144,147,148,142,145,144,140,117,140,135,118,119,136,135,135,132,132,131,129,128,126,126,124,124,121,119,121,119,111,116,113,112,107,109,109,108,106,104,102,101,100,98,97,93,95,94,91
90,90,85,87,87,84,82,83,81,79,77,76,74,75,73,72,70,67,68,66,64,63,60,60,57,56,54,53,51,49,47,45,43,42,40,38,36,33,33,31,29,27,25,23,21,18,15,16,15,13,11,10,8,6,4,2,0,0,0,0,0,0,0,2,4,6,8,10,12,14,16,18,20,22,24,26,27,28,30,31,34,33,36,37,40,42,41,43,47,47,49,51,53,54,56,58,60,61,63,63,66,66,68,68,69,72,73,74,77,78,79,78,82,84,86,87,87,90,92,93,93,95,98,100,102,104,104,107,107,95,111,111,110,111,113,115,114,113,119,120,122,122,102,123,125,127,129,131,131,104,132,131,134,83,114,134,137,138,130,141,139,126,140,110,139,146,148,147,150,145,154,154,152,154,152,128,155,154,151,156,153,155,155,157,155,130,97,126,157,144,148,158,153,140,155,151,157,145,157,130,155,156,156,156,156,156,117,155,131,156,141,118,156,154,153,109,0,122,156,111,147,137,158,161,144,153,164,162,153,157,171,172,157,159,171,175,163,128,158,179,135,163,170,178,173,183,180,139,159,177,175,183,189,147,187,157,188,165,189,156,187,133,169,199,193,200,201,202,163,188,143,205,200,199,205,167,167,189,207,178,215,207,209,165,203,159,218,204,154,175,205,206,220,192,202,224,169,180,169,228,228,231,172,229,169,186,199,214,222,197,152,197,202,192,241,241,181,200,243,210,165,202,236,192,231,201,170,249,143,217,169,251,194,195,219,177,199,254,247,252,193,192,193,253,254,237,245,220,243,186,254,219,183,221,190,178,214,193,251,218,249,251,180,239,185,242,249,195,185,175,218,229,196,191,194,251,198,242,249,248,214,241,206,233,241,211,191,211,237,241,191,236,240,152,228,230,239,238,148,135,235,193,190,221,217,231,231,181,227,229,210,220,220,227,193,223,221,186,163,208,177,212,124,204,187,169,210,185,207,211,208,215,166,164,205,196,201,163,208,203,150,195,192,178,191,194,181,201,162,182,199,164,178,180,174,193,164,190,189,177,181,189,154,182,156,155,181,183,177,179,179,174,175,170,166,176,174,171,172,171,170,166,164,160,161,163,165,162,155,162,160,161,156,158,156,157,154,155,145,151,147,145,148,142,145,146,140,143,142,138,115,138,134,116,117,134,134,133,131,131,130,128,127,125,125,123,123,120,118,120,118,0,115,112,110,107,109,109,108,106,104,102,101,100,98,97,93,95,94,91
90,90,85,87,87,84,82,83,81,79,77,76,74,75,73,72,70,67,68,66,64,63,60,60,57,56,54,53,51,49,47,45,43,42,40,38,36,33,33,30,30,28,26,24,22,19,16,17,16,14,12,11,9,7,5,2,2,0,0,0,0,0,0,0,2,4,6,8,10,12,14,16,18,20,22,24,25,26,28,29,32,31,34,35,38,40,39,41,45,45,47,49,51,52,54,56,58,59,61,61,64,0,66,66,67,70,71,72,75,76,77,76,80,82,84,85,85,88,90,91,91,93,96,98,100,102,102,105,105,93,109,109,108,109,111,113,112,111,117,118,120,120,101,121,123,125,127,129,129,102,130,129,132,83,113,132,135,137,129,139,137,124,138,108,137,144,146,145,148,143,153,152,152,154,152,129,155,154,151,156,153,155,155,157,155,130,99,126,156,145,148,158,153,140,155,151,157,145,157,131,155,156,156,157,156,156,117,155,132,156,142,119,156,154,154,111,137,122,155,109,145,133,0,158,140,149,160,158,150,154,167,168,154,156,168,171,159,126,155,175,133,159,167,174,169,180,178,138,157,175,172,181,186,144,185,156,185,162,186,155,185,132,166,196,191,197,198,199,162,186,141,202,198,196,203,164,166,188,204,175,212,205,207,164,200,156,215,202,153,174,203,204,218,189,200,222,168,177,168,226,226,229,171,227,168,185,196,211,219,195,149,196,201,190,239,239,178,198,241,209,164,201,234,190,229,199,167,247,140,216,166,249,193,192,216,174,198,252,245,250,192,189,190,251,252,236,243,217,242,185,252,216,180,219,189,177,213,192,250,216,247,250,179,238,182,240,248,191,182,174,216,228,193,188,191,251,198,242,250,248,213,242,205,234,241,211,192,211,238,242,192,236,241,153,228,231,240,239,149,136,236,194,189,221,218,232,232,181,228,230,211,220,220,228,194,224,222,187,162,209,177,213,125,204,188,170,210,186,207,212,209,216,165,165,206,197,202,162,209,204,149,196,193,179,192,195,181,202,162,182,200,164,177,179,174,194,164,191,190,178,182,190,154,183,156,154,181,184,177,180,180,175,175,171,167,177,175,172,173,172,171,167,165,161,161,164,166,163,156,163,161,162,157,159,157,158,155,155,146,152,148,146,149,143,146,147,141,144,143,139,115,139,135,116,117,135,135,134,132,132,131,129,128,126,126,124,124,121,119,121,119,110,116,113,111,107,109,109,108,106,104,102,101,100,98,97,93,95,94,91
88,89,84,86,86,83,81,82,80,78,76,75,73,74,72,71,69,66,67,65,63,62,59,59,56,55,53,52,50,48,46,44,42,41,39,37,35,0,32,31,29,28,26,24,22,19,16,17,17,15,13,12,10,8,7,4,4,2,0,0,0,0,0,0,0,2,4,6,8,10,12,14,16,18,20,22,23,24,26,27,30,29,33,34,37,39,38,40,44,44,46,48,50,51,53,55,57,58,60,60,63,63,65,65,66,69,70,72,74,75,76,74,79,81,83,84,84,87,89,90,90,92,95,97,99,101,101,104,103,92,108,107,107,108,110,110,110,110,116,117,119,120,101,121,124,126,128,130,131,101,132,129,132,84,114,132,136,137,130,140,138,125,138,107,138,145,147,147,149,143,153,154,152,156,154,132,159,157,157,162,160,163,165,167,165,143,111,138,171,160,164,174,169,159,174,171,178,166,179,155,179,182,182,184,185,186,147,187,165,190,177,154,192,190,191,150,190,162,196,153,189,177,199,201,185,192,203,201,193,195,209,210,196,197,208,210,197,166,195,214,172,198,207,212,208,219,216,176,196,212,210,218,223,183,222,193,223,199,222,192,222,168,203,232,225,233,233,234,197,222,177,237,232,230,238,199,200,223,239,210,246,238,241,198,234,191,249,237,187,208,237,239,251,222,234,255,200,210,201,258,258,260,202,256,197,213,224,238,245,222,174,220,225,214,261,260,199,218,260,227,181,218,251,206,245,214,181,258,152,226,176,258,201,201,223,180,204,257,248,254,194,191,192,251,252,234,239,214,238,180,248,210,174,212,181,168,204,182,239,206,236,237,165,224,168,224,232,175,165,154,197,208,172,167,169,228,174,219,225,224,187,217,179,209,216,185,167,184,212,217,165,211,216,127,203,205,214,213,123,110,210,168,162,196,190,205,205,154,200,202,183,191,194,200,166,197,194,159,133,181,148,185,97,177,159,140,182,157,176,182,179,185,133,134,176,167,171,130,179,173,116,166,162,148,162,164,149,171,131,150,169,132,146,148,142,163,131,160,158,146,150,157,120,150,123,121,148,150,144,147,146,141,140,137,133,143,141,137,138,136,135,131,129,124,125,126,128,125,117,124,121,122,117,119,116,117,109,114,0,112,109,109,114,109,114,116,112,115,116,114,89,116,113,93,95,116,116,117,115,116,116,115,116,114,115,114,115,113,112,115,114,99,113,111,107,105,107,107,106,104,102,100,99,98,96,95,91,93,92,89
92,92,87,89,89,86,84,85,83,81,79,78,76,77,75,74,72,69,70,68,66,65,62,62,59,58,56,55,53,51,49,47,45,44,42,40,38,34,35,32,31,29,27,25,23,20,17,18,17,15,13,12,10,8,7,0,4,2,2,0,0,0,0,0,0,0,2,4,6,8,10,12,14,16,18,20,21,22,24,25,28,27,31,32,35,37,36,38,42,42,44,46,48,49,51,53,55,56,58,58,61,61,63,63,64,67,68,70,72,74,75,74,78,80,82,83,83,86,88,89,89,91,94,96,98,100,100,103,103,91,107,107,106,107,109,111,110,109,115,116,118,119,101,120,123,125,127,129,130,100,131,130,133,85,116,133,136,138,131,140,139,125,139,107,138,145,147,147,149,143,153,154,153,155,154,133,159,158,156,162,160,164,166,167,167,145,114,139,172,162,164,176,171,159,175,172,179,167,181,157,180,183,183,184,186,186,148,187,166,189,178,155,192,190,191,152,190,163,196,153,190,178,198,201,186,191,203,200,193,195,208,209,196,197,207,209,196,167,195,212,172,197,207,211,207,218,215,177,195,211,209,216,222,182,220,193,221,197,221,191,221,169,201,230,224,230,229,230,193,217,172,230,225,222,229,189,191,213,227,198,233,225,227,184,218,174,232,220,169,189,218,219,229,200,211,231,177,185,176,232,230,233,175,229,171,186,196,211,217,195,146,193,198,187,234,232,171,190,232,200,155,190,224,177,217,186,152,231,123,199,147,230,173,172,194,151,176,229,220,226,165,161,162,222,223,204,210,184,208,150,218,178,143,180,150,137,173,150,208,174,204,205,133,191,134,191,198,0,130,122,162,176,140,135,139,200,146,193,201,201,164,196,158,188,198,166,150,168,197,203,153,199,205,116,194,196,205,205,116,104,205,163,159,194,190,205,206,156,203,206,187,197,199,207,174,204,203,169,142,193,160,198,112,192,175,158,200,176,197,203,202,208,157,160,201,193,199,159,207,203,150,197,194,181,196,199,185,208,168,188,207,171,184,185,181,201,170,198,197,185,189,196,159,189,161,160,186,189,182,186,184,180,179,176,172,182,180,177,178,176,176,172,170,166,167,169,170,168,161,168,166,165,161,164,161,162,159,159,150,155,152,149,153,146,149,150,144,147,146,142,115,142,136,116,117,138,137,137,134,134,133,130,130,127,128,126,126,123,121,123,121,112,118,115,111,109,111,111,110,108,106,104,103,102,100,99,95,97,96,93
93,93,88,90,90,87,85,86,84,82,80,79,77,78,76,75,73,70,71,69,67,66,63,63,60,59,57,56,54,52,50,48,46,45,42,42,40,36,37,34,34,32,30,28,26,23,20,21,20,18,16,15,13,11,10,7,7,5,4,2,0,0,0,0,0,0,0,2,4,6,8,10,12,14,16,18,19,20,22,23,26,25,29,30,33,35,34,36,40,40,42,44,46,47,49,51,53,54,56,56,59,60,61,61,62,65,66,68,70,72,73,72,76,78,80,81,81,84,86,87,87,89,92,94,96,98,98,101,101,89,105,105,104,105,107,109,108,107,113,114,116,117,101,119,121,123,125,127,128,98,129,128,131,85,116,131,134,136,131,138,136,123,137,105,136,143,144,144,146,140,150,150,150,152,151,132,156,155,154,159,158,160,162,165,163,143,112,135,168,159,160,172,167,156,171,168,175,164,176,154,176,179,179,182,182,183,145,183,165,186,176,153,189,187,189,149,188,160,193,149,187,174,195,198,183,188,197,194,189,188,201,201,187,188,197,198,185,155,182,199,159,182,191,194,189,199,195,157,175,189,187,193,198,157,195,168,194,170,193,163,192,138,170,198,192,197,197,197,161,184,0,197,192,188,197,157,162,184,199,169,205,199,201,159,194,149,209,198,148,170,198,199,211,182,194,215,162,169,163,218,217,221,165,219,162,179,187,204,211,189,142,190,195,185,231,231,170,190,233,203,157,195,228,182,223,193,159,239,132,209,158,241,186,183,205,162,189,240,232,239,179,174,175,236,237,219,224,198,223,166,233,192,157,196,166,154,190,167,225,190,220,223,150,209,151,208,217,141,147,140,180,193,155,149,151,213,159,203,210,208,170,202,163,194,201,168,152,167,196,202,150,195,200,111,186,190,198,197,107,95,194,152,144,179,174,189,189,138,184,186,166,172,176,183,149,180,177,142,113,164,130,167,79,158,141,123,163,139,157,164,161,167,113,116,157,148,152,107,159,153,0,148,146,134,149,153,137,162,120,141,163,124,140,142,139,162,129,161,161,150,155,164,126,158,130,130,157,163,155,162,161,158,156,156,153,163,163,160,162,162,162,159,159,156,158,160,163,161,155,164,162,163,159,161,159,160,157,157,148,155,150,148,151,144,147,148,143,145,145,141,113,141,136,114,115,137,136,136,133,133,132,130,129,127,127,125,125,122,120,123,122,113,119,116,109,110,112,110,111,109,107,105,104,103,101,100,96,98,97,94
96,96,90,93,93,90,88,89,87,85,83,82,80,81,78,78,76,73,74,72,70,69,66,66,63,62,60,59,57,55,54,52,50,49,46,45,43,39,40,37,36,34,32,30,28,25,22,23,22,20,18,17,15,12,12,9,9,7,6,4,2,0,0,0,0,0,0,0,2,4,6,8,10,12,14,16,17,18,20,21,24,23,27,28,30,32,31,0,36,36,38,40,42,43,45,47,49,51,53,53,56,57,58,58,59,62,63,65,67,69,70,69,73,75,77,78,78,81,83,84,84,86,89,91,93,95,95,98,98,86,102,102,101,102,104,106,105,104,110,111,113,114,99,116,117,118,119,119,118,88,117,115,117,71,100,114,116,117,109,117,114,0,115,44,115,122,123,123,126,121,131,131,131,133,133,114,137,137,136,141,140,143,145,148,148,127,97,119,152,145,146,156,152,140,156,153,160,149,162,141,163,165,164,167,168,168,129,169,151,172,163,141,175,173,175,137,176,146,180,136,174,161,184,185,173,177,189,186,182,182,195,196,184,187,195,198,184,157,186,202,163,186,197,200,196,207,204,168,187,201,198,207,212,170,211,184,211,187,211,183,212,161,191,221,215,222,222,223,189,214,169,226,222,220,227,187,193,215,228,200,235,228,231,191,223,180,238,229,180,200,230,231,241,212,226,245,194,200,195,248,248,251,197,249,194,211,219,233,241,221,171,221,226,216,261,261,201,220,263,234,189,226,260,212,255,225,189,269,162,240,188,271,218,216,237,195,223,274,266,276,217,211,213,276,277,260,264,239,266,210,277,238,202,240,212,201,236,214,271,238,267,269,198,255,197,254,263,207,193,188,226,241,201,196,198,260,207,251,258,256,218,250,209,243,250,215,201,216,246,250,201,244,249,162,236,240,249,246,158,145,245,203,194,230,226,239,240,189,235,237,219,224,228,236,202,231,229,195,165,216,181,220,134,212,196,177,218,194,211,219,216,224,169,173,213,206,210,166,218,212,157,204,201,187,199,202,185,210,166,186,208,168,181,182,178,201,167,197,197,184,188,197,156,188,159,158,185,190,181,187,186,180,177,176,172,183,181,178,179,177,177,173,170,167,167,170,172,169,162,168,167,167,162,165,162,163,160,158,151,158,152,152,155,148,151,152,147,149,148,145,115,145,140,116,117,141,140,140,137,137,136,134,132,131,131,128,129,125,124,126,125,116,122,119,111,112,115,114,114,112,110,108,107,106,104,103,99,101,100,97
98,98,92,95,95,92,90,91,89,87,85,84,82,83,80,80,78,75,76,74,72,71,68,68,65,64,62,61,59,57,56,54,52,51,48,47,45,41,42,39,38,36,34,32,30,27,24,25,24,22,20,19,17,14,14,11,11,9,8,6,4,2,0,0,0,0,0,0,0,2,4,6,8,10,12,14,16,17,19,20,23,22,26,27,29,31,30,33,36,36,38,40,42,43,45,47,48,50,51,0,54,50,56,57,57,60,61,63,65,67,68,67,71,72,74,74,0,77,79,80,80,82,85,87,89,91,91,94,94,82,98,98,98,99,101,103,102,101,106,108,110,111,96,112,115,117,119,121,122,92,122,122,125,81,111,125,128,131,125,132,131,115,131,99,130,137,139,139,141,136,146,146,146,148,147,129,152,152,150,156,155,158,160,162,162,142,113,134,167,160,160,171,167,154,171,168,175,164,177,156,177,180,179,182,183,183,145,184,166,187,178,157,190,188,190,153,191,161,195,152,189,176,198,199,188,192,203,200,197,196,209,209,198,201,209,212,198,172,199,215,177,198,210,213,208,219,217,182,200,214,210,219,225,182,223,198,223,200,224,197,225,175,203,234,228,234,235,236,203,227,183,239,235,233,240,201,207,229,241,212,248,241,244,205,236,192,251,242,194,214,243,244,254,225,239,258,208,212,209,261,261,264,211,262,208,225,231,246,254,235,183,235,240,230,274,274,213,233,276,248,203,240,273,225,268,238,201,282,174,254,200,284,232,227,250,207,237,287,279,289,231,223,223,287,288,270,273,248,274,218,284,242,206,245,217,206,241,219,276,242,271,274,203,260,200,258,268,212,196,193,230,246,205,199,201,265,212,255,263,260,221,255,213,248,254,219,206,219,251,255,206,248,254,167,240,245,254,251,163,150,250,208,197,234,231,244,245,193,240,242,224,227,232,241,207,236,233,200,168,221,185,225,139,216,201,182,222,199,215,222,221,228,171,177,218,210,214,168,222,216,160,208,205,191,203,206,187,214,169,188,212,170,183,185,181,205,169,201,201,188,192,200,158,189,160,159,187,193,182,190,189,183,178,179,175,186,184,181,182,180,180,176,173,170,169,172,173,171,164,170,169,169,164,167,164,165,162,160,153,160,153,154,157,149,153,154,149,150,151,147,115,147,142,116,117,143,142,142,139,139,138,136,134,133,133,131,130,127,126,129,127,118,124,121,111,114,117,116,116,114,112,110,109,108,106,105,101,103,102,99
98,98,92,95,95,92,90,91,89,87,85,84,82,83,80,80,78,75,76,74,72,71,68,68,65,64,62,61,59,57,56,54,52,51,48,47,45,41,42,39,38,36,34,32,30,27,24,25,24,22,20,19,17,0,14,11,11,10,9,8,6,4,2,0,0,0,0,0,0,0,2,4,6,8,10,12,14,15,17,18,21,20,24,25,28,30,29,32,35,35,37,39,41,43,45,47,49,51,53,52,56,57,58,58,59,62,63,65,67,69,70,69,73,75,77,78,77,81,83,84,84,86,89,91,93,95,95,98,98,86,102,102,101,102,104,106,105,104,110,111,113,114,100,115,118,120,122,124,125,95,126,125,128,84,115,128,131,134,128,135,134,120,134,101,133,140,142,142,144,139,149,149,149,151,150,133,155,156,153,159,158,162,163,166,166,146,116,137,170,163,163,174,170,159,174,171,178,167,180,160,180,183,182,185,186,186,148,187,170,190,182,159,193,191,193,156,195,164,198,154,192,179,202,203,191,194,205,202,200,198,212,212,200,203,211,213,200,174,201,217,179,201,212,215,211,221,219,184,202,215,213,221,226,185,225,200,225,201,225,199,227,176,206,235,229,236,236,237,204,228,184,240,236,233,241,201,207,230,242,213,249,242,245,206,237,193,252,243,195,215,243,245,254,225,240,258,208,213,209,261,261,264,211,262,208,223,230,246,253,234,184,234,240,229,273,272,210,230,272,243,198,234,266,218,260,229,193,271,164,242,188,271,217,213,235,191,220,270,261,270,211,203,204,267,268,251,253,227,255,197,264,222,186,225,198,185,221,199,256,222,252,254,182,241,180,238,249,192,177,172,210,225,185,179,181,245,191,235,242,240,201,234,192,226,232,198,184,197,229,234,183,227,233,144,219,222,231,230,140,127,227,185,175,212,208,222,222,171,218,220,201,206,210,218,184,213,211,176,0,199,162,204,117,197,181,163,205,182,200,209,208,215,160,166,208,200,205,161,214,210,155,204,202,188,203,207,188,215,171,190,213,172,185,186,183,206,170,203,202,190,194,201,160,191,161,161,188,194,184,191,190,185,179,181,177,187,185,182,183,182,181,177,175,171,172,173,175,172,165,172,169,169,164,167,164,165,162,160,154,159,154,153,156,149,152,153,148,150,150,146,115,146,141,116,117,142,141,141,139,139,138,136,135,132,133,131,131,128,125,129,127,118,124,121,110,114,117,116,116,114,112,110,109,108,106,105,101,103,102,99
101,101,95,98,98,95,93,94,92,90,88,87,85,86,83,83,81,78,79,77,75,74,71,71,68,67,65,64,62,60,59,57,55,54,51,50,48,44,45,42,41,39,37,35,33,30,27,28,27,25,23,22,20,17,17,14,14,12,11,10,8,6,4,2,0,0,0,0,0,0,0,2,4,6,8,10,12,13,15,16,19,18,22,23,26,28,27,30,33,33,35,37,39,41,43,45,47,49,51,51,54,55,56,57,57,60,61,63,65,67,68,67,71,73,75,76,76,79,81,82,82,84,87,89,91,93,93,96,96,84,100,100,99,100,102,104,103,102,108,109,111,112,99,114,116,118,120,122,123,93,124,123,126,84,114,127,129,132,126,133,131,118,132,99,132,138,140,139,142,137,147,146,146,147,146,128,148,147,145,149,146,147,147,148,146,126,96,115,147,141,139,148,143,0,145,141,149,138,151,132,152,154,155,157,158,158,120,160,144,163,156,134,166,165,167,132,170,138,172,128,166,153,176,177,167,169,181,178,176,174,187,188,176,181,187,190,177,152,180,194,158,178,189,192,188,199,196,163,181,193,190,199,204,162,203,179,204,178,204,178,205,157,184,214,208,215,215,216,184,209,165,219,215,213,220,180,189,211,221,193,228,221,224,187,216,172,231,224,175,195,225,226,234,205,221,238,190,193,190,241,241,244,193,242,190,206,211,226,234,216,164,216,221,211,254,254,194,213,256,229,185,221,255,205,250,220,182,262,155,235,181,264,213,209,230,188,218,267,259,269,213,204,206,271,272,255,257,231,261,205,272,229,195,233,209,198,232,211,267,234,263,265,194,252,191,248,260,204,188,184,220,238,195,190,193,256,204,248,254,253,213,246,204,240,245,210,198,210,243,247,197,241,245,159,233,236,245,243,155,143,242,199,189,226,223,236,237,185,232,234,216,219,225,233,199,228,226,192,159,213,176,217,132,208,193,175,214,191,206,216,213,221,164,170,210,203,207,160,215,209,154,201,198,184,196,199,180,207,160,181,205,162,176,177,173,198,161,194,194,181,185,194,151,183,153,152,180,188,176,184,184,177,0,175,147,184,183,181,183,182,181,177,174,171,171,174,176,173,166,172,170,171,166,168,165,167,164,160,156,161,156,156,159,152,155,156,151,153,152,149,116,149,144,117,118,145,144,144,142,142,141,139,137,135,136,134,133,130,128,132,130,121,127,124,110,116,120,119,119,117,115,113,112,111,109,108,104,106,105,102
103,103,97,100,100,97,95,96,94,92,90,89,87,88,85,85,83,80,81,79,77,76,73,73,70,69,67,66,64,61,61,59,57,56,53,52,50,46,47,44,43,41,39,37,35,32,29,30,29,27,25,24,22,19,19,16,16,14,13,12,10,8,6,4,2,0,0,0,0,0,0,0,2,4,6,8,10,11,13,14,17,16,20,21,24,26,25,29,31,31,33,35,37,39,41,43,45,47,49,49,52,53,54,55,55,58,59,61,63,65,66,66,70,72,74,75,75,78,80,81,81,83,86,88,90,92,92,95,95,83,99,99,99,100,102,104,103,102,107,109,111,112,100,112,115,117,119,121,122,91,122,122,125,84,114,125,128,131,125,132,131,120,132,99,131,138,140,140,142,137,146,147,146,148,147,132,152,153,150,156,155,159,160,161,163,143,115,134,166,161,159,170,167,157,170,167,174,163,176,158,175,178,178,180,181,181,143,182,166,184,179,156,188,186,187,154,190,158,192,148,186,173,194,196,186,187,198,195,193,191,203,204,192,197,203,205,192,169,195,208,173,192,203,207,201,212,210,177,194,206,203,211,217,175,215,192,214,188,213,188,214,165,190,220,213,219,219,219,187,211,166,219,215,211,218,177,185,207,217,186,222,215,216,179,207,162,221,213,164,184,211,212,218,189,205,220,172,173,171,221,219,222,170,218,166,180,184,200,206,188,134,187,192,180,222,220,159,179,220,194,148,184,216,165,209,178,138,218,109,191,133,217,165,158,181,137,168,216,207,215,157,148,148,214,214,196,196,168,199,139,208,0,128,169,143,132,169,147,206,172,202,207,135,195,133,192,205,150,133,132,168,186,145,139,143,210,156,201,209,206,0,201,157,172,201,165,154,167,201,207,157,202,209,120,197,200,209,209,120,110,209,167,157,197,194,209,210,157,207,210,191,195,202,211,178,208,206,173,139,197,159,202,118,194,179,162,202,180,196,206,206,212,155,164,205,197,203,156,211,207,153,200,198,185,200,203,183,211,165,184,209,167,180,181,178,203,165,201,199,188,192,199,156,187,157,157,184,192,180,190,188,184,176,180,176,186,184,181,182,181,181,176,175,170,171,175,175,174,166,173,171,172,167,170,167,168,165,161,157,162,157,156,160,152,156,157,152,154,154,150,116,151,145,118,119,147,146,146,144,144,143,140,139,136,137,135,135,132,130,134,131,123,129,126,112,118,121,121,121,119,117,115,114,113,111,110,106,108,107,104
100,100,95,99,98,96,94,95,93,91,89,88,86,87,84,84,82,79,80,78,76,75,72,72,69,69,68,67,65,62,62,60,58,57,54,53,51,47,48,45,45,43,41,39,37,34,31,32,31,29,27,26,24,21,21,18,18,16,15,14,12,10,8,6,4,2,0,0,0,0,0,0,0,2,4,6,8,9,11,12,15,14,18,18,21,22,0,25,27,27,29,31,33,35,37,39,41,43,45,46,48,49,50,51,52,54,55,57,59,61,62,62,66,68,70,71,72,74,76,77,78,79,82,84,86,88,88,91,91,79,95,95,95,96,98,100,99,98,104,105,107,108,98,110,112,114,116,118,119,88,120,119,122,83,113,123,125,127,122,129,127,118,128,95,128,134,136,136,138,134,143,143,142,145,144,129,148,148,147,151,151,154,155,158,157,138,111,128,161,157,155,165,162,154,165,162,169,159,171,154,172,174,173,176,177,177,139,178,164,181,176,154,184,182,184,152,188,155,189,145,184,171,193,194,185,187,198,195,195,191,204,204,193,198,204,206,193,170,196,210,175,193,205,208,203,214,212,180,197,209,205,214,220,177,218,195,218,194,219,194,220,174,198,229,223,229,230,231,200,224,181,234,230,227,235,194,204,227,236,207,243,236,239,203,231,186,246,239,191,211,239,241,249,220,237,253,206,207,206,256,255,259,209,257,206,222,225,241,249,232,177,232,237,227,269,269,208,228,271,245,201,237,270,220,265,235,196,276,168,249,192,276,225,218,240,196,227,275,266,275,219,208,209,274,275,258,258,232,262,205,271,229,191,230,206,194,228,207,263,229,258,261,190,248,185,243,256,200,182,180,215,233,190,184,186,252,199,242,250,247,209,242,198,235,239,204,193,203,238,242,192,235,241,154,227,231,240,238,150,137,236,194,181,220,217,230,231,177,226,228,210,211,218,227,193,222,219,186,152,207,167,210,126,200,186,168,206,184,198,208,206,213,154,162,203,195,199,150,207,201,146,193,190,176,188,191,170,199,151,171,197,152,166,167,164,190,150,186,186,173,177,185,140,172,141,141,169,178,165,175,174,168,161,164,160,171,169,166,167,166,165,161,158,154,152,156,158,155,148,154,152,153,148,150,147,149,145,140,137,143,138,136,139,132,135,136,130,133,132,128,93,128,123,94,95,124,123,123,121,121,120,118,116,114,114,112,112,108,106,110,108,98,105,101,0,95,71,99,101,101,101,101,101,101,101,101,98,100,101,99
104,104,98,101,101,98,96,97,95,93,91,90,88,89,86,86,84,81,82,80,78,77,74,74,71,71,70,69,67,64,64,62,60,59,56,55,53,49,50,47,47,45,43,41,39,36,33,34,33,31,29,28,26,23,23,20,20,18,17,16,14,12,10,8,6,4,2,0,0,0,0,0,0,0,2,4,6,7,8,9,11,0,14,16,18,20,20,23,25,25,27,29,31,33,35,37,39,41,43,44,46,47,48,49,50,52,53,55,57,59,60,60,64,66,68,69,70,72,74,75,76,77,80,82,84,86,86,89,89,77,93,93,93,94,96,98,97,96,102,103,105,106,98,108,110,112,114,116,117,86,118,117,120,83,113,121,123,126,121,127,126,119,127,94,127,133,135,135,138,133,142,142,142,144,144,131,148,149,147,152,152,155,156,159,159,139,115,130,164,160,157,167,164,157,167,164,171,161,173,157,174,176,175,178,179,179,141,180,167,183,179,158,186,184,187,155,190,157,190,146,185,173,194,195,188,187,197,194,193,188,199,199,187,191,196,197,184,161,187,198,163,179,190,193,186,196,194,162,178,187,183,191,195,152,192,170,190,0,189,156,189,143,165,197,192,199,200,202,173,197,153,205,202,199,207,166,177,200,208,179,216,210,212,177,205,159,220,215,166,187,214,214,223,194,213,227,182,183,182,231,231,234,185,232,182,198,200,216,224,208,152,209,214,203,244,244,183,203,246,222,177,214,247,195,242,211,171,252,144,229,170,254,206,197,221,178,211,258,250,259,206,194,195,263,263,249,248,222,255,198,265,222,185,224,202,192,226,205,263,229,257,263,192,251,187,245,261,205,186,188,221,241,198,192,195,264,212,254,262,260,219,254,209,246,250,215,205,214,250,254,205,246,253,167,240,243,252,251,163,151,248,207,193,233,230,244,244,190,240,242,223,224,231,240,207,236,233,200,167,221,181,225,141,213,201,183,219,198,211,223,221,228,168,178,218,210,214,164,221,216,162,208,205,192,204,207,185,215,165,186,213,167,182,183,178,206,167,203,202,190,194,202,157,189,158,158,184,197,182,193,192,187,180,183,179,190,188,184,186,185,184,179,177,173,171,177,179,176,168,175,174,174,169,172,169,170,167,161,159,165,159,158,162,154,158,159,154,156,156,152,116,152,146,117,118,148,147,147,145,145,144,142,140,138,138,137,136,133,131,135,133,124,130,127,112,119,122,122,122,120,118,116,115,114,112,111,107,109,108,105
105,105,99,102,102,99,97,98,96,94,92,91,89,90,87,87,85,82,83,81,79,78,75,75,72,72,71,70,69,66,66,64,62,61,58,57,55,51,52,49,49,47,45,43,41,38,35,36,35,33,31,30,28,25,25,22,22,20,19,18,16,14,12,10,8,6,4,2,0,0,0,0,0,0,0,2,4,6,8,9,12,11,15,15,18,20,20,23,25,25,27,29,31,33,35,37,39,41,43,44,46,47,48,49,50,52,53,55,57,59,60,60,64,66,68,69,70,72,74,75,76,77,80,82,84,86,86,89,89,76,93,93,93,94,96,98,97,96,102,104,106,107,100,109,111,113,115,117,118,87,119,118,121,85,115,122,124,126,121,128,126,120,127,94,127,133,135,135,137,133,142,142,141,144,143,130,147,147,146,151,151,155,155,158,157,138,113,128,162,158,155,165,163,156,165,162,169,160,171,156,172,175,173,176,177,178,139,179,166,182,178,156,185,183,185,154,189,156,190,145,184,171,194,194,187,188,199,196,196,191,205,205,193,198,204,207,194,172,198,211,177,194,205,209,204,215,212,182,199,210,206,214,221,177,218,197,219,196,220,196,220,176,199,230,223,230,231,232,202,226,183,235,230,228,235,195,206,228,237,208,244,236,239,205,232,187,247,241,193,213,239,241,249,221,238,254,208,207,208,256,255,259,211,257,207,223,225,242,250,234,178,234,239,229,269,269,209,228,271,247,202,239,272,220,267,236,197,277,169,253,195,278,228,220,243,199,231,277,268,277,222,211,211,277,277,262,260,234,266,208,275,233,193,232,209,199,232,210,267,233,260,265,193,252,187,245,260,204,184,185,217,236,192,186,188,256,204,246,254,251,212,246,201,238,241,206,198,205,241,246,195,237,245,159,231,234,243,242,155,142,239,197,184,224,220,234,234,179,230,232,213,213,221,230,196,226,223,189,158,211,171,215,132,203,190,174,209,188,201,212,211,217,157,166,208,199,203,152,211,205,152,198,194,180,193,196,173,203,154,174,201,155,169,170,167,194,153,191,190,178,182,189,143,175,143,144,172,182,168,179,178,173,165,169,165,175,173,170,171,170,169,165,163,158,155,161,162,160,152,159,157,158,153,155,152,154,150,143,142,148,143,140,144,136,140,141,135,138,137,133,96,133,127,97,98,129,128,128,126,126,125,122,119,118,0,117,119,117,116,121,120,113,120,118,61,112,0,116,118,118,118,117,116,115,113,112,108,110,109,106
107,107,101,104,104,101,99,100,98,96,94,93,91,92,89,89,87,84,85,83,81,80,77,77,74,74,73,72,71,68,68,66,63,63,60,59,57,53,54,51,51,49,47,45,43,40,37,38,37,35,33,32,30,27,27,24,24,22,21,20,18,16,14,12,10,8,6,4,2,0,0,0,0,0,0,0,2,4,6,7,10,10,13,15,17,19,19,22,24,24,26,28,30,32,34,36,38,40,42,43,45,46,47,48,49,51,52,54,56,58,59,59,63,65,67,68,69,71,73,74,75,76,79,81,82,84,84,87,87,74,91,91,91,92,94,95,94,0,99,101,103,104,98,106,108,110,112,114,115,84,116,115,118,83,113,119,121,124,119,126,124,120,125,92,125,132,133,133,137,132,141,141,141,143,143,132,147,148,146,151,151,155,155,158,158,138,116,129,163,159,156,166,164,158,166,163,170,161,172,158,173,176,174,177,178,179,141,180,168,183,180,159,186,184,186,156,190,157,191,146,186,173,195,196,189,189,200,197,198,193,206,206,195,200,206,209,195,175,200,212,179,195,207,210,205,216,214,185,201,211,207,216,222,178,220,199,220,198,221,198,222,178,200,231,225,231,232,233,204,228,186,236,232,230,237,196,209,231,238,209,245,238,241,208,233,188,248,243,196,215,242,243,251,222,241,255,211,209,211,258,258,261,214,259,210,226,226,243,251,236,179,237,241,231,271,271,210,230,273,249,205,241,274,222,269,238,198,279,170,255,197,281,233,224,246,203,237,281,273,282,227,215,215,282,282,267,265,239,271,214,280,238,197,237,215,204,237,216,272,238,265,270,199,257,191,250,265,209,188,190,222,242,196,190,192,261,209,251,260,256,217,251,205,244,246,211,203,210,247,251,201,242,250,165,236,240,249,248,160,148,245,203,188,229,226,239,240,184,236,237,219,218,226,236,202,231,229,195,163,216,175,220,137,208,196,178,214,194,206,218,216,223,161,172,213,205,209,156,217,211,157,204,200,186,198,202,178,209,159,179,207,160,174,175,172,200,0,198,199,187,193,202,155,188,158,159,187,198,183,195,194,188,181,185,180,191,189,186,187,186,185,181,178,175,171,179,180,178,170,177,176,176,171,174,171,171,169,161,161,167,160,160,164,156,160,161,156,157,158,154,116,154,148,117,118,150,149,149,147,147,146,143,141,139,139,138,138,134,133,137,134,126,132,129,114,120,123,124,124,122,120,119,118,117,115,114,110,112,111,108
109,109,103,106,106,103,101,102,100,98,96,95,93,94,90,91,89,86,87,85,82,82,78,79,76,76,75,74,73,70,70,68,65,65,62,61,59,55,56,53,53,51,49,47,45,42,39,40,39,37,35,34,32,29,29,26,26,24,23,22,20,18,16,14,12,10,8,6,4,2,0,0,0,0,0,0,0,2,4,5,8,8,11,13,15,17,18,20,22,22,24,26,28,30,32,34,36,38,40,41,43,44,45,46,47,49,51,53,55,57,58,58,62,64,66,67,68,70,72,73,74,75,78,80,82,84,84,87,87,74,91,91,91,92,94,96,95,94,100,102,104,105,100,107,109,111,113,115,116,85,117,116,119,85,115,119,122,125,120,127,125,122,126,93,126,133,134,134,138,133,142,142,142,144,144,134,148,149,147,152,152,154,155,158,159,138,117,129,163,159,156,166,163,159,166,163,170,160,172,158,173,175,174,177,178,178,140,179,169,182,181,159,185,183,186,157,189,156,190,145,185,172,194,195,189,188,199,196,198,192,205,205,194,199,205,208,194,175,200,210,180,194,206,209,204,215,213,185,200,210,206,215,221,178,219,200,218,199,219,198,221,177,198,229,223,229,230,231,203,226,185,233,229,226,232,191,205,225,231,201,236,229,230,198,222,175,235,230,182,202,226,226,233,203,222,234,190,188,188,234,233,235,188,231,182,197,0,212,220,206,148,207,212,202,240,240,179,199,242,220,175,212,243,191,238,207,167,248,139,227,166,250,204,193,217,174,209,254,246,255,203,190,191,259,259,247,244,218,253,196,262,220,181,220,200,191,224,203,261,225,253,261,189,249,183,241,259,203,182,186,217,239,192,187,188,259,207,248,257,254,214,249,202,241,243,208,200,207,245,249,199,239,248,164,233,238,247,246,159,148,243,201,186,226,225,239,239,183,235,237,218,217,224,235,201,231,228,194,163,216,174,220,137,206,195,178,212,193,204,217,216,222,160,172,213,204,208,154,216,210,157,203,199,185,198,201,177,208,157,178,206,158,174,173,170,199,158,196,195,183,187,194,146,179,0,148,177,192,176,191,190,187,181,185,182,193,191,187,189,187,187,182,180,176,172,180,182,179,171,178,177,177,172,175,172,173,170,161,162,168,162,161,165,157,161,162,157,159,159,155,116,155,149,117,118,151,150,150,148,148,147,145,143,141,141,139,139,136,134,138,136,127,133,130,116,122,125,125,125,123,121,120,120,119,117,115,112,114,113,110
111,111,103,108,108,105,103,104,102,100,98,97,93,96,92,93,91,88,89,87,84,84,79,81,78,78,77,76,75,72,72,70,66,67,64,63,61,57,58,55,55,53,51,49,47,44,41,42,41,39,37,36,34,31,31,28,28,26,25,24,22,20,18,16,14,12,10,8,6,4,2,0,0,0,0,0,0,0,2,2,5,6,8,10,12,14,15,17,19,19,21,23,25,27,29,31,33,35,37,38,40,41,42,43,43,45,47,49,51,53,54,55,58,60,62,63,64,66,68,70,70,72,74,75,77,78,0,79,78,0,83,83,83,84,86,88,87,49,92,94,96,97,94,100,101,103,106,108,109,77,109,109,112,79,109,112,116,118,114,120,118,116,119,86,119,126,127,127,131,126,135,134,135,137,137,127,141,142,139,145,145,149,149,152,153,132,113,121,157,153,150,160,158,154,160,157,164,155,166,153,167,169,168,171,172,172,135,173,164,176,175,155,179,177,180,152,183,150,184,139,180,167,188,189,184,183,193,190,192,188,199,200,190,195,201,204,190,172,197,207,177,190,203,206,200,211,210,183,197,207,202,213,218,174,217,197,216,197,217,196,218,176,195,227,221,228,228,229,202,224,184,232,228,226,233,192,208,228,234,205,241,234,237,206,229,183,244,239,194,214,238,239,247,218,238,251,209,205,209,254,254,257,212,255,208,224,222,239,247,234,174,235,239,230,267,267,205,226,269,247,203,239,270,218,265,234,193,275,165,253,192,277,231,219,243,199,237,280,272,282,230,216,217,285,285,273,270,245,279,223,288,247,205,245,224,215,247,225,282,246,272,280,209,266,199,258,274,219,195,200,230,252,204,198,200,271,219,260,270,265,227,261,213,254,255,219,213,219,257,261,212,250,260,177,244,251,260,258,172,160,256,214,197,238,237,250,251,193,247,248,230,227,235,247,213,243,239,206,175,227,184,231,149,217,207,190,223,205,215,229,227,235,171,185,224,217,221,165,229,223,170,216,212,198,210,214,188,221,168,189,219,170,184,185,182,212,171,208,209,196,201,208,159,191,162,160,188,202,184,199,197,191,185,188,183,195,193,189,191,189,189,184,181,178,172,182,182,181,173,180,179,179,174,177,174,175,172,161,164,170,163,163,167,158,163,164,159,160,160,157,117,157,151,118,119,153,152,152,150,150,149,147,143,143,143,140,140,136,136,139,138,129,135,132,118,123,127,127,127,125,123,122,122,121,119,117,114,116,115,112
108,108,102,105,105,102,100,101,99,97,95,94,92,93,90,90,88,85,86,84,82,81,59,78,75,75,74,73,72,59,69,68,0,65,64,63,62,58,59,56,56,54,52,50,48,45,42,43,42,40,38,37,35,33,33,30,30,28,27,26,24,22,20,18,16,14,12,10,8,6,4,2,0,0,0,0,0,0,0,2,4,6,8,10,12,14,15,17,19,19,21,23,25,27,29,31,33,35,37,38,40,41,43,44,45,47,49,51,53,55,56,56,60,62,64,65,66,68,70,71,72,73,76,78,80,82,82,85,85,72,89,89,89,90,92,94,93,92,98,100,102,103,100,105,107,109,111,113,114,83,115,114,117,85,115,118,120,123,118,125,123,122,124,91,124,130,132,132,135,130,139,139,139,141,141,132,145,146,144,149,149,153,153,156,156,136,116,127,161,157,154,164,162,159,164,161,168,159,170,157,171,174,172,175,176,177,138,178,168,181,179,159,184,182,184,156,188,153,189,142,184,171,193,194,188,187,198,195,196,192,204,205,193,199,204,207,194,175,200,210,180,194,206,209,204,215,213,186,200,210,206,215,221,177,219,200,219,201,220,199,221,179,199,230,224,231,231,232,205,227,187,235,231,229,236,194,210,232,237,207,244,237,240,209,232,187,247,242,197,216,241,242,250,221,242,254,212,208,212,257,257,260,215,258,211,227,224,242,250,237,178,238,242,233,270,270,209,229,272,250,206,242,273,221,268,237,197,278,169,256,196,280,234,222,246,203,240,283,275,285,233,219,220,288,288,275,272,246,279,223,288,246,204,244,223,214,246,224,281,245,271,279,208,265,198,257,273,219,194,199,229,251,203,197,199,270,218,259,269,264,227,260,212,253,254,218,212,218,256,260,211,249,259,176,243,250,259,257,171,160,255,213,196,237,236,249,250,192,246,247,229,226,234,246,212,241,239,205,175,226,183,230,149,216,206,189,222,204,214,228,226,233,169,182,223,215,219,165,227,221,168,214,210,196,208,212,186,219,166,187,217,167,182,182,180,210,170,206,206,193,198,205,156,188,160,156,184,198,181,195,194,188,181,185,180,191,189,186,187,186,185,181,178,175,169,179,180,178,170,177,176,176,171,174,171,171,169,158,161,167,160,160,164,156,160,161,156,157,158,154,113,154,148,114,115,150,149,149,147,147,146,143,141,139,139,138,138,134,133,137,134,126,132,129,114,120,123,124,124,122,120,118,117,116,114,0,74,111,111,108
112,111,105,109,109,106,105,105,104,102,100,99,96,98,94,95,93,90,91,89,86,86,81,83,80,79,79,78,77,74,73,72,68,69,66,65,63,59,60,57,57,55,53,51,49,46,43,44,43,41,39,38,36,34,34,31,31,29,28,27,25,23,21,19,17,16,14,12,10,8,6,4,2,0,0,0,0,0,0,0,2,4,6,8,10,12,13,15,17,17,19,21,23,25,27,29,31,33,35,36,38,39,41,42,43,45,47,49,51,53,54,55,58,60,62,63,64,66,68,68,69,70,73,75,77,79,79,82,83,69,86,86,85,87,89,91,90,90,95,97,99,100,98,102,103,105,107,109,110,80,111,110,113,83,111,113,116,117,113,117,114,113,114,80,112,118,118,116,119,112,120,119,118,119,118,110,119,119,116,120,118,120,118,119,118,94,78,0,121,117,114,125,123,121,125,122,129,120,131,120,133,136,136,139,140,141,102,142,134,145,144,123,148,146,148,122,152,117,153,106,148,135,157,159,152,151,161,159,160,155,167,168,156,162,168,170,157,141,163,174,145,157,169,172,167,178,176,151,163,172,169,178,183,140,182,165,182,165,182,164,184,142,162,192,186,193,193,194,169,189,151,197,193,190,198,156,173,195,199,169,206,199,202,173,194,149,209,204,160,180,202,204,211,182,205,215,175,171,175,218,218,221,178,219,174,188,184,203,210,199,139,199,205,194,229,228,166,186,228,207,163,198,226,174,220,188,148,227,118,206,143,227,181,166,191,147,184,226,217,225,175,158,158,225,225,214,208,182,218,161,224,183,140,180,161,152,184,163,219,181,208,217,146,204,134,193,212,156,131,137,165,188,139,133,135,208,156,195,205,200,162,197,147,189,189,153,149,153,192,197,147,184,196,112,178,185,194,192,106,95,189,148,129,170,170,184,185,125,180,182,163,159,167,179,146,175,171,139,107,160,114,162,80,146,137,120,151,135,143,159,157,164,98,113,153,145,149,0,156,150,91,144,142,131,145,149,123,159,104,127,160,108,127,126,125,158,118,157,158,147,152,161,112,146,119,115,144,161,143,160,159,155,149,153,150,161,161,158,161,160,160,157,155,153,147,159,160,160,152,160,161,162,158,160,158,160,159,147,152,158,153,153,158,151,157,158,155,156,155,153,112,153,148,113,114,148,149,147,147,147,146,143,141,139,139,138,137,134,133,137,134,127,133,130,115,121,126,125,125,124,122,121,121,120,118,117,114,115,114,112
112,112,104,109,109,106,104,105,102,101,99,98,95,97,93,94,92,89,90,88,85,85,0,82,79,79,78,77,76,73,73,71,67,68,65,64,62,58,59,56,56,54,52,50,48,45,43,44,43,41,39,37,37,35,35,32,32,30,29,28,26,24,22,20,18,17,15,13,11,9,7,6,4,2,0,0,0,0,0,0,0,2,4,6,8,10,11,13,15,15,17,19,21,23,25,27,29,31,33,34,36,37,39,40,41,43,45,47,49,51,52,53,56,58,60,61,62,64,66,68,68,70,72,74,76,78,78,81,81,68,85,85,85,86,88,90,89,89,94,96,98,99,99,102,103,105,108,110,111,79,111,111,114,84,114,114,117,120,115,122,119,119,120,0,120,127,128,128,132,127,136,135,136,138,138,130,142,143,140,146,146,150,150,153,154,133,115,124,158,154,151,161,159,158,161,158,165,156,167,154,168,170,169,172,173,173,135,174,167,177,176,158,180,178,181,155,184,150,185,138,181,168,189,190,185,184,194,191,193,189,200,201,191,196,202,205,191,175,198,208,180,191,204,207,201,212,211,186,198,208,203,213,219,175,217,200,217,201,218,199,219,179,196,228,222,229,229,230,205,225,187,233,229,227,234,192,210,231,235,205,242,235,238,209,230,184,245,240,197,216,239,240,248,219,241,252,212,206,212,255,255,258,215,256,211,227,224,240,248,237,175,238,242,233,268,268,206,227,270,250,206,242,271,220,266,235,194,276,166,256,193,278,234,220,244,200,240,281,273,283,233,217,218,286,286,276,271,245,282,226,289,249,205,245,226,218,249,227,284,246,272,282,211,268,199,258,276,222,195,202,230,254,204,198,200,273,222,260,272,265,229,263,213,256,255,219,215,219,259,263,214,250,262,179,244,253,262,260,174,163,258,216,197,238,239,252,253,193,249,250,232,227,235,249,215,244,241,208,178,229,184,233,152,217,209,192,223,207,215,230,229,236,170,186,226,218,222,168,230,224,171,217,213,199,211,215,187,222,167,188,220,168,183,183,181,213,173,209,210,196,202,209,158,190,164,158,187,203,183,200,198,192,186,189,184,196,194,190,192,190,190,185,182,179,171,183,183,182,174,181,180,180,175,178,175,175,173,159,165,171,164,164,168,159,164,165,160,161,161,158,115,158,152,116,117,154,153,153,151,151,150,148,144,144,144,141,142,137,137,140,139,130,136,133,118,124,128,128,128,126,124,123,123,122,120,118,115,117,116,113
115,115,108,112,112,109,107,108,106,104,102,101,98,100,96,97,95,92,93,91,88,88,83,85,82,82,81,80,79,76,76,74,70,71,68,67,65,61,62,59,59,57,55,53,51,48,46,47,46,44,42,40,39,37,37,34,34,32,31,30,28,26,24,22,20,19,17,15,13,11,8,8,6,4,2,0,0,0,0,0,0,0,2,4,6,8,10,12,14,14,16,18,20,22,24,26,28,30,32,33,35,36,38,39,41,43,45,47,49,51,52,54,56,58,60,61,62,64,66,68,68,70,72,74,76,78,79,81,82,70,85,85,85,86,88,90,89,90,94,96,98,99,99,101,103,105,107,109,110,80,111,110,113,85,114,114,116,119,115,121,119,121,120,88,121,127,128,128,132,127,136,136,136,138,138,131,141,142,139,145,145,149,149,152,153,133,116,125,157,154,150,160,158,158,160,157,164,155,166,154,167,170,168,171,173,173,134,174,167,177,176,158,180,178,181,155,183,147,182,0,177,165,185,186,181,179,189,187,188,184,195,195,185,190,196,197,185,169,192,202,174,185,198,200,194,204,201,177,187,195,191,199,203,159,200,183,199,182,196,177,198,156,172,203,197,201,201,201,175,194,154,200,196,190,198,0,172,195,198,167,205,200,203,174,196,148,210,206,162,182,205,206,213,184,209,217,179,173,178,221,222,225,182,223,178,194,189,206,214,204,141,205,209,199,234,235,172,195,237,217,174,209,239,187,234,203,161,244,133,225,160,246,203,186,212,168,208,250,242,252,202,186,187,256,256,246,241,214,252,196,259,220,177,217,200,192,223,203,260,222,250,260,190,248,178,238,258,204,177,187,214,239,190,183,187,261,211,250,262,256,222,255,205,250,249,213,212,214,256,259,211,247,258,176,241,249,258,257,171,161,254,213,193,234,236,249,250,190,246,247,230,224,232,245,213,241,238,206,176,226,181,230,150,214,207,190,220,204,212,229,226,235,167,185,223,216,221,167,228,222,170,214,211,198,210,213,185,222,164,186,220,166,183,182,180,213,174,210,209,197,201,209,158,190,166,158,186,205,184,202,199,194,189,191,186,199,196,192,195,193,193,187,185,181,173,186,187,185,176,183,183,183,178,180,177,178,176,161,168,174,167,167,171,162,167,168,163,163,163,161,116,161,155,117,118,156,156,155,153,154,151,151,146,147,147,144,145,139,140,143,142,133,139,136,121,127,131,131,131,129,127,126,126,125,123,121,118,120,119,116
114,114,106,111,111,108,106,107,105,104,102,101,97,100,95,97,95,92,93,91,88,89,84,86,83,83,82,81,80,76,77,75,71,72,69,68,66,62,63,60,60,58,56,54,52,49,47,48,47,45,43,41,40,38,38,35,35,33,32,31,29,27,25,23,21,20,18,16,14,12,9,9,7,5,2,2,0,0,0,0,0,0,0,2,4,6,8,10,12,12,14,16,18,20,22,24,26,28,30,31,33,34,36,37,39,41,43,45,47,49,50,52,54,56,58,59,60,62,64,66,64,67,70,72,74,75,76,78,79,0,82,83,82,84,86,88,87,88,92,94,96,97,98,100,100,102,105,106,107,76,107,107,110,82,111,109,114,115,112,117,115,117,116,83,116,123,124,124,128,123,131,131,131,133,133,126,136,137,135,140,140,143,143,145,146,127,110,119,150,146,143,153,151,152,152,150,157,147,159,147,158,161,160,162,163,163,125,164,158,166,166,149,169,168,170,146,173,139,173,129,169,157,177,178,173,171,180,178,180,175,185,185,174,178,183,184,171,155,175,184,157,165,177,180,172,183,181,157,166,174,170,179,183,140,181,165,179,163,178,160,178,138,152,183,176,182,181,182,157,174,137,181,176,172,179,136,154,175,176,144,182,174,175,147,166,117,179,174,131,149,169,169,175,146,169,177,138,130,137,177,175,177,135,173,129,144,138,154,160,151,85,150,153,141,175,173,109,132,173,154,109,143,169,116,161,129,86,167,54,148,80,166,123,0,130,84,128,168,161,171,124,107,107,176,177,169,163,137,176,121,183,145,101,142,127,119,151,131,189,150,178,191,120,179,106,168,189,136,107,118,144,172,120,113,117,193,144,181,196,189,153,189,139,183,182,147,146,147,192,196,148,184,198,115,180,191,201,200,116,106,201,159,138,181,185,199,201,140,198,200,182,177,185,202,169,198,196,164,135,187,140,191,113,175,169,154,183,170,177,195,195,202,133,155,194,187,193,140,201,197,146,190,188,175,188,193,163,202,144,166,202,148,167,165,164,200,161,197,198,186,191,200,147,180,158,148,178,196,174,194,191,186,182,183,179,191,189,185,187,185,186,180,178,174,166,180,178,179,170,177,177,178,173,175,172,173,171,155,163,168,161,160,166,156,163,164,159,158,159,157,110,157,151,112,113,153,153,152,150,150,148,148,142,143,144,141,141,137,138,141,140,131,136,134,119,124,129,129,129,128,126,125,125,124,122,120,116,119,118,115
118,119,109,116,116,113,111,112,110,108,106,105,101,104,99,101,99,96,97,95,91,92,87,89,86,85,85,84,83,78,80,78,74,75,72,71,69,65,66,63,63,61,59,57,55,52,50,51,50,48,46,44,43,41,41,38,38,36,35,34,32,30,28,26,24,23,21,19,17,15,11,12,10,8,5,4,2,0,0,0,0,0,0,0,2,4,6,8,10,10,12,14,16,18,20,22,24,26,28,29,31,33,35,36,39,40,43,45,47,49,50,52,54,56,58,59,60,62,64,66,66,68,71,73,75,77,77,79,80,71,83,84,83,85,87,89,88,89,93,95,97,98,100,101,102,104,107,109,110,78,111,110,113,86,114,114,117,119,116,121,119,122,120,75,121,127,128,127,130,123,130,0,128,130,129,121,132,133,0,136,136,140,140,143,144,124,108,117,148,145,141,151,149,151,151,148,155,146,157,145,158,161,159,162,164,164,126,165,160,168,168,151,172,170,173,149,176,141,177,125,173,160,181,182,177,175,186,183,185,181,192,193,183,188,194,196,183,169,190,200,174,183,196,198,193,204,202,180,190,199,195,205,210,166,209,195,210,196,210,194,212,174,189,220,215,221,222,222,200,218,182,226,222,219,226,184,205,226,228,197,234,229,231,204,224,177,238,234,192,212,232,233,240,211,235,244,207,199,207,247,248,251,210,249,206,222,218,232,240,232,168,233,237,226,260,261,199,220,263,245,202,237,264,213,259,228,187,269,158,251,186,271,229,215,237,193,235,274,266,276,229,210,211,279,279,271,264,238,277,222,282,246,200,240,225,218,248,229,285,245,273,284,214,271,198,258,279,225,196,205,230,257,203,197,200,275,226,261,274,266,232,265,213,259,255,219,219,218,262,266,217,251,264,182,245,255,264,263,178,168,261,219,197,238,243,255,256,194,252,253,236,228,236,253,219,247,244,212,183,232,185,236,157,218,213,195,224,210,216,234,232,241,171,191,229,223,227,173,235,229,177,221,217,204,215,219,188,227,166,189,225,168,186,184,183,218,180,214,215,201,206,214,160,193,171,159,189,209,186,206,204,197,193,194,189,202,200,196,198,195,196,191,187,185,174,190,189,189,179,186,186,187,182,182,179,181,180,162,172,177,169,170,175,165,171,172,167,166,166,165,116,165,158,117,118,159,160,158,157,158,153,155,147,150,151,147,148,142,144,147,146,137,143,140,123,129,132,135,135,133,131,130,130,129,127,125,121,124,123,120
117,118,110,115,115,112,110,111,109,107,105,104,100,103,98,100,98,95,96,94,90,91,86,88,85,85,84,83,82,77,79,77,73,74,71,70,68,64,65,62,62,60,58,56,54,51,49,50,49,47,45,43,42,40,40,37,37,35,34,33,31,29,27,25,23,22,20,18,16,14,0,11,10,8,6,6,4,2,0,0,0,0,0,0,0,2,4,6,8,8,10,12,14,16,18,20,22,24,26,27,29,31,33,34,37,38,41,43,45,47,48,50,52,54,56,57,58,60,62,64,64,66,69,71,73,75,76,78,79,71,82,83,82,84,86,88,87,88,92,94,96,97,98,100,101,103,106,108,109,79,110,109,112,86,113,113,116,118,115,120,118,121,119,89,120,126,127,127,131,126,134,135,134,137,136,129,140,141,140,144,143,147,147,150,150,131,116,125,155,152,148,158,155,158,157,154,161,152,162,151,163,166,165,168,169,170,131,171,165,174,173,156,177,175,177,155,180,145,181,137,177,164,185,186,180,178,188,186,188,183,194,195,184,189,195,196,183,171,190,200,175,183,196,198,193,204,202,181,190,198,195,204,209,167,208,194,209,195,208,193,211,172,188,218,213,219,220,220,198,216,181,224,220,216,224,184,203,225,226,195,232,226,229,203,221,174,235,231,190,209,229,231,237,208,233,241,205,197,204,244,244,246,206,243,200,214,211,223,230,222,156,221,225,212,246,246,182,204,246,227,183,218,244,192,238,206,164,245,133,226,159,245,201,188,208,163,205,244,235,243,195,176,176,244,243,234,227,199,238,181,242,204,158,198,182,173,204,183,239,199,226,237,167,224,150,211,232,177,148,158,183,209,156,149,151,228,177,213,226,218,183,217,164,210,206,170,170,168,213,217,168,202,216,133,196,206,215,214,128,118,211,170,146,189,191,205,206,143,201,202,185,176,186,201,168,197,193,161,131,181,133,185,104,167,161,144,172,158,163,181,179,187,116,137,175,168,172,117,179,172,120,165,161,148,159,162,130,170,108,130,167,79,128,0,125,162,122,161,161,150,156,165,111,145,124,113,143,166,142,165,163,158,155,158,154,168,167,163,168,166,167,162,162,159,150,166,166,167,159,168,168,170,166,168,166,168,167,151,160,166,161,161,167,159,165,167,163,163,163,161,112,161,155,113,114,156,156,155,153,154,149,151,144,147,148,145,146,140,141,144,143,135,140,138,122,129,129,132,133,132,130,129,129,128,126,124,120,122,122,119
117,120,110,117,117,114,112,113,110,109,107,106,101,105,100,102,100,97,98,96,92,93,88,90,87,86,86,85,84,77,81,79,75,76,73,72,70,66,67,64,64,62,60,58,56,53,51,52,51,49,48,46,45,43,43,40,40,38,37,36,34,33,31,29,27,26,24,22,20,18,14,15,13,11,8,8,6,4,2,0,0,0,0,0,0,0,2,4,6,6,8,10,12,14,16,18,20,22,24,26,28,30,32,33,36,37,40,42,44,46,47,49,51,53,55,56,57,59,61,63,63,65,68,70,72,74,75,77,79,71,82,83,82,84,86,88,87,88,92,94,96,97,99,100,101,103,105,107,107,0,108,107,110,85,111,111,114,116,113,118,116,119,117,87,118,124,125,125,129,124,133,133,133,135,135,128,139,140,140,143,143,147,147,150,151,131,117,126,155,152,148,158,156,158,158,155,162,154,164,152,165,168,166,169,171,171,132,172,166,175,174,160,178,176,179,157,182,147,183,141,179,166,187,188,183,182,192,189,192,187,198,199,189,194,200,203,189,177,196,206,182,189,202,205,199,210,209,188,196,206,201,212,217,173,216,202,215,203,216,201,217,181,194,226,220,227,227,228,207,223,189,231,227,225,232,193,212,233,233,203,240,233,236,212,228,181,243,238,199,218,237,238,246,217,240,250,214,204,214,253,253,256,217,254,213,229,226,238,246,239,172,240,244,232,266,266,203,225,268,252,208,244,269,217,264,233,191,274,162,258,190,276,234,223,242,197,242,279,271,281,235,215,216,284,284,278,269,243,282,228,287,253,205,245,230,223,253,231,288,246,272,286,216,272,197,258,280,227,194,207,230,258,204,197,199,277,227,260,276,265,232,267,213,260,255,219,220,218,263,267,219,250,266,184,244,257,266,264,180,169,262,221,196,238,243,256,257,194,253,254,237,227,235,253,220,248,243,213,184,233,184,237,158,217,214,196,223,211,215,233,233,242,169,192,230,224,228,174,236,229,178,222,218,205,216,220,187,228,165,188,226,167,185,182,182,218,179,214,214,201,206,214,157,191,170,157,186,209,184,206,203,197,192,194,189,202,199,195,198,195,196,190,187,184,172,189,188,188,179,186,186,186,181,183,180,181,179,160,171,177,169,170,174,164,170,171,166,165,166,164,113,164,158,114,115,159,159,158,156,157,151,154,144,150,150,147,148,141,143,146,145,136,142,139,124,129,130,134,134,133,131,130,130,129,127,125,0,123,123,120
118,121,112,118,118,115,113,114,112,110,108,107,103,106,101,103,101,98,99,97,93,94,89,91,88,88,87,86,85,78,82,80,77,78,75,74,72,68,69,66,66,64,62,60,58,55,53,54,53,51,49,47,46,44,44,41,41,39,38,37,35,34,32,30,28,27,25,23,21,18,16,15,15,13,10,10,8,6,4,2,0,0,0,0,0,0,0,2,4,4,6,8,10,12,14,16,18,20,22,24,26,28,30,31,34,35,38,40,42,44,45,47,49,51,53,54,55,58,60,62,62,64,67,69,71,73,74,76,78,71,81,82,81,83,85,87,86,87,91,93,95,96,98,99,100,102,105,107,108,80,109,108,111,87,112,112,115,117,114,119,117,120,118,90,119,125,126,126,130,125,134,134,134,136,136,129,140,141,140,144,144,148,148,151,151,132,119,128,156,153,149,159,157,159,159,156,163,154,165,153,166,169,167,170,172,171,133,173,166,175,175,160,179,177,180,159,182,148,183,142,179,166,186,188,182,180,191,187,189,185,196,197,186,192,197,199,186,174,193,202,178,186,198,200,195,206,203,184,191,199,197,205,210,168,209,197,210,198,209,195,211,173,186,216,210,215,216,215,194,210,176,216,212,207,214,176,193,214,214,181,218,212,213,189,204,155,217,212,172,191,208,209,214,185,209,216,182,170,179,217,216,219,179,215,174,188,185,196,202,196,127,195,199,185,218,217,153,176,217,201,156,191,215,162,208,176,132,215,101,198,127,214,171,159,177,131,176,213,204,212,165,145,144,212,211,203,192,0,205,149,211,176,129,169,155,149,180,159,217,175,203,218,148,206,130,193,216,164,131,146,169,198,144,137,141,221,171,206,223,213,180,216,162,210,206,170,172,170,217,222,174,207,223,141,203,216,225,225,141,131,225,184,159,203,209,223,225,161,222,224,207,198,207,226,194,222,218,189,160,211,162,216,139,197,195,179,205,195,199,217,219,227,155,180,218,212,218,166,225,219,170,211,208,196,207,211,177,219,156,178,217,157,176,172,173,210,171,206,206,193,198,205,149,182,163,148,176,201,174,198,195,189,184,186,181,194,191,187,190,187,189,182,180,176,165,182,181,181,172,179,178,179,175,176,173,174,173,154,165,170,163,163,168,157,164,165,160,158,160,158,106,159,152,108,109,153,154,152,151,151,144,148,139,144,145,142,142,136,138,142,140,131,136,134,118,124,0,130,133,133,132,132,132,131,129,127,123,126,125,122
117,122,113,120,120,117,115,116,114,112,110,109,105,108,103,105,103,100,101,99,95,96,91,93,90,89,88,88,87,79,84,83,80,81,78,77,75,71,72,69,69,67,65,63,61,58,56,57,56,54,52,50,49,47,47,44,44,42,41,40,38,37,35,33,30,29,28,26,24,21,18,18,17,15,12,12,10,8,6,4,2,0,0,0,0,0,0,0,2,0,4,6,8,10,12,14,16,18,20,22,24,26,28,29,32,33,36,38,40,42,43,45,47,49,51,52,53,56,58,60,60,62,65,67,69,71,72,74,76,71,79,80,79,81,83,85,84,85,89,91,93,94,96,97,98,100,103,105,106,80,107,105,109,87,110,110,113,115,112,117,115,118,116,90,117,123,124,124,128,123,132,132,132,134,134,127,138,139,139,142,142,146,145,147,147,127,114,122,148,145,139,149,145,147,145,141,149,0,151,140,152,155,153,156,158,158,120,159,154,162,162,149,166,164,167,147,170,134,171,131,168,154,175,176,172,170,180,177,180,176,186,187,178,183,189,191,178,167,185,195,172,177,191,193,187,198,197,178,185,194,189,200,205,160,204,193,204,194,205,192,207,172,183,215,210,216,216,217,198,213,180,220,217,214,221,184,203,222,222,191,230,224,227,204,218,171,233,229,191,210,228,229,236,207,231,240,206,195,206,243,244,246,209,245,205,221,218,228,236,231,162,232,236,221,256,257,193,216,259,244,200,236,260,208,255,224,181,265,152,250,180,267,224,215,231,187,234,270,262,272,227,205,206,275,275,270,260,233,273,220,278,245,195,236,224,217,247,227,283,241,269,284,214,272,195,257,281,228,194,208,230,260,203,196,199,278,229,261,277,266,233,268,213,262,255,219,222,216,265,269,220,251,267,185,245,258,267,266,181,171,264,222,195,238,245,258,259,194,255,256,239,227,236,255,222,250,244,215,186,235,184,239,161,218,216,198,224,213,216,234,235,244,169,194,232,225,230,177,237,231,181,223,220,207,218,222,187,230,164,188,228,166,186,185,183,221,183,217,217,204,209,217,158,192,174,157,189,212,185,209,206,200,195,197,192,205,202,198,201,198,198,193,190,187,173,192,192,191,182,189,188,189,185,185,182,184,183,161,175,179,172,173,178,166,174,175,170,166,169,168,114,168,161,115,116,162,163,161,160,160,152,157,146,153,154,150,151,142,147,150,149,140,145,143,127,131,133,137,138,136,134,133,133,132,130,128,124,127,126,123
117,123,114,121,121,118,116,117,115,113,110,110,106,109,103,106,104,101,102,100,95,97,92,94,91,90,88,89,88,79,85,84,81,82,79,78,76,72,73,70,70,68,66,64,61,59,57,59,58,56,54,52,51,49,49,46,46,44,43,42,40,39,37,35,32,31,30,28,26,22,20,20,19,17,14,14,12,10,8,6,4,2,0,0,0,0,0,0,0,2,4,6,8,10,12,14,16,18,20,22,24,26,28,29,32,33,36,38,40,42,43,45,47,49,51,52,53,56,58,60,60,62,65,67,69,71,72,74,76,72,79,80,79,81,83,85,84,85,89,91,93,94,96,97,98,100,103,105,106,81,107,106,109,88,110,110,113,115,112,117,115,118,116,91,117,123,124,124,128,123,132,132,132,134,134,128,138,139,139,142,142,146,146,149,150,130,119,128,154,151,147,157,155,157,157,154,161,153,163,151,164,166,165,168,169,169,131,170,165,173,172,160,176,174,177,158,180,145,180,142,176,162,184,185,180,178,188,185,188,182,193,194,183,189,194,195,183,173,189,198,176,181,192,194,188,198,195,177,181,189,186,193,198,154,195,184,194,183,192,179,194,158,168,199,193,197,198,197,178,191,160,198,193,189,195,159,176,195,195,162,199,192,193,170,184,134,196,191,153,171,187,187,192,162,186,193,160,147,157,193,192,0,155,191,151,167,165,175,182,179,109,180,185,169,204,205,141,165,208,195,151,187,210,159,205,175,132,216,103,203,131,218,177,167,183,139,186,222,214,224,180,159,159,228,228,224,213,174,226,174,231,199,149,189,178,171,202,181,238,195,223,239,169,227,149,211,237,184,149,166,187,218,162,155,159,240,191,223,241,229,197,234,178,229,222,186,191,185,235,240,192,222,241,159,217,232,241,239,155,146,237,196,168,211,219,232,233,168,229,230,213,201,209,229,197,224,217,190,160,210,158,213,135,191,190,173,197,187,189,206,209,217,142,167,205,198,203,150,210,204,154,196,193,180,191,195,160,203,137,161,201,138,159,158,155,194,154,190,189,176,181,188,128,161,144,127,0,184,157,183,181,177,173,176,172,186,184,181,185,183,184,179,178,175,162,182,181,183,174,183,183,185,182,182,180,181,180,158,172,176,170,169,175,162,172,173,168,164,168,166,113,167,160,114,115,161,162,160,158,159,149,156,145,152,153,150,150,142,147,150,149,139,145,143,127,131,133,137,138,136,134,133,133,132,130,128,124,127,126,124
115,122,112,120,120,117,115,116,113,112,110,109,104,108,102,105,103,100,101,99,95,96,91,93,90,89,87,88,87,77,84,83,80,81,78,77,75,71,72,69,69,67,65,63,61,58,56,58,57,55,53,51,50,48,48,45,45,43,42,41,39,38,36,34,31,30,29,27,25,0,20,20,19,18,15,15,13,11,10,8,6,4,2,0,0,0,0,0,0,0,2,4,6,8,10,12,14,16,18,20,22,24,26,27,30,31,34,36,38,40,41,43,45,47,49,50,51,54,56,58,58,60,63,65,67,69,70,72,74,71,77,78,77,79,81,83,82,83,87,89,91,92,94,95,96,98,100,102,102,57,103,0,105,84,106,106,109,111,109,114,112,115,113,89,114,120,121,121,125,120,129,129,129,131,131,125,135,136,136,139,139,143,143,146,147,127,117,126,151,148,144,154,152,154,154,151,158,150,160,149,161,164,162,165,167,167,128,168,163,171,170,159,174,172,175,157,178,143,179,142,176,162,183,184,180,178,188,185,188,184,194,195,186,191,197,199,186,176,193,203,181,185,199,201,195,206,205,187,193,202,197,208,213,169,212,202,212,203,213,201,215,182,191,223,218,224,224,225,207,221,190,228,225,222,229,194,212,231,230,200,237,231,234,212,225,178,240,236,200,218,235,236,243,214,238,247,215,202,215,250,251,254,218,252,214,229,227,235,243,239,169,240,244,229,263,264,200,223,266,252,209,244,267,216,262,231,188,272,159,258,187,274,232,224,239,194,242,277,269,279,236,212,213,282,282,278,267,242,280,229,285,254,202,243,232,225,254,234,288,245,272,287,218,274,195,257,282,229,193,209,229,261,202,195,198,278,230,260,277,265,232,268,212,263,254,218,223,216,266,269,221,250,267,185,244,259,267,266,182,172,265,223,195,237,246,258,259,193,255,256,240,227,235,256,223,250,243,216,187,235,183,239,162,217,217,199,223,213,215,233,235,245,168,195,232,227,231,178,239,232,182,224,221,208,218,222,186,231,163,187,229,165,184,185,182,220,183,216,217,203,208,217,156,191,174,155,189,212,184,209,206,199,195,196,191,205,202,198,201,197,197,193,189,187,172,192,191,191,181,188,189,189,185,186,183,183,183,160,175,180,172,173,178,164,174,175,170,165,168,168,112,168,161,113,114,162,163,161,159,160,150,157,144,153,154,150,151,141,147,150,149,139,145,143,127,130,133,137,138,136,134,133,133,132,130,128,124,127,126,123
111,119,110,116,116,113,111,112,110,108,106,104,100,105,0,104,103,100,102,100,96,97,92,94,91,90,75,89,88,77,85,84,81,82,79,78,76,72,73,70,70,68,66,64,62,59,58,60,59,57,55,53,52,50,50,47,47,45,44,43,41,40,38,36,0,33,32,30,29,25,23,23,22,20,17,17,15,13,12,10,8,6,4,2,0,0,0,0,0,0,0,2,4,6,8,10,12,14,16,18,20,22,24,25,28,29,32,34,36,38,39,41,43,45,47,48,49,52,54,56,57,59,62,64,66,68,69,71,73,71,76,77,76,78,80,82,81,82,86,88,90,91,93,94,95,97,100,102,103,80,104,103,106,86,107,107,110,112,109,114,112,115,113,90,114,120,121,121,125,120,129,129,129,131,131,124,135,136,136,139,139,143,143,146,147,127,117,127,151,148,144,154,152,154,154,151,158,151,160,149,161,164,162,165,167,167,128,168,162,171,170,160,174,172,175,157,178,142,179,143,176,162,183,184,180,178,188,185,188,184,194,195,186,191,197,199,185,177,193,202,182,185,199,201,195,206,205,188,193,202,197,208,213,168,212,202,211,203,212,201,214,181,190,222,217,223,223,224,207,220,189,227,224,221,228,194,212,229,229,198,236,230,233,212,224,176,239,235,199,218,234,235,242,213,237,246,214,201,214,249,250,253,217,251,213,229,227,234,242,239,167,240,244,227,262,263,198,222,265,252,208,244,266,215,261,230,186,271,157,258,185,273,230,224,237,192,242,276,268,278,235,211,212,281,281,277,266,242,279,228,284,253,201,242,230,223,253,231,286,243,269,286,216,272,192,255,280,227,189,207,227,258,200,192,194,277,227,257,276,262,229,266,209,260,252,215,220,213,263,267,219,247,266,184,241,257,266,264,180,170,262,221,191,235,243,256,257,190,253,254,237,223,232,253,220,248,240,213,184,233,180,237,159,214,214,196,220,211,212,230,233,242,165,192,230,224,228,175,236,229,179,222,218,205,216,220,183,228,159,184,226,161,181,183,179,218,180,214,214,201,206,214,152,187,171,151,186,209,180,206,203,197,192,194,189,202,199,195,198,195,193,190,187,184,168,189,188,188,179,186,186,186,182,183,180,181,180,156,172,177,168,170,175,161,171,172,167,161,166,165,108,165,158,109,110,159,160,158,156,157,145,154,140,150,151,147,148,137,144,147,146,136,142,140,124,126,130,134,135,133,131,130,130,129,127,125,121,124,123,120
116,125,115,123,123,120,118,119,117,116,114,113,108,112,106,109,107,104,105,103,99,100,95,97,94,93,90,92,91,80,88,87,84,85,82,82,80,76,77,74,74,72,70,68,66,63,62,64,63,61,59,57,56,54,54,51,51,49,48,47,45,44,42,40,36,36,35,33,31,27,25,25,24,22,19,19,17,15,14,12,10,8,6,4,2,0,0,0,0,0,0,0,2,4,6,8,10,12,14,16,18,20,22,23,26,27,30,32,34,36,37,39,41,43,45,46,47,50,52,54,55,57,60,62,64,66,66,68,70,48,72,73,0,74,76,78,77,78,82,84,86,87,89,90,91,93,96,98,99,77,100,99,102,84,104,103,106,108,106,111,109,113,110,88,111,117,118,118,122,117,126,126,126,128,128,121,132,133,133,136,136,140,140,143,144,124,116,125,148,145,141,151,149,152,151,148,155,148,157,146,158,161,159,162,164,164,125,165,160,168,167,158,171,169,172,156,175,139,176,142,173,159,180,181,177,175,185,182,185,181,191,192,183,188,194,196,183,175,190,200,180,182,196,198,192,203,202,186,190,199,194,205,210,165,209,201,209,202,210,200,212,181,188,220,215,221,221,222,206,218,189,225,222,219,226,194,211,228,227,196,234,228,231,212,222,174,237,233,199,217,232,233,240,211,235,244,214,199,214,247,248,251,217,249,213,228,227,232,240,238,165,239,243,226,260,261,196,220,263,251,208,243,264,212,259,228,184,269,155,257,183,271,229,223,235,190,241,274,266,276,235,209,210,279,279,275,264,241,277,228,282,253,199,240,231,225,254,235,287,244,271,288,219,275,193,256,283,230,191,210,228,262,201,193,196,279,231,259,278,264,231,267,211,264,253,217,224,214,267,270,222,249,268,186,243,260,268,267,183,174,266,224,193,236,247,259,260,192,256,257,241,225,234,257,224,251,242,217,188,236,182,240,163,216,218,200,222,214,214,232,236,246,167,196,233,228,232,179,240,233,183,225,222,209,219,223,184,232,161,185,230,163,183,186,181,221,184,217,218,204,209,218,153,189,175,153,190,213,182,210,207,200,196,197,192,206,203,199,201,198,196,194,190,188,170,193,191,192,182,189,189,190,186,186,183,184,184,159,176,181,171,174,179,163,175,176,171,164,169,169,110,169,162,111,112,163,164,162,160,161,0,158,105,155,156,153,153,142,150,153,152,142,148,146,130,131,136,140,141,139,137,136,136,135,133,131,127,130,129,126
116,125,115,123,123,120,118,119,117,116,114,113,109,112,106,109,107,104,105,103,99,100,95,97,94,93,91,92,91,79,88,87,84,85,82,82,80,76,77,74,74,72,70,68,66,63,62,64,63,61,59,57,55,54,54,51,51,49,48,47,45,44,42,40,36,36,35,33,31,27,25,25,24,22,19,19,17,15,14,12,10,8,6,4,0,2,0,0,0,0,0,0,0,2,4,6,8,10,12,14,16,18,20,21,24,25,28,30,32,34,35,38,40,42,44,45,46,49,51,53,54,56,59,61,63,65,66,68,70,69,73,74,73,75,77,79,78,79,83,85,87,88,90,91,92,94,96,98,99,79,100,100,102,84,104,104,106,108,107,111,109,113,110,89,111,117,118,117,120,113,120,119,118,119,117,112,119,119,118,120,119,120,118,119,118,0,90,90,121,119,114,125,123,126,125,122,129,122,131,122,133,136,135,138,140,140,103,141,138,144,145,135,149,147,150,134,153,116,154,119,151,137,158,160,155,153,163,160,163,159,169,170,161,167,173,175,162,154,169,179,159,161,175,177,171,182,181,165,169,178,173,183,189,143,187,180,188,181,189,179,192,160,167,199,195,200,201,202,186,198,169,205,202,199,206,173,191,208,206,175,215,209,212,192,203,154,218,214,180,198,213,214,220,192,217,225,196,181,195,228,230,233,199,231,195,210,208,214,221,220,146,221,225,206,242,243,177,202,245,233,190,225,246,195,241,210,166,251,137,240,165,253,212,206,217,172,223,257,249,258,218,192,192,262,262,258,247,225,260,211,265,236,182,223,214,208,237,218,271,228,256,274,205,262,181,244,272,220,181,202,220,254,195,187,190,275,227,254,274,260,226,263,207,259,249,212,219,209,263,265,218,245,264,183,239,256,264,263,179,170,261,220,189,232,243,255,256,188,252,253,237,221,230,253,220,247,238,213,184,232,178,236,159,212,214,196,218,210,210,228,232,242,163,192,229,223,228,175,235,229,179,220,218,205,215,219,181,228,156,182,226,158,180,184,177,218,181,214,215,201,206,215,151,186,172,150,186,211,179,207,205,198,194,195,190,204,201,197,200,196,194,192,188,186,168,191,190,190,180,187,188,189,185,185,182,184,183,157,175,179,170,172,177,163,174,175,170,163,168,168,110,168,162,111,112,162,164,161,160,161,150,158,143,154,155,151,152,140,148,151,150,140,146,144,128,130,135,139,140,138,136,135,135,134,132,131,127,129,129,126
115,126,116,124,124,121,119,120,117,117,115,114,109,113,107,110,108,105,106,104,100,101,96,98,95,94,0,93,93,46,90,89,86,87,84,84,82,78,79,76,76,74,72,70,68,65,64,66,65,63,61,59,56,56,56,53,53,51,50,49,47,46,44,42,38,38,37,35,33,29,27,27,26,24,21,21,19,17,16,14,12,10,8,6,4,4,2,0,0,0,0,0,0,0,2,4,6,8,10,12,14,16,18,19,22,23,26,28,30,32,33,36,38,40,42,43,44,47,49,51,52,54,57,59,61,63,64,66,68,68,71,70,71,73,75,77,76,77,81,83,85,86,88,89,90,92,95,97,98,78,99,99,101,84,103,102,105,107,105,110,108,112,109,89,110,116,117,117,121,115,124,124,0,126,125,119,129,130,130,133,133,137,137,140,141,121,114,124,145,142,138,148,146,149,148,145,152,146,154,143,155,158,156,159,161,161,123,162,158,165,165,157,169,167,170,155,173,137,174,141,171,158,178,179,175,173,183,180,184,179,189,190,181,187,192,194,181,175,189,198,180,180,195,196,190,201,200,186,189,197,192,203,208,163,207,201,207,202,208,200,210,180,186,218,213,219,219,220,206,217,188,223,220,217,224,193,211,226,225,193,232,227,229,211,221,171,236,233,198,218,231,232,238,209,234,242,213,198,213,245,246,250,216,247,212,228,226,230,237,238,162,239,243,224,258,259,193,218,261,251,208,243,263,211,258,227,182,267,153,257,181,269,227,223,232,187,241,272,264,275,235,207,208,278,278,274,262,242,276,228,281,253,197,238,231,225,254,235,287,244,272,289,221,277,193,256,285,232,191,212,228,263,201,193,196,281,233,260,280,265,231,268,211,265,254,217,226,213,268,272,224,250,269,188,244,261,270,269,185,176,267,226,193,237,249,261,262,192,258,259,243,225,235,258,226,253,243,219,190,238,182,241,165,217,220,201,223,216,214,233,238,248,167,198,235,230,234,181,242,235,185,227,223,211,220,225,185,234,160,186,232,162,185,190,181,224,187,220,221,207,212,220,155,190,178,154,193,216,183,213,210,203,199,200,194,209,206,202,204,201,197,197,193,191,171,196,193,195,185,192,192,193,189,188,185,187,186,160,179,183,172,177,182,165,178,179,174,165,172,172,111,172,165,112,113,165,167,164,163,164,151,161,144,157,158,154,154,141,151,153,153,143,149,147,130,130,137,141,142,140,138,137,137,136,134,132,128,131,130,127
90,103,95,104,104,102,102,103,103,103,103,103,101,105,100,104,104,101,102,101,97,99,94,96,93,92,90,92,92,76,89,88,84,86,83,82,81,77,78,75,75,73,71,69,66,65,64,66,65,63,61,60,56,57,57,54,54,52,52,51,49,48,46,44,40,40,39,37,35,31,29,29,28,26,23,23,21,19,18,16,14,12,10,8,6,6,4,2,0,0,0,0,0,0,0,2,4,6,8,10,12,14,16,17,20,21,24,26,28,30,31,34,36,38,40,41,42,45,47,49,50,52,54,56,58,60,61,63,65,65,68,70,69,71,73,74,74,75,79,81,83,84,86,87,88,90,92,94,95,77,96,95,96,82,98,98,100,102,100,104,102,105,103,85,104,109,111,111,114,109,117,118,118,120,119,113,123,123,124,126,127,129,129,132,131,115,107,116,136,134,129,139,136,139,137,133,139,132,139,128,138,140,138,140,140,141,0,141,138,144,145,137,149,147,150,136,153,116,154,122,151,137,158,159,155,153,162,160,162,158,168,169,159,164,170,171,158,153,165,175,157,157,171,173,167,178,177,163,165,174,169,178,185,139,182,176,183,178,183,176,186,156,162,193,189,194,195,196,182,192,165,199,196,192,200,170,186,202,200,169,208,202,205,188,196,146,211,207,175,193,205,207,213,185,209,218,190,173,190,220,221,225,193,223,189,204,203,206,213,214,137,215,219,198,234,234,167,194,236,226,184,217,236,184,229,198,153,237,122,226,148,237,193,189,197,151,205,236,227,236,197,168,168,236,236,231,219,198,231,183,235,207,150,191,183,177,205,185,235,192,219,236,169,225,140,204,233,180,138,160,176,211,149,140,142,229,180,206,228,211,178,215,158,213,200,163,173,159,216,219,171,196,216,136,190,209,217,216,133,123,214,173,138,183,195,207,208,138,204,205,189,170,180,205,172,199,188,165,137,184,127,186,111,162,165,147,167,161,159,176,182,192,110,142,180,174,178,124,186,179,129,171,168,155,164,169,128,178,104,129,176,105,128,134,125,168,130,164,164,150,155,163,96,132,121,95,135,158,125,155,152,145,141,142,136,151,148,144,147,143,139,139,135,132,112,136,133,135,125,132,132,132,128,128,125,126,124,97,116,120,109,112,117,99,113,113,108,98,105,104,41,104,97,42,0,98,101,100,100,102,91,101,86,100,102,100,100,90,101,106,106,97,104,104,88,89,97,101,104,104,104,103,104,104,104,103,100,103,104,102
111,124,113,122,122,119,117,119,117,115,114,114,110,113,107,111,109,106,107,105,102,104,99,101,98,97,95,97,96,79,92,92,89,90,87,87,85,81,82,79,79,77,76,74,71,69,68,69,69,67,65,63,57,60,59,57,57,55,54,53,51,50,48,46,42,42,41,39,37,33,31,31,30,28,25,25,23,21,20,18,16,14,12,10,8,8,6,4,2,0,0,0,0,0,0,0,2,4,6,8,10,12,14,15,18,19,22,24,26,28,29,32,34,36,38,39,41,44,46,48,48,50,53,55,57,58,60,62,64,64,67,69,69,70,72,74,73,74,78,80,82,84,84,86,86,88,91,92,93,77,94,94,96,82,98,96,100,101,100,103,102,105,103,86,104,109,111,111,114,108,117,117,118,119,118,114,122,123,123,125,125,128,128,130,131,115,107,117,136,133,128,138,135,139,137,134,141,134,142,133,143,146,145,147,149,149,112,150,145,152,152,145,155,154,156,144,159,123,159,130,156,143,162,163,158,154,163,160,162,156,166,165,155,161,164,165,152,147,158,166,149,147,161,161,154,165,162,150,149,156,152,160,165,120,162,156,161,157,160,153,161,131,135,165,160,165,164,165,150,160,132,164,160,156,162,133,149,162,159,126,165,158,160,143,150,98,163,160,126,144,155,156,160,131,155,162,134,117,132,161,160,163,131,158,125,138,135,138,143,145,66,144,147,124,159,158,90,117,158,148,104,137,155,101,147,115,68,152,36,142,62,151,0,103,111,65,122,153,146,157,119,91,91,162,163,159,148,129,162,116,169,141,85,127,121,116,146,127,179,137,165,183,117,174,89,154,184,133,90,115,130,168,105,96,100,188,141,167,190,175,140,179,123,179,168,131,142,128,187,190,144,170,190,111,166,187,195,194,112,104,195,154,118,164,176,188,190,119,184,186,170,150,161,185,153,180,168,146,116,165,107,166,91,142,145,127,147,141,138,156,161,171,88,121,158,152,157,102,164,157,108,148,144,133,141,146,105,155,79,105,153,0,107,114,105,150,114,148,150,138,144,154,88,124,115,90,131,155,121,154,152,146,144,145,140,156,155,151,156,152,148,150,147,145,127,154,148,154,144,154,155,157,154,154,153,154,154,128,149,153,143,147,155,137,154,155,151,142,151,152,90,154,147,94,96,150,153,151,151,152,142,150,134,148,151,146,145,134,144,147,147,137,143,142,125,124,132,135,137,135,134,133,133,131,130,129,125,127,127,124
116,130,118,128,128,125,123,124,121,121,119,118,114,117,111,114,112,110,110,109,105,106,101,102,100,99,97,99,98,79,94,94,91,92,89,89,87,83,84,81,81,79,77,75,71,70,69,71,70,68,66,64,56,61,60,58,58,56,55,54,52,51,49,47,43,43,43,41,39,35,33,33,32,30,27,27,25,23,22,20,18,16,14,12,10,10,8,6,4,2,0,0,0,0,0,0,0,2,4,6,8,10,12,13,16,17,20,22,24,26,27,30,32,34,36,37,39,42,44,46,48,50,52,54,56,58,59,61,63,63,66,68,68,69,71,73,72,73,77,79,81,83,84,85,86,88,91,93,94,79,95,95,97,85,99,99,101,103,102,106,104,108,105,90,106,112,113,113,117,112,121,121,121,123,122,118,126,127,127,130,131,134,134,137,136,123,115,124,141,139,134,144,142,145,144,141,148,143,150,140,151,154,152,155,157,157,119,158,154,161,161,156,165,163,166,153,169,132,170,141,167,153,174,175,171,169,179,176,180,174,185,185,176,182,187,188,175,173,183,192,177,174,189,190,184,195,194,183,183,191,186,195,202,156,199,194,200,197,201,195,203,175,179,211,206,211,212,213,200,210,184,216,213,210,217,189,207,220,218,186,225,219,222,207,213,163,228,225,193,212,223,225,230,202,227,235,209,190,208,237,238,242,212,240,208,223,222,223,230,233,154,234,237,217,251,252,185,211,254,245,203,238,256,203,251,220,174,260,145,252,173,262,221,214,221,176,232,260,252,262,223,193,193,262,262,257,244,225,257,210,261,234,175,216,210,204,232,212,261,218,245,262,196,252,165,229,260,207,163,187,201,237,174,165,167,256,207,232,255,237,203,241,183,239,226,188,200,184,242,245,198,222,242,163,216,235,244,243,160,150,240,200,163,209,222,234,235,163,231,231,216,195,206,231,199,226,214,192,163,211,152,212,139,188,193,174,194,189,185,203,209,220,135,170,208,202,206,150,214,207,157,199,195,183,190,197,154,206,129,155,204,119,153,161,151,195,158,191,192,178,183,190,122,158,148,121,163,186,151,183,180,173,169,170,162,179,176,171,173,169,0,166,160,160,138,165,159,164,153,160,160,161,157,156,153,153,0,125,147,152,141,148,155,137,154,156,152,142,153,154,90,156,151,94,96,153,156,154,154,156,144,155,137,153,155,153,150,140,152,156,156,147,152,151,133,132,141,145,146,144,142,140,140,140,138,136,132,135,134,131
117,132,119,130,130,127,125,126,123,123,120,120,116,119,112,116,114,111,112,110,105,107,102,104,102,101,99,101,100,79,96,96,93,94,91,91,89,85,86,83,83,81,79,77,73,72,71,71,72,70,68,66,56,63,62,60,60,58,57,56,54,53,51,49,45,45,45,43,41,37,35,35,34,32,29,29,27,25,24,22,20,18,16,14,12,12,10,8,6,4,2,0,0,0,0,0,0,0,2,4,6,8,10,11,14,15,18,20,22,24,25,28,30,32,34,35,37,40,42,44,46,48,50,52,54,56,57,59,61,61,64,66,66,67,69,71,70,71,75,77,79,81,82,83,84,86,89,91,92,79,93,94,95,85,97,97,99,101,100,104,102,106,104,90,104,110,111,111,115,111,119,119,121,121,121,116,125,127,126,129,130,133,133,136,137,124,116,126,141,139,134,144,143,145,144,141,148,143,150,141,151,154,152,155,157,157,122,158,155,161,162,156,166,164,167,156,170,133,171,144,169,155,174,176,171,169,179,176,179,175,184,185,176,182,187,188,175,173,183,191,176,174,188,190,183,194,194,183,181,189,185,195,200,155,199,193,198,198,199,192,201,173,174,205,201,204,203,204,189,199,173,203,201,195,203,174,189,202,200,166,205,199,201,185,190,138,203,200,168,186,196,196,200,170,194,201,175,156,173,201,201,203,172,199,166,180,178,178,183,187,74,186,189,0,204,205,137,165,208,198,158,192,210,158,205,174,128,215,99,207,127,217,177,170,179,134,191,221,214,223,186,156,156,227,227,223,212,193,225,180,231,205,147,189,183,179,207,187,237,194,222,241,175,232,145,210,241,190,145,172,186,224,160,151,155,245,197,222,247,228,196,234,176,235,222,184,197,181,242,243,199,222,242,167,218,240,249,248,168,159,250,209,172,219,234,246,249,177,245,246,232,211,223,250,218,246,233,213,185,232,174,232,161,208,214,196,214,210,206,224,229,241,157,192,229,224,228,173,236,229,181,221,218,206,213,220,178,230,153,179,228,155,178,187,175,220,184,216,217,204,208,217,149,184,176,148,190,213,178,210,207,201,197,198,190,207,204,200,203,199,195,195,190,189,168,195,188,194,183,192,192,193,189,189,186,187,186,157,179,183,170,175,183,162,179,180,175,163,174,173,0,175,168,38,115,170,173,170,168,170,157,166,146,162,164,159,156,144,157,159,159,148,154,153,135,133,143,147,148,146,144,143,143,142,140,138,134,137,136,133
116,132,118,130,130,127,125,126,124,123,121,120,116,119,113,116,114,112,112,111,106,108,103,104,102,101,99,101,100,78,97,97,94,95,92,92,90,86,87,84,84,82,80,79,74,74,73,74,74,72,70,68,56,65,64,62,62,60,59,58,56,55,53,51,47,47,47,45,43,39,37,37,36,34,31,31,29,27,26,24,22,20,18,16,14,14,12,10,8,6,4,2,0,0,0,0,0,0,0,2,4,6,8,9,12,12,15,17,19,21,22,25,27,29,31,32,34,37,39,41,43,45,47,49,51,53,54,56,58,58,61,63,63,64,66,68,67,68,72,74,76,78,79,80,81,83,86,88,89,78,90,91,92,84,94,95,96,98,97,101,99,103,101,89,101,107,108,108,112,108,116,116,118,118,118,114,122,124,123,126,127,130,130,133,134,123,115,125,138,136,131,141,140,142,141,138,145,140,147,138,148,152,149,154,155,156,121,157,153,160,160,155,163,162,165,154,167,129,167,142,165,152,171,173,169,167,175,173,177,172,181,181,173,179,184,185,173,171,181,189,175,170,185,186,177,188,187,176,174,180,174,184,188,142,185,178,183,181,181,175,182,154,154,187,181,185,184,185,170,179,154,183,180,175,182,155,170,182,180,0,188,183,186,173,178,127,193,190,160,178,189,190,196,167,193,200,177,156,176,204,205,209,179,206,175,190,190,190,196,200,121,201,204,184,217,218,151,178,220,211,171,205,223,170,218,187,141,227,112,220,140,229,190,183,192,147,204,233,225,236,199,168,168,240,240,236,224,207,238,193,244,218,160,201,196,193,220,200,250,207,235,253,188,245,158,222,254,204,158,185,198,237,173,164,168,258,210,235,259,241,208,246,189,248,234,197,210,195,255,256,211,235,255,180,231,253,261,261,181,172,262,221,184,230,244,256,258,185,253,253,238,217,228,254,222,249,235,215,188,234,175,234,164,210,216,198,216,212,208,226,231,244,158,195,231,226,230,174,238,231,183,223,220,208,215,222,179,232,154,180,230,158,180,189,176,222,186,218,219,206,210,219,150,185,178,149,192,216,179,213,209,203,199,200,191,210,206,202,205,201,197,197,192,192,169,198,191,196,186,194,195,196,192,191,188,190,189,158,182,186,171,178,185,164,182,183,178,165,177,176,112,177,169,0,116,170,173,170,169,170,157,167,145,163,164,159,155,143,157,159,159,149,154,153,136,132,143,147,148,146,144,143,143,142,140,138,134,137,136,133
117,134,119,132,132,129,127,128,125,125,122,122,117,121,114,118,116,114,114,113,108,110,105,106,104,103,101,103,102,78,99,99,96,96,94,94,92,88,89,86,86,84,82,81,76,76,75,76,76,74,72,70,56,67,66,64,64,62,61,60,58,57,55,53,49,48,49,47,45,41,39,39,38,36,33,33,31,29,28,26,24,22,20,18,16,16,14,12,10,8,6,4,2,0,0,0,0,0,0,0,2,4,6,7,10,12,14,16,18,20,21,24,26,28,30,31,33,36,38,40,42,44,46,48,50,52,53,55,57,57,60,62,62,63,65,67,66,67,71,73,75,77,79,80,81,83,86,88,89,79,90,91,92,85,94,95,96,98,97,101,99,103,101,90,101,107,108,108,112,108,115,115,117,0,116,113,120,122,121,124,125,128,128,131,132,122,114,124,136,134,129,139,138,140,138,136,143,138,145,137,146,150,147,152,153,154,120,154,151,157,157,153,160,159,162,152,164,126,164,140,163,150,168,170,166,164,172,170,174,170,178,178,170,176,179,178,165,164,172,178,165,158,174,174,165,176,176,166,163,168,162,172,176,130,173,167,171,170,170,164,171,143,142,175,170,173,172,173,159,168,142,171,169,162,171,142,159,171,0,136,176,172,175,162,166,115,181,180,149,169,179,180,185,156,183,189,167,146,166,193,195,198,170,196,166,181,180,179,185,191,110,192,194,175,208,209,141,169,211,203,163,197,214,162,209,179,132,219,103,212,131,221,183,174,183,138,197,225,217,228,192,159,159,232,232,228,216,199,230,186,236,211,151,193,189,185,213,193,242,199,227,246,181,238,149,214,246,196,149,178,190,229,164,155,159,251,203,227,252,233,200,238,180,240,226,188,203,186,247,248,205,227,247,173,223,245,255,254,174,166,254,214,176,223,239,252,254,180,251,250,237,216,227,254,223,250,235,216,189,235,174,234,165,210,217,199,216,213,207,226,231,244,157,196,232,227,231,174,239,232,184,224,220,209,215,223,179,233,153,180,231,159,179,190,176,223,187,219,220,207,211,219,150,185,179,150,193,217,179,214,210,204,200,201,191,211,207,203,206,202,198,198,191,193,169,199,191,197,187,194,196,197,193,191,189,191,190,159,183,187,171,179,186,164,183,184,179,165,178,177,113,178,170,114,116,171,173,170,168,170,157,167,145,163,164,160,154,143,158,160,160,149,156,155,137,133,145,149,150,148,146,145,145,144,142,140,136,139,138,135
115,133,117,131,131,128,126,127,125,124,122,121,115,120,114,117,115,113,113,112,107,109,104,105,103,102,81,102,102,0,98,99,96,97,94,94,92,88,89,86,86,84,82,81,76,76,75,76,76,74,73,71,56,68,67,65,65,63,62,61,59,58,56,54,51,50,51,49,47,43,41,41,40,38,35,35,33,31,30,28,26,24,22,20,18,18,16,14,12,10,8,6,4,2,0,0,0,0,0,0,0,2,4,4,7,9,11,13,15,17,18,21,23,25,27,28,30,33,35,37,39,41,43,45,47,49,50,52,54,54,57,59,59,60,63,65,64,65,69,71,73,75,77,78,79,81,84,86,87,78,88,89,90,83,92,93,94,96,95,99,97,101,99,89,99,105,106,106,110,106,114,114,116,116,116,112,120,122,121,124,125,128,128,131,132,123,115,125,136,134,129,139,138,140,139,136,143,138,145,137,146,150,147,152,153,154,121,155,151,158,158,152,162,160,163,154,166,129,167,142,165,151,171,172,168,166,176,173,177,172,182,182,174,179,185,185,172,173,180,189,177,171,186,187,181,192,192,183,180,188,183,193,199,153,197,191,197,198,198,192,201,176,176,208,204,208,209,210,197,207,185,213,211,206,215,190,206,217,216,185,222,217,220,207,210,160,225,222,194,212,220,222,228,199,224,232,210,188,209,235,236,240,212,238,208,223,223,220,227,233,151,234,234,217,249,249,181,209,251,241,203,235,252,200,246,215,168,254,137,244,164,254,214,205,213,167,226,253,244,253,218,184,184,253,253,248,236,220,248,204,252,228,166,208,204,198,226,206,252,209,236,253,190,246,155,221,251,201,153,181,193,232,165,155,157,249,201,223,249,228,195,232,174,234,217,180,194,175,237,236,192,213,233,158,207,230,238,237,155,145,235,194,154,200,216,228,229,154,225,222,210,186,197,226,193,220,205,186,159,205,143,203,133,179,186,168,184,182,176,193,199,213,124,163,201,195,199,140,207,200,151,192,189,176,180,190,144,199,117,144,196,124,144,155,141,188,151,184,184,170,174,182,110,147,140,0,156,180,143,179,177,172,169,171,162,182,181,178,182,179,175,177,170,173,149,181,172,181,172,181,183,184,181,181,179,181,181,148,175,179,164,174,182,160,180,182,178,164,178,178,114,178,170,115,117,170,173,170,168,170,157,166,144,162,164,160,153,142,157,160,159,149,155,154,136,131,144,148,149,147,145,144,144,143,141,139,135,138,137,134
114,133,116,131,131,128,127,127,126,124,123,122,115,122,116,118,117,114,115,114,109,110,107,108,105,105,103,105,104,78,100,101,98,99,96,96,94,90,91,88,88,86,84,83,78,78,77,78,78,76,75,73,57,70,69,67,67,65,64,63,61,60,58,56,53,51,53,51,49,45,43,43,42,40,37,37,35,33,32,30,28,26,24,22,20,20,18,16,14,12,10,8,6,4,2,0,0,0,0,0,0,0,2,4,6,8,10,12,14,16,17,20,22,24,26,27,29,32,34,36,38,40,42,44,46,48,49,51,53,53,56,58,58,59,62,64,63,64,68,70,72,74,76,76,77,79,82,84,85,78,85,87,88,82,90,91,92,94,93,97,94,98,97,88,97,103,104,103,107,103,110,110,112,112,112,108,116,118,117,119,118,120,118,120,119,111,102,111,121,118,111,121,118,119,117,113,119,113,119,110,117,119,117,119,119,119,86,118,114,118,118,112,119,116,117,108,116,0,117,82,115,101,121,123,119,117,127,125,130,125,134,135,127,134,139,140,129,130,137,145,134,127,143,144,137,149,148,142,138,145,140,150,156,110,154,150,154,156,155,151,159,134,134,165,162,166,167,168,156,167,144,171,169,165,173,149,166,175,173,143,180,175,178,167,168,118,183,182,153,171,180,181,186,157,184,190,170,147,168,194,195,198,172,196,167,182,182,178,185,192,109,193,193,175,207,208,140,167,210,201,162,195,212,159,207,176,129,216,99,208,128,218,180,171,179,134,195,220,212,222,186,152,152,222,222,216,204,189,216,173,221,196,134,176,172,168,195,174,221,178,204,222,160,214,123,189,219,171,120,151,161,201,133,123,125,218,172,192,218,198,163,201,143,203,187,149,164,145,207,205,163,182,202,129,176,200,208,206,125,115,204,164,122,169,185,197,199,123,194,191,179,155,166,194,163,188,173,155,127,173,110,170,102,146,155,136,152,150,143,161,166,181,91,132,168,163,167,105,173,166,118,157,154,142,145,154,106,164,0,107,162,89,110,123,109,157,123,156,158,146,152,161,90,127,124,92,140,164,125,163,160,153,152,153,143,165,164,159,165,160,157,158,151,155,130,164,154,164,154,162,165,167,164,162,161,164,163,131,158,162,146,156,164,142,163,164,161,145,159,161,98,163,156,102,105,158,162,159,159,162,150,160,138,158,160,156,149,136,154,157,156,146,153,150,134,127,142,145,146,145,143,142,142,141,140,138,135,136,136,134
112,132,114,129,130,127,125,126,124,123,121,121,113,120,113,118,116,114,114,113,109,112,107,108,106,105,103,105,104,78,101,101,98,99,96,96,94,90,91,88,88,86,84,83,78,78,77,77,78,76,74,73,56,70,69,67,67,65,64,63,61,60,58,56,53,0,52,51,49,46,44,44,43,41,38,38,36,34,33,31,29,27,26,24,22,22,20,18,16,14,12,10,8,6,4,2,0,0,0,0,0,0,0,2,4,6,8,10,12,14,14,17,19,21,23,24,25,28,30,32,34,36,38,40,42,44,46,48,50,50,53,55,55,56,59,61,60,61,65,67,69,71,73,74,74,76,79,80,81,76,82,83,84,78,86,86,88,89,89,92,91,94,93,85,93,99,100,100,104,100,107,108,109,109,109,105,113,115,113,116,117,119,119,121,122,116,107,118,127,124,119,130,129,130,129,126,133,128,135,129,135,139,137,141,143,142,112,143,139,146,146,142,149,148,151,144,152,119,153,131,152,139,156,158,154,151,160,157,161,157,165,165,158,163,167,166,153,154,160,166,155,146,162,162,153,164,164,156,151,156,151,161,165,119,163,157,160,162,159,154,161,135,132,164,159,163,162,163,149,158,135,162,159,153,161,136,151,160,158,126,163,157,158,146,147,94,160,158,128,146,152,152,155,126,152,157,136,112,133,157,157,159,133,155,127,140,138,134,139,147,61,146,144,126,156,155,85,114,155,145,106,136,152,98,145,113,64,151,32,142,59,150,112,100,109,0,126,152,145,156,123,89,88,161,162,158,147,133,161,120,168,145,82,126,125,121,150,131,178,136,164,183,122,178,86,153,185,137,86,119,129,171,103,92,96,190,145,167,195,174,140,179,122,184,169,131,148,128,192,191,150,171,191,118,167,192,201,200,120,111,201,161,120,168,186,198,202,125,198,196,184,160,172,202,172,198,183,166,139,187,124,184,119,162,171,155,170,170,163,182,189,204,114,157,194,189,195,135,203,198,150,190,188,177,181,193,146,204,123,149,204,134,152,165,150,200,164,196,199,186,191,200,128,165,162,131,177,201,162,199,197,191,188,190,179,200,199,195,199,194,191,192,182,186,161,192,181,191,180,188,190,190,187,185,183,185,184,151,177,180,163,173,180,156,177,178,173,157,171,171,109,171,164,111,112,165,168,164,163,164,152,161,138,157,159,155,146,136,153,155,155,144,151,149,132,126,140,143,145,143,142,141,141,140,138,137,133,136,135,132
116,138,119,136,136,133,132,133,131,130,128,127,118,126,119,123,121,118,119,118,113,115,110,111,109,108,106,108,107,79,103,104,101,102,99,99,97,93,94,91,91,89,87,86,81,81,80,81,81,79,78,76,58,73,72,70,70,68,67,66,64,63,61,59,56,54,56,54,52,48,46,46,45,43,40,40,38,36,35,33,31,29,28,26,24,24,22,20,18,16,14,12,10,8,6,4,2,0,0,0,0,0,0,0,2,4,6,8,10,12,14,16,18,20,22,23,26,28,30,32,34,36,38,40,42,44,46,48,50,50,53,55,55,56,59,61,60,61,65,67,69,71,73,74,75,77,80,82,83,80,84,85,86,81,88,90,90,92,92,96,94,98,96,90,96,102,103,103,107,103,111,111,112,114,112,109,116,118,117,120,121,124,124,127,126,123,114,124,131,129,124,135,134,136,134,132,138,134,140,134,141,145,143,147,148,149,119,150,147,153,153,149,157,155,158,152,161,128,162,141,160,146,166,167,164,160,170,167,172,166,176,176,168,174,179,179,167,171,175,184,174,165,181,181,175,186,186,181,175,181,177,187,192,147,191,186,191,195,191,187,195,172,170,201,197,202,202,203,191,201,181,206,204,199,208,186,202,211,211,180,215,210,213,204,203,153,218,216,190,208,214,216,220,191,218,224,205,181,204,227,229,232,207,230,203,217,218,211,217,226,140,225,223,207,235,235,166,193,235,225,188,218,234,181,228,196,149,234,117,225,144,234,197,185,193,147,209,233,224,233,200,163,162,233,233,228,215,202,228,186,232,210,144,187,186,181,207,188,232,189,216,233,172,227,133,200,231,183,131,163,172,214,144,133,135,229,183,203,230,208,173,211,152,215,196,158,175,153,218,215,173,192,212,140,186,211,219,218,137,127,217,175,132,179,197,207,210,131,205,199,190,0,176,208,177,204,188,172,146,192,129,190,125,168,178,161,176,177,169,188,195,211,121,164,201,197,202,142,211,205,156,196,194,181,184,196,147,205,122,148,203,131,147,161,145,194,158,189,191,177,182,190,115,152,148,115,163,185,145,182,179,171,168,169,157,177,174,169,172,166,163,164,154,157,130,163,151,161,150,158,158,159,155,154,151,151,151,0,145,149,133,145,153,129,152,154,150,134,151,152,90,154,148,94,97,151,154,152,151,154,142,152,129,150,153,150,142,132,150,154,154,146,153,152,136,128,146,149,152,150,149,148,148,147,146,144,140,143,141,139
115,138,118,136,136,133,131,132,130,129,127,126,116,125,118,122,120,118,118,117,112,114,109,110,108,107,105,107,106,77,102,103,100,101,98,98,96,92,93,0,90,88,86,86,81,81,80,81,81,79,78,76,47,73,72,70,70,68,67,66,0,63,61,60,57,50,57,55,53,49,47,47,46,44,41,41,39,37,36,34,33,31,30,28,26,26,24,22,20,18,16,14,12,10,8,6,4,2,0,0,0,0,0,0,0,2,4,6,8,10,12,14,16,18,20,21,24,26,28,30,32,34,36,38,40,42,44,46,48,49,51,53,53,54,57,59,58,59,63,65,67,69,71,72,73,75,78,80,81,79,82,83,84,79,86,88,88,90,90,94,92,96,94,89,95,100,101,101,105,102,109,109,111,112,111,107,115,117,117,119,121,123,123,126,127,123,114,125,131,130,124,134,134,135,134,131,138,134,140,134,142,145,143,147,148,149,121,150,147,153,153,150,157,155,159,153,161,130,162,142,161,148,166,168,164,162,171,168,173,169,177,178,171,178,183,184,171,175,180,188,178,169,186,186,179,190,192,186,180,187,181,193,198,151,198,192,197,201,198,193,201,179,175,208,206,209,210,211,199,209,189,214,212,208,217,194,211,218,220,190,224,219,222,213,212,161,227,225,199,217,225,226,231,201,227,234,215,190,214,237,240,243,217,240,213,228,228,222,229,238,152,239,237,221,252,253,183,212,255,245,208,239,256,203,251,221,172,260,142,253,171,262,227,215,224,179,241,266,258,268,236,200,199,273,273,268,257,244,270,229,275,254,189,232,232,228,254,236,281,238,266,284,224,279,186,254,285,239,186,221,229,272,202,191,193,287,243,261,289,267,232,270,212,274,257,219,235,215,278,274,234,253,271,200,246,271,279,278,197,188,276,236,193,239,258,268,271,194,267,262,252,227,238,268,236,262,245,229,202,246,183,243,177,220,230,211,225,225,216,235,240,257,165,208,243,239,244,181,250,244,196,235,233,221,222,234,185,244,162,186,242,171,186,201,183,233,198,227,230,216,221,230,155,192,189,158,203,226,185,223,219,211,209,209,196,219,216,211,215,208,206,206,195,200,173,207,194,205,194,202,203,204,200,198,195,198,197,164,190,193,174,186,193,167,189,190,185,167,182,183,120,183,174,121,123,174,178,173,173,175,162,171,144,167,169,164,154,142,162,164,164,153,160,157,141,132,149,153,154,152,150,149,149,148,146,144,140,143,142,139
0,119,97,118,120,118,118,119,119,119,119,119,110,121,115,120,120,118,119,120,115,117,112,113,111,109,108,110,109,80,105,106,103,104,101,101,99,95,96,92,92,91,89,88,83,83,81,82,83,80,80,78,58,75,74,72,72,70,69,68,66,65,63,61,58,56,58,56,54,50,48,48,47,45,42,43,41,39,38,36,35,33,32,30,28,28,26,24,22,20,18,16,14,12,10,8,6,4,2,0,0,0,0,0,0,0,2,4,6,8,10,12,14,16,18,19,22,24,26,28,30,32,34,36,38,40,42,44,46,47,49,51,51,52,55,57,56,57,61,63,65,67,69,70,71,73,76,78,79,78,80,81,82,78,84,86,86,88,88,92,90,94,92,89,93,98,99,99,103,100,107,107,109,110,109,106,113,115,115,117,119,121,121,124,125,122,114,124,129,128,122,132,132,133,132,129,136,132,138,132,140,143,140,144,146,146,119,147,145,150,151,148,154,152,156,152,158,129,159,141,158,145,164,164,161,158,167,164,170,165,173,174,167,172,177,178,165,171,174,182,173,163,180,180,173,184,186,181,174,180,175,185,191,145,190,186,189,194,190,186,193,173,167,199,197,200,201,202,190,201,181,204,203,198,207,187,202,209,211,181,213,209,211,203,202,150,216,216,189,207,212,213,217,186,213,218,199,173,196,218,220,222,198,218,192,206,206,197,203,214,125,213,209,194,222,221,151,179,221,212,175,204,221,166,214,182,133,219,101,211,128,219,184,170,178,132,196,218,209,218,186,147,147,219,218,214,201,188,214,172,218,196,128,171,171,166,192,173,217,173,199,218,157,211,116,184,215,168,114,148,155,198,127,116,118,213,167,187,215,191,155,195,135,198,181,142,159,0,204,202,162,181,201,130,177,203,213,213,132,125,214,173,130,179,199,209,214,135,211,206,197,171,183,215,184,211,193,179,153,198,135,196,132,174,185,167,181,184,174,194,201,218,125,171,206,203,209,146,217,212,164,205,202,191,194,208,157,218,139,161,219,149,163,180,162,213,177,206,210,196,201,209,133,170,169,138,183,206,163,203,199,191,189,190,176,199,196,192,195,187,186,187,175,181,152,187,173,185,175,182,184,184,180,179,177,178,177,144,170,173,153,166,172,147,169,170,165,147,164,163,102,163,156,102,104,157,159,156,154,156,143,152,125,148,150,145,135,123,143,145,145,135,141,139,122,111,129,132,134,131,130,129,128,127,126,124,119,122,121,118
109,132,111,130,130,127,125,126,124,122,121,120,108,120,112,117,115,113,113,112,107,110,105,106,104,103,80,103,102,0,100,102,100,102,100,100,99,95,96,93,93,91,89,88,83,83,81,82,83,80,80,78,57,75,74,72,72,70,69,68,66,65,63,61,58,57,58,57,55,51,49,49,48,46,43,44,42,40,39,37,36,34,33,31,29,29,27,25,23,21,19,17,15,13,11,9,7,4,4,2,0,0,0,0,0,0,0,2,4,6,8,10,12,14,16,17,20,22,24,26,28,30,32,34,36,38,40,42,44,45,47,49,49,50,53,55,54,55,59,61,63,65,67,69,69,71,74,76,77,76,78,79,80,76,82,84,84,86,87,90,88,92,90,89,92,96,97,97,101,99,105,105,107,108,108,104,111,113,114,115,117,118,118,121,122,119,113,122,126,126,119,129,129,130,129,126,133,130,135,129,138,139,137,141,142,142,118,143,141,146,147,144,150,148,152,148,153,127,154,137,153,140,158,159,156,153,161,158,164,159,166,167,160,167,170,171,158,165,168,174,166,156,173,172,163,174,175,171,162,167,161,171,175,128,174,168,170,176,169,165,172,150,142,174,171,173,172,173,160,170,151,172,171,164,173,152,167,174,174,144,175,170,171,163,159,106,172,171,145,160,166,166,169,138,164,168,151,122,148,167,168,170,146,166,140,153,152,143,0,160,61,158,156,141,170,171,102,131,174,166,132,161,179,126,174,143,94,183,64,176,93,185,152,138,146,102,167,189,182,192,161,124,123,196,197,193,181,172,196,158,202,183,116,159,161,158,183,166,210,167,195,214,155,209,116,183,215,170,116,152,159,204,133,122,126,220,177,196,226,203,169,208,150,215,196,158,177,157,222,217,179,196,216,148,192,220,229,228,149,140,230,189,145,193,214,222,229,150,225,220,212,187,197,231,199,224,208,194,168,212,149,209,147,187,199,182,195,198,188,207,214,232,139,185,219,217,223,160,231,226,179,217,217,204,205,218,168,228,149,169,226,157,169,186,167,218,183,212,215,201,207,215,138,176,175,145,190,211,169,209,205,196,197,196,183,206,203,199,202,194,195,194,183,188,160,196,181,194,183,191,193,194,190,188,185,188,187,154,180,183,162,175,183,155,180,181,176,156,174,173,113,175,166,114,115,167,171,166,165,168,155,164,136,159,162,157,146,134,156,158,158,147,153,151,135,123,143,146,147,146,144,143,142,142,140,138,134,137,136,133
109,133,110,129,131,128,126,127,125,124,122,122,109,121,113,118,117,114,115,114,109,113,108,109,107,105,105,106,106,76,102,103,100,101,98,97,96,92,93,89,89,88,87,86,81,81,79,80,81,78,78,77,0,75,74,72,73,71,70,69,67,66,64,62,59,57,59,57,55,52,50,50,49,47,43,45,43,41,41,39,39,37,36,34,32,32,30,28,26,24,22,20,18,16,14,12,10,7,6,4,2,0,0,0,0,0,0,0,2,4,6,8,10,12,14,15,18,20,22,24,25,27,29,31,33,35,37,39,41,43,45,47,47,48,51,53,52,54,58,60,62,64,66,68,67,69,72,73,74,73,75,76,77,74,79,80,81,82,83,85,84,87,86,86,88,91,93,93,97,95,100,101,102,103,103,100,105,107,108,109,111,112,112,114,115,114,107,116,120,119,112,123,122,123,122,119,126,123,128,124,130,132,130,134,136,135,113,137,135,140,141,138,144,142,146,142,147,122,148,132,147,134,152,153,150,146,155,152,157,152,158,158,151,156,159,158,145,151,153,158,149,138,154,154,145,156,157,152,144,148,143,153,157,110,156,150,152,157,151,147,153,132,124,156,152,155,154,155,142,151,132,154,152,145,154,134,149,153,154,124,155,150,151,143,139,85,152,151,125,140,145,145,148,118,145,149,133,104,129,148,149,151,128,147,122,135,134,125,130,142,51,140,136,121,148,147,76,106,147,137,101,128,144,89,136,104,53,142,21,133,48,141,105,91,0,47,120,143,136,146,117,79,78,152,153,149,138,128,152,114,159,140,73,117,120,117,142,126,170,128,155,175,118,171,77,146,177,134,78,116,121,168,95,84,88,183,142,160,190,167,132,172,114,181,162,124,145,124,189,184,147,164,184,115,160,189,197,196,117,108,198,158,112,161,182,191,198,117,194,189,180,156,165,199,169,192,176,163,136,180,116,177,116,155,168,150,162,166,156,175,182,200,106,154,187,186,192,127,199,194,147,185,185,174,174,188,138,201,122,141,201,132,144,162,143,196,161,189,195,181,187,197,119,158,159,130,174,198,155,196,193,184,185,186,172,197,196,191,196,188,189,189,177,184,155,191,176,190,178,187,189,189,186,184,182,184,183,151,176,179,158,171,179,151,176,177,172,152,170,170,110,170,162,110,112,164,167,163,162,163,151,160,132,156,159,154,142,130,152,155,154,144,150,149,133,120,141,143,145,143,142,142,139,139,139,138,134,137,135,131
121,144,120,142,142,139,137,138,136,135,133,132,118,131,124,128,126,124,124,123,118,120,115,116,114,112,111,113,112,83,108,109,106,107,105,105,103,99,100,96,96,95,93,92,86,87,85,86,87,84,84,82,61,79,78,76,76,74,73,72,70,69,67,65,62,60,62,60,58,54,52,52,51,49,45,47,45,43,43,41,40,38,37,35,33,33,31,29,27,25,23,21,19,17,15,12,12,9,8,6,4,2,0,0,0,0,0,0,0,2,4,6,8,10,12,13,16,18,20,22,24,26,28,30,32,34,36,38,40,42,44,46,46,47,50,52,51,53,57,59,61,63,65,67,67,69,72,74,75,74,76,77,78,76,81,83,83,85,86,89,87,91,89,90,91,95,96,96,100,98,104,104,106,107,107,104,110,112,113,114,116,117,116,117,116,112,108,84,117,118,0,121,120,122,120,118,125,122,127,123,130,132,130,134,136,136,114,138,137,141,143,139,146,144,148,144,150,125,151,136,150,137,156,157,154,151,160,157,163,159,166,167,161,168,172,173,160,169,170,177,169,158,176,175,168,179,181,178,171,176,170,182,187,140,187,183,186,192,187,184,192,173,164,197,195,198,199,200,190,200,183,203,202,197,206,188,204,209,210,184,213,209,212,207,201,150,216,216,192,208,215,216,220,190,219,223,210,180,207,227,230,233,212,231,208,223,223,212,220,233,142,232,229,216,242,243,174,202,245,237,203,231,248,194,243,212,162,251,132,245,161,253,222,206,215,170,236,257,249,260,231,191,191,264,265,260,247,239,262,224,268,249,180,223,227,224,247,231,274,230,258,277,219,272,178,245,278,234,178,216,221,267,195,184,187,283,241,258,287,264,228,267,208,273,253,214,234,214,277,271,233,249,268,199,243,270,279,278,197,188,275,235,189,236,258,265,271,190,267,259,252,225,234,267,235,259,241,228,202,243,178,240,178,216,229,208,221,225,212,232,237,257,160,207,240,238,243,176,250,244,196,233,232,220,219,232,180,243,164,181,241,171,181,201,179,233,198,224,230,215,220,229,150,188,189,160,204,227,182,223,221,210,211,211,195,220,217,213,216,207,208,208,194,202,170,209,193,207,196,203,206,207,203,200,198,199,200,166,193,196,173,188,195,167,192,193,188,166,185,185,125,186,178,0,127,179,183,178,177,180,167,176,145,171,174,168,156,143,167,169,169,158,165,162,146,133,154,158,159,157,155,154,151,153,151,150,146,148,148,143
122,145,121,142,143,140,138,139,137,136,134,133,118,132,124,129,127,125,125,124,118,121,116,117,115,113,112,114,113,84,108,110,107,108,106,106,104,100,101,97,97,96,94,93,87,88,86,87,88,85,85,83,62,80,79,77,77,75,74,73,71,70,68,66,63,61,63,61,59,55,53,53,52,51,47,49,47,45,45,43,43,41,40,38,36,36,34,32,30,28,26,24,22,20,18,15,14,11,10,8,6,4,2,0,0,0,0,0,0,0,2,4,6,8,10,11,14,16,18,20,22,24,26,28,30,32,34,36,38,40,42,44,44,45,48,50,49,51,55,57,59,61,63,65,65,67,70,72,74,73,75,76,77,75,80,82,82,84,85,88,86,90,88,89,90,94,95,95,99,97,103,103,105,106,106,103,109,111,112,113,115,117,117,120,121,119,114,121,125,125,118,129,128,130,128,126,133,130,135,131,138,140,138,142,144,144,123,146,145,149,151,147,154,152,156,152,158,134,159,145,158,145,164,165,162,159,168,165,170,166,173,174,168,175,179,180,167,176,177,183,175,165,182,182,175,186,188,185,177,182,177,188,193,146,193,188,191,198,192,188,196,178,169,202,199,203,202,203,191,200,184,203,201,195,203,186,199,204,205,177,206,201,202,197,190,137,204,202,179,192,198,198,201,170,196,201,186,156,183,201,202,204,182,200,176,190,189,178,183,197,70,193,191,144,204,205,0,164,207,198,165,192,210,156,205,174,124,214,94,207,123,216,185,168,177,132,199,220,213,222,194,154,153,227,227,223,211,203,225,188,231,213,144,187,191,188,210,195,237,194,221,240,183,235,141,209,241,198,141,180,184,232,158,147,151,246,205,222,251,228,194,233,174,243,221,183,205,184,250,243,206,222,242,174,218,248,256,256,176,167,257,216,168,218,240,246,254,171,249,241,234,208,216,250,218,241,223,211,185,225,161,222,161,198,212,191,203,208,195,214,219,240,142,190,222,222,226,159,234,227,180,216,216,204,203,215,164,228,149,165,226,157,166,186,164,218,182,209,215,198,204,214,133,170,174,144,189,211,0,210,207,197,200,200,186,212,210,207,210,202,205,205,193,201,170,209,192,207,196,204,206,207,203,201,200,199,200,168,193,196,174,188,196,167,193,194,189,167,187,187,127,187,179,126,129,180,183,179,177,180,167,176,144,171,174,168,155,143,167,169,169,158,165,163,147,133,155,158,160,157,156,155,150,153,152,151,147,149,148,142
118,141,115,138,139,136,134,135,133,132,130,128,112,129,121,124,124,122,122,121,115,117,114,115,113,110,111,113,112,83,106,109,106,106,105,105,103,100,101,97,97,96,94,93,87,88,87,88,88,86,85,83,63,81,80,78,78,76,75,74,72,72,70,68,65,63,65,63,61,57,55,55,54,53,49,51,49,47,47,45,45,43,42,40,38,38,36,34,32,30,28,26,24,22,20,17,16,13,12,10,8,6,4,2,0,0,0,0,0,0,0,2,4,6,8,9,12,14,16,18,20,22,24,26,28,30,32,34,36,38,40,42,42,43,46,48,47,49,53,55,57,59,61,63,63,65,68,70,72,71,73,74,75,73,78,80,80,82,83,86,84,88,86,87,88,92,93,91,95,94,99,98,100,102,101,100,104,106,107,108,109,111,111,112,113,110,105,110,114,113,79,114,112,112,110,106,112,108,112,106,112,112,109,112,112,0,90,112,110,113,114,110,114,111,113,109,112,88,110,90,109,0,115,116,114,111,120,117,123,119,126,127,121,129,132,133,121,131,133,139,132,120,139,139,131,143,145,142,135,140,134,146,151,93,151,148,150,157,151,149,156,139,129,162,160,163,164,165,155,166,149,168,168,162,172,156,169,175,176,151,179,175,178,174,167,116,182,183,160,175,182,183,187,157,186,190,178,147,177,194,197,200,180,198,176,191,191,179,188,201,109,199,196,184,209,210,141,170,212,205,172,199,216,163,211,181,131,220,100,214,130,222,192,174,183,139,205,226,218,229,201,160,160,234,234,230,217,210,232,195,238,220,151,193,198,196,217,202,244,201,228,247,191,242,147,215,248,206,147,188,191,239,165,153,157,253,213,229,258,235,201,240,180,250,228,189,213,193,257,250,214,229,249,181,225,255,263,263,184,175,264,224,176,225,248,254,262,178,257,249,242,217,224,258,227,249,231,220,194,233,168,230,170,206,221,199,211,216,202,222,227,248,150,199,230,231,235,167,242,235,189,224,224,213,211,223,172,237,158,173,235,166,173,195,172,226,192,216,223,207,212,223,142,181,184,155,198,220,175,217,213,202,205,203,187,214,211,206,208,200,203,201,187,196,163,204,187,202,190,198,201,202,198,195,193,193,195,162,188,191,166,182,191,160,188,189,184,160,181,182,122,182,173,121,124,174,178,173,172,176,162,172,139,167,170,164,150,137,163,165,165,154,161,158,142,127,151,154,156,153,152,151,145,149,148,147,143,144,143,137
125,148,120,145,146,143,141,142,140,139,135,134,117,135,126,131,130,128,128,127,120,123,119,120,117,115,114,117,116,87,108,113,110,110,109,109,107,103,104,100,100,99,97,95,90,91,90,91,91,89,88,86,66,84,83,81,81,79,78,77,75,74,72,70,67,65,67,65,63,59,57,57,56,55,51,53,51,49,49,47,47,45,44,42,40,40,38,36,34,32,30,28,26,24,22,19,18,15,14,12,10,8,6,4,2,0,0,0,0,0,0,0,2,4,6,7,10,12,14,16,18,20,22,24,26,28,30,32,34,36,38,40,40,41,44,46,45,47,51,53,55,57,59,61,60,62,65,67,69,68,70,71,72,69,74,76,76,79,80,83,81,85,83,85,86,90,92,92,96,94,100,100,102,103,103,100,106,108,109,110,112,114,114,117,118,116,111,118,122,122,115,126,125,127,125,123,130,127,132,128,135,137,135,139,141,141,122,143,142,146,147,144,150,148,152,149,155,133,156,143,155,142,161,162,159,156,165,162,168,163,171,171,165,172,176,177,164,173,174,180,172,162,180,179,172,183,185,182,174,178,172,182,186,0,185,180,181,189,183,179,188,171,159,193,191,194,195,196,186,196,181,199,198,193,202,186,199,204,205,179,206,201,202,199,190,136,203,203,180,193,199,199,201,170,197,201,188,155,184,200,202,204,184,200,178,192,191,178,185,199,0,194,192,146,204,205,134,165,208,200,169,194,212,157,207,176,125,215,94,209,124,217,188,168,179,133,200,221,214,224,197,155,154,229,229,225,212,205,227,191,233,216,145,188,194,191,212,198,239,195,223,243,187,238,142,211,244,202,142,184,186,235,160,148,152,249,209,225,255,231,196,237,177,246,225,185,209,189,253,246,211,225,245,177,221,251,261,260,181,173,261,221,172,222,246,251,261,178,257,249,244,218,226,261,231,253,235,226,200,240,175,237,178,213,228,205,218,224,209,229,234,255,156,206,237,238,242,173,250,243,197,231,231,220,217,230,178,243,166,179,241,174,180,202,178,234,199,223,231,213,219,230,147,187,192,162,205,227,180,224,221,208,212,209,194,221,218,214,214,206,211,209,194,204,171,212,193,209,198,205,209,210,206,202,202,199,203,171,196,199,175,190,199,168,196,197,192,167,189,189,130,190,181,129,132,182,186,181,179,183,169,178,144,173,177,170,155,143,170,172,172,160,168,165,149,133,158,161,162,160,159,158,150,156,155,154,150,151,150,142
121,142,115,140,140,138,136,137,135,135,132,0,111,132,124,130,130,127,129,128,122,124,120,121,118,116,114,118,117,88,108,114,111,111,110,110,108,104,105,101,100,100,98,96,90,92,91,92,92,90,89,87,68,85,84,82,82,80,79,78,76,75,74,72,69,67,69,67,65,61,59,59,58,57,53,55,53,51,51,49,49,47,46,44,42,42,40,38,36,34,32,30,28,26,24,21,20,17,16,14,12,10,8,6,4,2,0,0,0,0,0,0,0,2,4,5,8,10,12,14,16,18,20,22,24,26,28,30,32,34,36,38,38,39,42,44,43,45,49,51,53,55,57,59,60,61,64,66,68,67,69,70,71,70,74,76,76,79,80,83,81,85,83,85,86,90,92,92,96,94,100,100,102,103,103,100,106,108,109,110,112,114,115,117,119,117,111,119,123,123,118,127,125,128,126,124,131,128,133,128,136,138,136,140,141,142,122,144,142,147,147,144,151,149,153,149,155,134,156,144,155,143,161,162,159,156,165,162,168,163,171,171,165,171,175,175,162,172,172,179,171,160,177,177,170,181,183,180,172,178,172,183,189,143,188,183,187,193,188,184,191,176,165,198,195,198,199,200,189,199,185,203,202,196,206,191,203,209,210,187,212,208,211,208,200,148,215,214,194,206,212,214,219,189,216,222,210,178,209,225,227,231,212,229,208,223,223,210,220,233,139,229,226,217,240,240,171,200,242,233,203,227,244,191,239,208,157,246,124,237,153,246,215,196,206,158,224,245,236,245,219,175,174,246,246,241,228,222,241,205,245,229,156,199,205,200,220,207,245,202,228,246,191,240,143,213,244,203,141,182,184,233,156,143,145,242,202,216,245,221,186,225,165,235,210,172,195,175,238,229,193,206,226,157,200,231,239,238,157,147,236,195,144,193,217,221,230,146,226,215,211,185,190,227,194,215,198,187,162,199,133,196,136,172,187,164,176,183,168,186,192,214,113,164,194,195,199,128,207,200,152,187,189,176,172,184,131,198,120,131,195,127,132,155,131,187,151,176,183,164,169,181,96,0,140,113,156,179,132,178,176,164,169,167,153,181,180,177,178,170,175,176,161,172,132,181,162,181,171,178,183,184,182,180,180,176,181,150,176,180,155,174,183,152,181,183,179,154,179,180,122,182,174,124,126,176,179,175,173,176,163,172,137,167,170,165,148,137,164,166,166,155,162,160,144,127,152,155,157,154,153,152,143,150,149,148,144,146,145,134
122,145,115,141,143,140,138,139,136,136,133,132,113,133,124,130,129,127,127,126,120,124,120,121,118,116,113,118,117,88,107,114,111,111,110,110,108,104,105,101,101,100,99,97,92,93,92,92,93,91,90,88,69,86,85,83,83,81,80,79,77,76,75,73,70,68,70,68,66,62,60,60,59,58,54,56,54,52,52,50,50,48,47,45,43,43,41,39,37,35,33,31,29,27,25,22,21,18,17,14,14,12,10,8,6,4,2,0,0,0,0,0,0,0,2,2,5,7,9,11,13,15,17,19,21,23,25,27,29,31,33,35,36,37,40,42,41,43,47,49,51,53,55,57,58,59,62,64,66,65,67,68,69,68,72,73,74,77,79,80,79,82,81,82,83,87,89,89,93,92,96,97,98,99,99,97,102,104,105,106,108,109,110,111,113,112,107,114,118,119,115,122,121,122,121,118,125,122,127,124,130,132,130,134,136,135,118,137,135,140,141,139,144,142,146,143,147,129,148,138,147,137,152,153,150,146,155,152,157,153,160,160,154,162,164,165,152,161,162,166,158,146,163,162,153,164,165,161,153,156,151,161,165,121,164,159,160,166,159,156,162,145,132,164,160,163,162,163,151,161,146,162,161,154,163,148,159,164,164,139,165,160,161,158,149,94,162,162,140,151,156,156,158,128,156,159,148,114,145,159,160,162,144,158,138,151,150,136,144,158,59,152,148,137,159,158,88,117,158,149,117,140,156,100,149,117,64,154,0,146,30,154,124,102,114,0,135,156,149,160,135,92,91,166,167,163,151,146,166,132,173,157,84,129,137,135,155,143,183,140,167,187,134,182,85,156,189,149,85,131,131,183,104,90,95,194,157,171,201,178,142,183,123,195,172,133,158,139,203,194,161,174,193,125,170,203,211,210,132,123,212,172,120,171,196,201,211,126,208,198,194,170,175,213,183,202,186,177,151,190,125,187,132,165,182,159,172,180,165,185,192,214,114,168,197,200,206,135,213,208,162,195,199,188,184,198,146,215,138,149,215,148,153,177,153,210,176,199,209,191,197,211,127,170,175,146,189,212,165,210,207,194,200,197,182,211,210,205,205,196,202,201,184,195,163,203,182,202,189,196,201,201,198,195,194,190,195,163,189,191,165,182,191,158,189,190,185,158,182,182,124,182,173,124,125,176,180,175,173,175,163,172,137,167,171,165,147,137,165,167,166,155,162,160,144,126,153,154,157,154,155,154,144,152,151,150,146,147,146,136
94,116,86,112,113,110,108,109,107,106,102,93,81,102,93,98,97,94,94,93,86,89,85,85,0,80,75,82,83,53,73,82,81,82,82,83,83,81,83,80,81,82,81,81,76,80,80,81,83,81,82,81,61,81,80,80,80,79,79,78,76,74,74,72,69,67,69,67,66,62,60,60,59,58,55,56,55,53,54,52,52,50,49,47,45,45,43,41,39,38,36,34,32,30,28,25,24,21,20,17,16,14,12,10,8,6,4,2,0,0,0,0,0,0,0,2,4,6,8,10,12,14,16,18,20,22,24,26,28,30,32,34,35,36,39,41,40,42,46,48,50,52,54,56,57,58,61,63,65,64,66,67,68,67,71,73,73,76,77,79,77,81,79,80,81,85,86,86,90,89,94,94,96,97,97,95,100,102,103,104,106,108,109,111,113,111,106,113,117,117,116,120,120,121,120,117,124,121,126,121,129,131,128,132,134,135,117,136,135,139,140,138,143,141,145,142,148,130,149,140,148,138,154,154,152,149,158,155,161,157,164,165,159,165,169,170,156,166,166,173,165,154,172,171,164,175,177,174,167,172,166,177,183,140,182,178,181,187,182,179,186,172,159,192,189,193,193,194,184,194,181,197,196,191,200,187,198,203,204,183,206,202,205,204,194,143,209,209,189,201,208,209,213,183,211,216,206,172,204,219,222,225,208,223,204,219,219,204,216,228,134,224,221,212,234,235,168,194,237,229,199,223,240,185,235,204,153,243,121,236,152,245,217,197,209,160,228,248,240,251,226,181,181,255,255,251,238,233,253,219,258,242,168,211,217,214,233,220,258,214,240,259,205,252,155,225,256,216,152,196,196,246,168,155,157,255,216,229,258,234,198,238,178,248,224,184,209,190,251,242,208,219,239,170,213,245,254,251,172,163,250,210,158,207,232,235,245,160,240,229,226,200,204,241,209,229,211,202,177,213,147,210,152,186,203,178,191,199,182,200,207,230,127,180,210,212,216,143,224,217,169,203,205,193,188,201,147,216,139,148,214,146,148,173,148,205,170,192,202,182,188,200,114,157,160,132,175,196,150,193,190,175,180,176,159,189,186,182,180,171,177,177,158,171,0,177,157,177,167,173,179,180,177,175,175,168,175,142,168,172,143,164,171,138,167,168,163,135,161,161,102,161,152,101,103,154,156,153,150,153,140,149,111,144,147,141,122,111,140,142,142,131,138,136,120,99,127,130,132,129,128,127,116,125,124,122,118,121,119,93
124,147,115,143,145,142,140,141,137,138,134,134,113,135,126,132,131,129,129,128,122,126,122,123,120,118,114,120,120,91,108,117,114,114,113,113,111,107,108,104,104,103,102,100,95,96,95,95,96,94,93,91,72,89,88,86,86,84,83,82,80,79,78,76,73,71,73,71,70,66,64,64,63,62,58,60,58,56,56,54,54,52,51,49,47,47,45,43,41,40,38,36,34,32,30,27,26,23,22,19,18,16,14,12,10,8,6,4,2,0,0,0,0,0,0,0,2,4,6,8,10,12,14,16,18,20,22,24,26,28,30,32,33,34,37,39,38,40,44,46,48,50,52,54,55,56,59,61,63,62,64,65,66,66,69,70,71,74,76,78,76,80,78,80,81,85,87,87,91,90,94,95,96,97,97,96,100,102,103,104,106,107,108,109,111,111,106,112,116,117,117,120,119,120,119,116,123,120,126,123,128,130,128,132,134,134,119,135,134,138,139,138,142,140,144,142,146,130,147,139,146,138,151,152,149,146,154,151,157,153,159,160,153,161,163,164,151,160,162,166,158,146,163,162,153,164,165,161,153,156,151,161,165,123,164,159,160,166,159,156,162,147,132,164,160,163,162,163,151,161,148,162,161,154,163,150,159,164,164,141,165,160,161,160,149,0,162,162,142,152,157,157,159,129,157,160,151,115,148,160,161,163,147,159,141,154,153,137,147,159,63,153,149,140,160,159,91,118,159,150,120,141,157,101,150,118,65,154,2,147,0,154,127,103,118,67,137,158,151,162,139,93,92,167,168,164,152,149,167,135,174,160,86,130,139,137,156,146,184,141,168,188,136,183,87,157,190,152,86,133,132,186,106,93,97,195,159,172,202,179,143,184,125,198,173,134,160,142,206,195,163,174,194,127,171,206,214,211,135,126,215,174,122,172,199,202,214,128,209,199,197,173,176,216,184,203,187,179,154,191,126,188,135,166,184,161,173,183,166,186,193,217,114,171,198,202,208,136,216,211,165,196,202,190,185,199,147,217,141,150,217,151,154,180,154,212,179,201,212,192,198,214,128,172,178,149,191,214,167,212,210,195,202,198,183,213,211,207,206,196,204,203,185,197,163,205,183,203,190,196,203,203,200,197,195,190,197,165,191,193,165,184,193,158,191,192,187,158,183,184,126,184,175,126,127,178,182,177,174,177,165,174,137,168,173,166,147,137,167,169,168,156,164,162,146,126,155,156,159,156,157,156,144,154,153,152,148,149,148,136
131,153,120,150,152,149,147,148,143,145,141,140,117,141,132,137,136,132,134,133,126,129,125,126,123,120,115,123,123,94,109,120,117,117,116,116,114,110,111,107,106,106,104,102,97,98,97,98,98,96,95,93,74,91,90,88,88,86,85,84,82,81,80,78,75,72,75,73,72,68,66,66,65,64,60,62,60,58,58,56,56,54,53,51,49,49,47,45,43,42,40,38,36,34,32,29,28,25,24,21,20,18,16,14,12,10,8,6,4,2,0,0,0,0,0,0,0,2,4,6,8,10,12,14,16,18,20,22,24,26,28,30,31,32,35,37,36,38,42,44,46,48,50,52,53,54,57,59,61,60,62,63,64,64,67,69,69,72,74,76,74,78,76,78,79,83,85,85,89,88,93,93,95,96,96,95,99,101,102,103,105,107,108,110,112,112,107,113,117,118,119,121,120,122,120,118,125,122,128,126,130,133,131,135,137,138,124,139,140,142,144,142,147,145,149,147,152,136,153,146,152,145,158,159,156,153,162,159,165,161,168,169,163,171,174,175,162,171,173,179,171,160,178,177,170,181,183,180,173,178,172,183,189,148,189,185,188,194,189,186,194,180,166,199,196,200,200,202,192,202,190,205,204,198,208,196,205,211,212,190,214,210,213,213,202,153,217,217,199,209,216,217,220,191,219,223,215,180,213,227,229,232,217,230,212,227,227,211,223,233,141,228,224,216,236,235,169,194,235,227,198,219,236,180,229,197,146,234,112,226,141,234,206,183,196,146,213,233,224,233,209,162,161,235,234,229,215,212,230,195,234,219,142,186,192,191,208,196,233,190,215,234,181,227,128,199,231,192,123,172,168,222,141,0,132,232,195,208,237,213,178,219,158,232,207,167,195,176,239,229,197,208,228,159,204,238,246,244,167,157,245,204,0,199,226,227,240,153,235,225,223,199,202,242,211,230,213,206,181,217,152,215,160,193,212,186,200,210,193,213,220,244,139,198,225,230,236,161,243,238,192,223,229,218,212,226,172,244,168,175,244,178,179,206,180,238,205,225,236,216,221,236,149,193,197,169,211,233,186,230,226,210,218,211,196,227,224,220,217,208,216,215,196,209,174,217,193,215,202,207,214,214,211,208,207,200,207,176,201,203,175,195,203,170,200,201,196,168,192,194,137,194,185,136,138,187,190,186,184,187,174,183,144,178,182,175,155,145,174,177,176,165,172,171,155,134,164,165,168,164,164,164,150,161,161,160,156,157,155,144
94,115,81,116,118,116,116,117,113,117,115,115,93,119,111,117,118,116,118,119,113,118,114,117,115,113,108,117,119,90,105,118,116,116,117,117,115,111,112,108,108,107,105,103,98,99,97,99,99,97,96,94,76,92,91,90,89,88,87,86,84,83,82,80,77,74,77,75,74,70,68,68,67,66,62,64,62,60,60,58,58,56,55,53,51,51,49,47,45,44,42,40,38,36,34,31,30,27,26,23,22,20,18,16,14,12,10,8,6,4,2,0,0,0,0,0,0,0,2,4,6,8,10,12,14,16,18,20,22,24,26,28,29,30,33,35,34,36,40,42,44,46,48,50,51,52,55,57,59,58,60,61,62,62,65,67,67,70,71,74,72,76,74,76,78,81,83,83,87,86,91,91,92,94,93,0,96,98,99,100,102,104,105,107,109,109,103,110,113,115,115,117,116,118,116,113,120,118,123,119,125,128,125,129,131,132,117,133,133,136,136,136,140,138,142,140,145,130,146,140,145,139,151,151,150,147,155,153,158,155,161,162,157,163,167,167,154,163,165,172,163,152,171,170,162,174,176,172,166,171,164,177,182,142,182,177,180,186,181,178,184,173,157,191,188,192,192,193,183,193,182,196,195,190,199,188,196,202,203,183,205,201,204,203,193,145,208,208,190,200,207,208,212,182,210,215,207,171,205,218,221,224,209,222,205,218,220,203,217,227,136,223,220,213,233,234,169,193,236,228,200,222,239,184,234,203,152,242,121,235,152,244,218,196,210,160,227,247,239,250,227,180,180,254,254,250,237,234,252,220,257,245,168,212,220,218,235,225,260,216,243,261,209,255,156,227,259,221,155,200,198,251,169,158,160,257,221,232,260,237,201,240,180,253,226,187,214,194,256,245,212,222,241,172,216,249,257,254,177,168,255,214,162,209,237,238,249,162,243,232,231,205,207,246,214,232,214,207,182,216,150,213,158,189,208,181,194,202,184,204,210,236,130,187,213,218,222,147,230,223,176,207,211,199,192,205,151,222,145,152,220,153,152,180,152,209,177,196,208,186,192,207,118,165,167,140,182,203,157,200,197,180,187,181,164,196,193,189,185,176,185,184,164,178,141,186,162,183,170,175,183,183,179,176,175,166,176,142,169,173,141,164,172,136,168,169,164,133,159,162,103,162,152,102,104,154,157,153,150,154,141,150,110,144,149,142,120,109,141,142,143,131,137,137,119,96,128,130,132,129,127,128,113,126,125,123,119,120,118,0
133,155,120,152,154,151,149,150,143,147,143,142,117,143,133,139,138,135,136,135,128,131,127,128,125,122,115,125,125,96,109,122,119,119,118,118,116,112,113,109,108,108,106,104,99,100,98,100,100,98,97,95,77,93,92,91,90,89,88,87,85,84,83,81,78,74,78,76,75,71,69,69,68,67,63,65,63,61,61,59,59,57,56,54,52,52,50,48,46,45,43,41,39,37,35,32,31,28,27,24,23,21,19,17,15,13,11,9,7,5,2,2,0,0,0,0,0,0,0,2,4,6,8,10,12,14,16,18,20,22,24,26,27,28,31,33,32,34,38,40,42,44,46,48,50,51,54,56,58,57,59,60,61,61,64,66,66,69,71,73,71,75,73,75,76,80,82,82,86,85,90,90,92,93,93,92,96,98,99,100,102,104,105,107,109,109,104,110,114,115,116,118,117,119,117,115,122,119,125,123,127,130,128,132,134,135,123,136,136,139,141,139,144,142,146,144,149,135,150,145,149,144,155,156,153,150,159,156,162,159,165,166,160,168,171,172,159,168,170,176,168,157,175,174,167,178,180,177,170,175,169,181,186,148,186,182,185,191,186,183,191,179,163,196,193,197,197,199,189,199,189,202,201,195,205,195,202,208,209,189,211,207,210,210,199,152,214,214,198,206,213,214,217,188,216,220,214,177,212,224,226,229,216,227,211,224,225,207,221,229,139,224,220,214,232,231,166,190,231,223,196,215,232,176,225,193,140,230,0,222,135,230,204,179,195,145,211,231,222,232,209,160,159,233,232,227,213,212,227,195,232,219,140,184,191,190,206,196,231,188,213,232,180,225,125,197,229,192,0,172,168,224,142,130,133,233,197,208,238,214,179,220,159,235,208,168,197,179,242,230,199,208,229,161,205,241,248,245,170,162,251,209,157,206,235,235,249,161,242,233,233,209,210,252,220,237,221,215,190,225,159,222,171,200,220,195,207,217,200,220,227,253,147,207,232,238,244,169,252,247,201,230,238,226,219,232,179,250,175,180,248,182,181,209,180,238,206,226,238,215,221,238,147,195,199,171,212,234,186,231,227,210,219,211,196,228,225,221,217,208,218,217,196,211,176,219,193,216,202,207,216,217,213,210,208,200,209,178,204,205,176,197,205,169,203,204,199,168,193,196,139,196,187,138,140,189,193,188,186,189,177,185,144,179,185,176,155,145,177,179,178,167,174,173,157,134,166,167,170,166,166,166,150,164,163,162,158,159,158,146
128,150,114,147,149,146,144,145,138,142,138,138,112,139,130,136,135,132,133,132,126,130,126,127,124,121,113,124,124,95,107,121,118,118,117,117,115,111,112,108,108,107,106,104,99,100,98,99,100,98,97,95,77,93,92,91,90,89,88,87,85,84,83,81,78,0,77,76,75,72,70,70,69,68,64,66,64,62,62,60,60,58,57,55,53,53,51,49,47,46,44,42,41,39,37,34,33,30,29,25,26,24,22,20,18,16,14,12,10,8,5,4,2,0,0,0,0,0,0,0,2,4,6,8,10,12,14,16,18,20,22,24,25,26,29,31,30,32,36,38,40,42,44,46,48,49,52,54,56,56,58,59,60,60,63,65,65,68,70,72,70,74,72,74,76,79,81,81,85,84,89,89,91,92,92,92,95,97,98,99,101,102,103,105,107,107,102,108,112,114,114,116,115,116,115,112,119,117,122,120,124,127,125,129,131,131,121,133,132,135,137,135,140,138,142,140,144,133,145,141,144,141,149,150,148,145,152,150,155,151,157,158,152,159,162,162,149,158,161,166,158,147,165,164,155,167,168,164,156,159,153,164,168,130,167,162,163,169,162,159,165,152,134,167,163,166,165,166,154,164,153,165,164,157,166,155,161,167,167,147,168,163,164,163,152,104,165,165,147,155,160,160,162,132,160,163,156,118,153,163,164,166,152,162,146,157,158,140,153,162,71,156,152,145,163,162,98,121,162,153,125,144,160,103,153,120,0,159,7,153,70,162,137,113,129,79,145,166,159,170,149,101,100,175,176,172,159,159,175,145,182,170,93,137,145,146,162,154,190,147,174,194,145,189,92,163,196,160,95,142,138,194,111,100,103,201,168,178,208,185,149,190,130,206,178,140,169,151,214,201,172,180,200,132,177,214,221,217,143,134,223,183,130,178,207,207,221,133,214,205,205,182,182,224,193,209,193,188,162,197,131,194,143,172,193,166,179,189,172,192,199,225,118,179,204,211,217,140,224,219,173,202,210,199,191,205,151,226,151,154,226,160,159,188,159,218,188,206,220,198,204,222,131,181,185,159,200,223,176,221,216,199,209,200,185,218,215,210,206,197,207,206,185,200,167,208,183,207,191,197,206,206,203,200,199,190,201,169,194,196,165,187,197,159,194,195,190,158,183,188,131,188,178,131,132,181,185,180,178,180,169,177,136,172,178,170,147,137,170,173,172,161,167,167,151,126,160,160,163,160,160,160,143,158,157,156,152,153,152,140
125,147,109,144,146,143,141,142,133,139,135,134,106,135,125,131,130,127,128,127,119,123,119,120,117,113,103,117,116,87,97,113,110,110,109,109,107,103,104,100,99,99,97,95,90,91,0,91,91,79,90,87,70,89,87,89,89,89,90,90,88,87,86,84,81,77,81,79,78,74,72,72,71,70,66,68,66,64,64,62,62,60,59,58,56,56,54,52,50,49,47,45,44,42,40,37,36,33,32,28,28,26,24,22,20,18,16,14,12,10,7,6,4,2,0,0,0,0,0,0,0,2,4,6,8,10,12,14,16,18,20,22,23,24,27,29,28,30,34,36,38,40,42,44,46,47,50,52,54,54,56,57,58,58,61,63,63,66,68,70,68,72,70,73,74,77,79,79,83,82,87,87,89,90,90,90,93,95,96,97,99,101,102,104,106,105,101,106,110,111,112,114,113,115,113,111,118,116,121,119,123,126,124,128,130,131,123,132,134,135,137,135,140,138,142,141,145,135,146,143,146,144,152,153,151,148,156,154,159,156,162,163,158,165,169,169,156,165,167,174,165,154,173,172,164,176,178,174,168,173,166,179,184,147,184,180,183,189,184,181,188,178,160,193,192,195,196,197,187,197,188,200,199,194,203,194,200,206,206,189,209,206,209,208,198,153,213,213,197,205,211,213,216,187,215,220,214,176,212,223,226,229,216,227,212,222,227,208,223,232,144,227,225,220,237,238,175,197,238,230,204,222,239,184,232,201,150,238,119,231,148,238,213,187,204,153,217,237,228,238,217,167,166,240,239,234,220,220,234,203,238,226,147,190,197,198,212,204,238,193,220,239,188,232,0,204,236,200,136,181,176,233,150,141,142,241,207,217,247,223,187,229,167,244,217,177,207,188,251,238,209,217,237,169,213,249,256,253,180,171,259,219,168,214,244,244,256,168,251,240,242,218,218,260,229,245,228,224,199,233,166,230,179,208,229,201,214,222,204,224,230,257,148,209,233,240,244,166,252,245,199,227,233,222,213,226,170,245,170,171,243,177,173,204,172,231,201,218,232,208,214,231,138,189,191,166,205,227,181,224,221,202,212,203,187,221,218,214,207,199,210,209,187,203,169,211,184,208,193,198,208,209,205,201,200,190,202,170,195,198,165,189,197,159,194,195,190,157,183,188,132,188,179,131,133,181,184,180,178,181,169,177,133,171,177,168,144,134,168,171,170,159,165,165,149,123,158,159,162,158,158,158,139,156,155,154,150,151,150,138
137,159,120,156,158,155,153,154,144,151,147,146,118,148,138,143,143,139,141,140,132,135,132,133,130,126,116,130,130,101,110,127,124,124,123,123,121,117,118,114,113,113,111,109,104,105,102,105,105,103,102,100,82,98,97,96,95,94,93,92,90,89,88,86,83,79,83,81,80,76,74,74,73,72,68,70,68,66,66,64,64,62,61,60,58,58,56,54,52,51,49,47,46,44,42,39,38,35,34,30,30,28,26,24,22,20,18,16,14,12,9,8,6,4,2,0,0,0,0,0,0,0,2,4,6,8,10,12,14,16,18,20,21,22,25,27,26,28,32,34,36,38,40,42,44,45,48,50,52,52,54,56,57,58,60,62,62,65,67,69,67,71,69,72,73,76,78,78,82,81,86,86,88,89,89,90,92,94,95,96,98,100,101,103,105,105,101,106,110,111,112,114,113,115,113,111,118,116,121,119,123,126,124,128,130,131,124,132,134,135,137,136,140,138,142,141,145,136,146,143,146,145,152,153,151,148,156,153,158,155,0,161,156,163,167,167,154,163,166,172,164,152,171,170,162,174,176,173,166,171,164,177,182,146,182,178,181,187,182,179,187,177,158,192,190,193,194,195,185,196,187,198,198,192,202,194,199,205,206,189,209,205,208,208,197,153,212,212,198,204,211,212,216,186,215,219,214,176,213,222,225,228,216,226,212,222,227,207,223,231,145,226,224,220,236,236,174,195,236,228,202,220,237,181,230,198,149,235,118,228,147,235,211,184,201,151,215,235,225,236,215,164,163,237,236,231,217,218,231,201,236,225,144,188,195,196,210,202,235,192,217,236,186,229,131,201,233,198,132,178,171,227,143,134,0,233,199,208,238,214,179,220,159,237,208,168,199,182,243,230,201,208,229,161,205,243,248,245,172,164,252,211,160,206,237,235,249,160,242,233,235,212,210,254,222,237,221,218,192,225,158,222,173,200,223,195,207,217,200,220,227,255,144,209,232,240,246,166,254,249,203,230,239,229,219,233,177,253,179,178,251,186,182,212,180,239,210,227,241,216,222,241,146,199,202,175,215,238,190,235,230,211,222,212,196,232,228,224,218,209,221,220,197,214,181,222,194,219,203,208,219,220,216,213,211,201,213,182,207,208,176,200,209,170,206,207,202,167,193,200,144,199,190,143,145,192,196,191,189,192,180,188,143,183,189,180,155,144,180,183,182,170,177,176,160,133,170,170,174,169,169,170,150,167,167,166,162,163,161,150
138,160,119,157,159,156,154,155,144,150,148,147,116,149,139,143,144,139,142,141,133,136,133,134,131,127,115,131,131,102,109,128,125,125,124,124,122,118,119,115,113,114,112,110,104,106,103,106,106,104,103,101,83,99,98,97,96,95,94,93,91,90,89,87,84,80,84,82,81,77,75,75,74,73,70,71,68,68,68,66,66,64,63,62,60,60,58,56,54,53,51,49,48,46,44,41,40,37,36,32,32,30,28,26,24,22,20,18,16,14,11,10,8,6,4,2,0,0,0,0,0,0,0,2,4,6,8,10,12,14,16,18,19,20,23,25,24,26,30,32,34,36,38,40,42,43,46,48,50,50,52,54,55,56,58,60,60,63,65,67,65,69,67,70,72,74,76,77,80,78,84,84,86,87,87,88,90,93,94,95,97,99,100,102,104,104,100,105,109,111,111,113,112,114,112,110,117,116,120,118,122,125,123,127,129,130,124,131,133,134,136,134,139,137,141,140,144,136,145,142,145,144,151,152,150,147,154,153,158,153,161,161,156,161,166,165,153,162,164,170,163,151,170,169,161,173,175,172,165,169,163,175,180,146,180,176,179,185,179,177,183,174,156,188,187,190,191,192,182,193,185,195,194,188,198,191,195,201,201,186,203,200,203,203,192,149,207,207,193,199,205,207,210,181,209,214,209,170,208,217,219,223,211,221,207,217,222,202,219,226,141,221,219,215,231,232,171,191,232,224,199,216,233,178,226,195,147,232,116,224,145,232,208,182,199,149,211,231,222,232,212,161,160,233,233,228,214,215,228,198,232,222,141,185,192,194,207,200,232,188,215,233,185,227,130,199,231,196,132,176,169,226,141,133,133,229,197,203,232,208,171,212,150,228,198,158,189,170,230,216,187,193,213,143,187,224,229,224,150,141,227,188,134,179,209,207,220,129,212,200,203,178,176,219,187,201,182,180,153,185,116,181,129,157,179,148,161,170,151,165,177,205,0,157,180,188,193,0,199,192,141,175,184,175,165,179,81,202,127,86,203,136,132,165,133,193,165,182,198,175,182,201,106,161,164,139,180,203,156,202,198,180,192,183,167,203,202,197,192,184,196,196,174,192,159,202,175,202,186,191,203,204,201,199,199,187,202,171,196,199,166,192,202,163,201,202,199,163,190,197,142,197,187,141,143,189,193,188,186,189,177,185,140,180,186,178,152,142,178,181,180,169,176,175,159,130,168,168,171,168,168,168,149,166,166,164,162,162,160,151
121,144,102,141,145,143,143,144,133,142,139,140,110,142,133,139,140,136,138,137,129,134,131,132,129,125,112,129,129,100,107,126,123,122,122,121,120,116,117,113,112,112,111,109,104,105,102,104,105,103,102,100,83,98,98,97,96,95,94,93,91,90,89,87,84,80,84,82,81,78,76,76,75,74,70,72,69,68,68,64,66,64,63,62,60,60,58,57,55,54,52,50,48,48,46,43,42,39,38,34,34,32,30,28,25,24,22,20,18,16,13,12,10,8,6,4,2,0,0,0,0,0,0,0,2,4,6,8,10,12,14,16,17,18,21,23,22,24,28,30,32,34,36,38,40,41,44,46,48,48,50,52,53,54,56,57,58,61,63,64,63,67,65,68,70,72,74,75,78,78,81,82,83,84,84,85,87,90,91,92,94,95,96,97,99,99,95,100,104,106,106,108,107,108,107,104,111,110,114,112,116,119,117,121,123,123,118,125,126,127,129,128,132,130,134,133,136,131,137,134,137,137,142,143,142,139,145,143,147,144,150,150,146,151,155,154,142,151,153,158,150,137,155,154,144,156,158,153,146,149,142,154,157,125,157,152,153,158,152,150,155,146,124,157,154,156,155,156,145,153,147,154,154,148,155,147,151,155,155,138,156,152,153,152,140,96,154,154,138,143,148,148,150,119,148,151,147,105,142,151,152,154,143,150,137,144,150,128,143,150,63,144,140,136,151,150,88,109,150,141,116,132,148,92,141,109,60,146,29,138,58,145,122,0,112,61,125,146,139,150,132,80,80,156,157,153,141,144,157,130,164,156,74,120,128,132,146,141,174,130,158,178,131,174,78,148,180,148,83,129,122,181,95,88,90,186,155,163,193,170,133,175,114,193,164,125,157,139,199,186,159,165,185,117,162,200,205,202,131,122,208,170,118,163,195,193,205,118,200,190,194,170,168,212,181,195,178,176,151,183,116,180,132,158,181,152,165,174,157,177,185,214,103,168,190,199,205,125,213,208,162,188,196,187,177,191,136,213,140,139,213,149,143,176,144,203,175,192,208,183,190,207,113,168,170,144,184,205,159,203,199,179,191,180,164,200,197,193,185,176,190,189,165,183,150,191,162,189,171,177,189,189,186,182,181,169,183,152,177,179,144,170,179,137,177,178,173,136,164,171,115,171,161,115,115,164,168,163,161,163,152,160,112,154,160,152,124,115,153,155,154,143,149,150,132,103,142,142,146,142,141,144,0,144,144,144,142,144,143,132
133,154,113,151,153,151,150,151,139,147,145,144,111,145,136,140,141,136,140,139,131,134,131,132,129,125,111,129,129,100,104,125,123,122,122,121,120,116,117,113,111,113,111,109,103,105,102,105,105,103,102,100,83,99,98,98,96,96,95,95,93,92,91,89,86,82,86,84,83,79,77,77,76,75,72,73,70,70,70,67,68,66,65,64,62,62,60,59,57,56,54,52,50,50,48,45,44,41,40,36,36,34,32,30,27,26,24,22,20,18,15,14,12,10,8,6,4,2,0,0,0,0,0,0,0,2,4,6,8,10,12,14,15,16,19,21,20,22,26,28,30,32,34,36,38,39,42,44,46,46,48,50,51,52,54,56,56,59,61,63,61,65,63,66,68,70,72,73,76,74,79,79,81,82,82,84,85,88,89,90,91,93,94,96,98,98,95,99,103,105,105,107,106,108,106,104,110,110,113,112,115,118,116,120,121,123,118,124,126,127,129,127,132,129,133,133,136,132,137,134,138,137,143,143,142,139,146,145,150,145,153,153,148,154,158,157,144,154,155,162,154,141,161,160,152,164,166,163,156,160,154,166,171,140,171,167,170,176,170,168,175,167,147,180,177,181,181,182,172,182,177,185,184,178,188,183,185,191,192,177,194,190,193,193,182,141,197,197,185,189,195,197,200,170,199,202,199,158,194,203,205,207,197,204,191,199,205,182,200,205,121,199,196,193,207,207,147,165,207,198,175,191,207,152,201,169,123,206,92,198,121,206,184,158,174,125,185,205,196,205,187,134,133,207,206,201,188,190,201,174,205,197,114,158,166,168,180,175,205,162,188,206,159,200,105,172,204,171,107,151,142,202,114,108,108,202,170,176,204,181,143,184,122,202,169,130,162,143,202,188,160,164,184,114,158,198,200,195,123,113,198,160,107,150,181,178,190,99,182,171,175,150,146,191,158,171,153,151,124,154,85,150,101,125,149,116,128,137,117,138,143,173,47,125,145,154,158,40,165,158,111,135,142,133,120,132,0,154,79,0,154,90,84,119,85,145,120,136,153,128,135,155,47,117,121,95,136,160,113,159,156,135,149,139,124,162,160,156,149,141,155,155,132,152,119,162,133,161,144,151,165,167,165,162,162,149,166,135,161,164,128,157,167,126,166,167,164,126,155,165,110,166,158,112,115,161,166,163,161,165,154,163,117,160,166,160,131,124,162,165,166,155,162,163,145,118,158,159,163,161,160,162,141,161,161,159,157,157,155,146
141,163,119,160,162,159,157,158,144,154,151,150,116,152,142,146,147,143,145,144,136,139,136,137,134,130,115,134,134,106,110,131,128,128,127,127,125,121,122,118,117,117,115,114,108,110,107,110,110,108,107,105,88,103,103,102,101,99,99,98,96,95,94,92,89,85,89,87,86,82,80,80,79,78,74,76,73,72,72,70,71,69,68,67,65,65,63,62,60,59,57,54,53,52,50,47,46,43,42,38,38,36,34,32,29,28,26,24,22,20,17,16,14,12,10,8,6,4,2,0,0,0,0,0,0,0,2,4,6,8,10,12,13,13,16,18,17,19,23,25,27,29,31,33,35,36,39,41,43,43,45,47,48,49,51,53,53,56,58,60,58,62,60,63,65,67,69,70,73,74,77,77,79,80,80,82,83,86,87,88,90,92,93,95,97,97,94,98,102,104,104,106,105,107,105,103,110,109,113,112,115,118,116,120,122,123,119,124,127,127,129,129,132,130,134,134,136,134,137,0,138,138,143,144,143,142,148,146,151,148,154,155,151,157,161,161,148,157,160,166,158,145,165,164,156,168,171,167,161,166,158,172,176,145,177,173,175,181,177,175,181,175,153,187,186,188,189,190,181,191,185,193,194,189,197,193,194,200,201,188,204,201,204,204,192,153,208,208,196,200,207,208,212,181,211,215,213,171,209,219,222,225,215,223,211,220,227,204,224,228,146,224,221,220,234,235,177,195,237,229,207,223,241,186,236,205,160,244,131,238,162,246,226,201,218,170,229,250,242,253,235,182,182,258,258,254,241,244,256,229,261,254,171,217,224,229,240,236,267,223,251,270,224,265,172,238,271,239,176,221,212,272,185,181,183,276,246,252,281,258,223,263,202,283,251,212,246,228,286,271,245,249,268,199,243,282,285,281,210,201,284,247,195,236,269,265,277,188,270,258,263,238,234,278,247,259,240,240,215,243,176,240,192,216,241,208,221,230,211,231,237,268,157,220,240,250,255,174,261,255,209,233,241,232,220,232,179,256,181,180,254,188,180,215,179,238,212,225,242,216,221,240,146,201,204,178,217,239,193,236,232,211,224,212,195,233,230,225,216,208,222,220,195,214,180,223,193,220,201,206,220,221,217,213,212,198,214,182,208,209,173,200,209,167,207,208,203,164,191,201,145,200,190,144,146,191,197,191,189,194,180,190,0,185,191,183,155,144,184,186,185,173,179,179,161,132,173,174,177,173,170,173,149,171,170,169,166,166,164,154
134,156,113,154,157,155,155,156,143,153,150,150,115,151,141,146,147,143,146,145,137,141,138,139,136,132,115,136,136,108,110,133,130,130,129,129,127,123,124,120,118,119,117,115,109,112,109,112,112,110,109,107,90,105,105,104,103,101,101,100,98,97,96,94,91,87,91,89,88,84,82,82,81,80,75,78,75,74,74,72,73,71,70,69,67,67,65,64,62,61,59,56,55,54,52,49,48,45,44,40,40,38,36,34,31,30,28,26,24,22,19,18,16,14,12,10,8,6,4,2,0,0,0,0,0,0,0,2,4,6,8,10,11,13,15,17,16,18,22,24,26,28,30,32,34,35,38,40,42,42,44,46,47,48,50,52,52,55,57,59,57,61,59,62,64,66,68,70,72,74,76,77,79,80,80,82,83,86,87,88,90,92,93,95,97,97,94,98,102,104,104,106,105,107,105,103,110,109,113,111,115,118,116,120,122,123,118,124,127,127,129,129,132,130,134,134,137,135,138,135,139,139,144,144,144,143,149,147,152,148,155,155,151,156,160,159,146,156,158,164,156,143,163,162,154,166,169,165,159,164,156,169,174,144,174,170,172,178,174,171,177,171,149,183,181,183,184,185,176,185,180,188,188,183,190,188,188,194,195,183,197,194,197,196,185,147,201,201,189,193,199,201,205,174,203,208,204,163,201,211,213,217,208,215,204,211,219,196,216,220,139,216,213,212,226,226,169,186,228,220,199,214,231,175,225,194,149,231,119,223,148,231,210,185,201,152,210,230,221,231,214,158,157,232,232,227,213,217,227,200,231,224,138,184,191,195,206,202,231,187,214,232,186,226,133,198,230,198,135,177,167,226,138,136,136,228,197,202,231,207,170,211,149,228,196,157,190,171,228,215,188,192,212,141,186,225,227,224,153,143,226,190,137,179,212,207,218,130,212,200,206,180,176,221,189,201,182,182,156,185,116,181,132,157,181,147,161,169,151,170,177,208,96,159,180,190,194,112,201,195,147,172,178,170,157,169,115,192,117,115,189,123,115,150,113,173,146,160,177,149,154,171,0,133,135,110,151,174,128,173,171,150,164,153,138,176,175,171,162,154,171,171,146,167,134,177,146,176,158,164,179,180,178,174,175,161,178,148,174,177,140,170,180,137,179,181,177,138,165,176,119,175,165,118,119,164,171,167,164,167,155,163,113,157,163,155,0,115,156,158,159,149,155,157,137,110,152,153,158,156,153,158,133,158,158,156,155,156,155,145
145,166,120,163,165,162,160,161,145,157,154,153,117,155,145,149,150,146,149,148,140,143,139,141,138,133,116,137,138,110,111,135,132,131,131,131,129,125,126,122,120,121,119,117,111,114,111,114,114,112,111,109,92,107,107,106,105,103,103,102,100,99,98,96,93,89,93,91,90,86,84,84,82,82,77,80,77,76,76,74,75,73,72,71,69,69,67,66,64,63,61,58,57,56,54,51,50,47,46,42,42,40,38,36,33,32,30,28,26,24,21,20,18,16,14,12,10,8,6,4,2,0,0,0,0,0,0,0,2,4,6,8,9,11,12,14,13,0,18,20,22,24,26,28,30,31,34,36,38,38,40,42,43,44,46,48,48,51,53,55,53,57,55,58,60,62,64,66,68,69,72,74,75,76,76,78,0,81,82,83,85,87,88,90,92,92,89,93,97,99,99,101,100,102,100,97,105,104,107,107,110,113,111,115,117,118,114,119,122,122,124,125,128,125,130,130,133,132,134,130,136,135,140,141,141,139,146,144,149,146,152,153,149,155,159,159,146,155,158,164,157,142,164,162,154,166,169,165,159,164,156,170,174,145,175,171,173,179,175,173,180,174,151,185,184,186,187,188,179,190,183,191,192,186,195,193,193,198,199,188,202,199,202,202,190,154,206,206,195,198,205,206,210,179,209,213,211,169,207,217,220,223,215,221,211,218,226,202,224,226,147,222,219,220,232,233,178,193,235,227,207,221,239,186,234,203,161,242,132,236,163,244,226,202,219,171,227,248,240,251,235,179,179,256,256,252,239,244,254,229,260,254,168,215,223,230,239,236,266,223,250,269,225,264,174,237,270,240,178,222,211,271,183,183,185,275,247,251,280,257,221,262,201,282,250,211,247,229,285,272,248,250,271,202,245,286,288,283,215,206,287,252,200,239,274,268,280,190,273,262,268,243,237,283,252,262,244,245,220,246,178,243,197,219,246,211,224,233,214,235,240,273,162,225,243,255,260,179,267,260,214,236,244,237,223,235,184,261,186,185,259,193,183,220,182,241,217,229,247,219,224,243,151,206,209,183,222,244,198,241,237,214,229,215,198,238,235,230,220,211,227,225,198,219,185,228,196,225,204,209,225,226,222,217,216,201,219,187,213,215,176,206,214,170,212,213,208,167,194,206,150,205,196,149,151,194,202,196,194,199,186,195,146,189,195,186,158,145,187,188,188,177,180,182,162,133,176,177,180,176,171,176,153,174,173,172,169,170,168,157
147,168,121,165,167,163,162,163,146,159,155,155,117,156,146,151,152,148,151,150,141,145,141,143,140,135,116,139,140,112,111,137,134,133,133,133,131,127,128,124,122,123,121,119,113,116,113,116,116,114,113,111,94,109,109,108,107,105,105,104,102,101,100,98,95,91,95,93,92,88,86,86,84,84,78,82,79,78,78,75,77,75,74,73,71,71,69,68,66,65,63,60,58,58,56,53,52,49,48,44,44,42,40,38,35,34,32,30,28,26,23,22,20,18,16,14,12,10,8,6,4,2,0,0,0,0,0,0,0,2,4,6,7,8,10,11,0,13,16,18,20,22,24,26,28,30,32,34,36,36,38,40,41,43,45,47,47,50,52,54,52,56,54,57,59,61,63,65,67,69,71,73,74,76,75,78,78,81,82,83,85,87,88,90,92,92,89,93,97,99,99,101,100,102,100,98,105,104,108,107,110,113,111,115,117,118,114,119,122,122,124,125,128,125,130,131,133,133,134,131,135,135,140,141,141,140,146,144,149,146,152,153,149,155,158,159,146,155,158,164,156,143,163,162,154,166,169,165,159,164,156,170,174,146,175,171,173,179,175,173,179,173,151,185,184,186,187,188,179,189,183,191,192,187,194,193,192,197,199,189,202,199,202,201,190,154,206,206,195,198,205,206,210,179,209,213,211,168,207,217,220,223,215,221,211,218,227,202,224,226,147,222,219,220,232,233,178,193,235,226,206,218,235,0,229,197,156,237,126,230,158,239,221,197,213,165,222,242,234,245,230,172,172,250,250,246,233,239,248,224,254,249,162,209,216,224,233,231,260,216,244,263,219,258,168,231,264,235,172,216,204,265,176,177,179,269,241,245,274,251,214,256,195,276,244,205,241,223,279,266,242,244,265,195,241,282,284,281,213,204,287,251,199,239,274,267,280,190,272,261,268,243,237,283,252,262,243,245,220,246,179,243,198,219,246,210,224,233,214,234,240,274,163,225,243,256,260,181,268,261,215,237,244,238,224,236,186,262,188,187,260,195,184,221,183,242,218,229,249,220,225,244,153,207,211,185,223,245,199,242,239,215,230,216,199,239,236,232,220,211,228,227,199,221,187,229,196,226,205,210,226,227,223,218,216,202,220,189,215,216,177,207,215,170,214,215,210,168,195,207,152,206,197,151,152,195,204,198,196,200,187,196,148,190,197,187,160,146,189,189,189,178,181,184,163,134,178,178,181,177,172,178,155,176,175,174,171,172,170,159
147,168,121,165,167,164,162,163,145,159,154,155,116,157,145,150,152,148,151,150,141,144,141,143,140,135,115,139,140,112,110,137,134,133,133,133,131,127,128,124,122,123,121,119,113,116,113,116,116,114,113,111,94,109,109,108,107,105,105,104,102,101,100,98,95,91,95,93,92,88,86,86,84,84,0,82,79,78,79,76,77,76,75,74,72,72,70,69,66,66,64,61,60,59,57,54,53,50,49,46,46,44,42,40,37,36,34,32,30,28,25,24,22,20,18,16,14,12,10,8,6,4,2,0,0,0,0,0,0,0,2,4,6,8,10,12,11,14,17,19,21,23,25,27,29,29,32,34,36,36,38,40,41,43,45,47,47,50,52,54,52,56,54,57,59,61,63,65,67,69,71,73,74,76,75,78,78,81,82,83,85,87,88,90,92,92,88,93,97,99,99,101,100,102,100,98,105,104,107,106,110,113,111,115,117,118,113,119,121,122,124,125,128,125,130,130,133,132,134,131,135,135,140,141,141,139,146,144,149,146,152,153,149,155,158,159,146,154,158,163,155,0,162,161,153,165,168,163,158,163,155,169,173,145,174,170,172,177,174,172,178,172,150,184,183,185,186,187,178,188,181,190,191,186,193,191,191,196,198,188,201,198,201,200,189,154,205,205,193,197,204,205,209,178,208,212,209,167,205,216,219,222,214,220,211,216,226,201,224,225,147,221,218,219,231,232,178,192,234,226,207,220,238,184,233,202,161,241,132,235,163,243,226,202,219,171,226,247,239,250,235,178,178,255,255,251,238,244,253,229,259,254,167,214,221,229,238,236,265,221,249,268,224,263,174,236,269,240,178,221,209,269,182,183,185,274,246,250,279,256,220,261,201,280,249,210,246,229,283,271,247,249,270,200,245,285,287,283,216,207,286,252,201,239,275,268,279,191,273,261,269,244,237,283,252,262,244,245,221,246,179,243,198,219,246,211,224,232,214,235,240,274,164,226,243,255,260,181,267,261,215,236,243,238,223,235,186,261,188,187,259,194,183,221,181,241,218,229,248,219,224,242,153,207,210,183,222,245,199,242,238,214,229,215,198,239,235,231,218,211,228,226,198,220,187,229,195,225,204,209,226,227,223,216,215,201,220,188,214,216,176,207,216,170,214,215,210,168,194,208,152,206,197,151,153,194,204,198,196,201,187,197,149,191,197,187,161,145,189,189,190,178,181,184,162,134,178,179,182,178,172,178,155,176,175,174,171,172,169,159
150,171,122,168,170,167,165,166,147,162,158,158,117,160,149,153,155,151,154,153,144,147,144,146,143,138,117,142,143,115,112,140,137,136,136,136,134,130,131,127,125,126,124,122,116,119,116,119,119,117,116,114,97,112,112,111,110,108,108,107,105,104,103,101,98,94,98,96,95,91,89,89,87,87,79,85,82,81,81,78,79,78,77,76,74,74,72,71,68,68,66,63,62,61,59,56,55,52,51,48,48,46,44,42,39,38,36,34,32,30,27,26,24,22,20,18,16,14,12,10,8,6,4,2,0,0,0,0,0,0,0,2,4,6,8,10,10,12,15,17,19,21,23,25,27,29,31,33,35,35,37,39,40,42,44,46,46,49,51,53,51,55,53,56,58,60,62,64,66,67,70,72,73,75,74,77,77,80,81,82,84,86,87,89,91,91,88,92,96,98,98,100,99,100,99,0,103,102,105,105,108,111,109,113,115,116,112,117,120,120,122,123,126,123,128,129,131,132,132,131,134,133,138,139,139,137,144,142,147,144,150,151,147,153,157,157,144,153,156,162,155,142,162,160,152,164,167,163,157,162,154,168,172,146,173,170,171,178,173,171,178,172,149,183,182,183,184,186,177,188,181,189,190,171,193,191,191,196,197,188,200,196,200,200,187,155,204,205,193,196,203,204,208,177,206,211,208,167,205,214,217,220,213,218,210,215,225,199,223,223,147,219,216,219,229,230,178,189,232,224,205,218,235,184,230,199,160,238,131,231,162,240,223,200,216,169,223,243,235,245,231,173,171,247,247,241,228,235,241,218,246,241,153,199,206,214,221,219,246,203,228,247,205,240,153,213,244,216,154,196,182,242,153,155,155,243,216,217,246,222,185,226,164,244,212,172,209,191,244,230,207,207,227,156,201,242,243,239,172,163,242,209,156,194,230,222,234,144,227,216,224,199,191,239,208,215,198,200,175,199,131,196,153,172,201,164,177,186,168,0,195,230,121,185,201,217,223,143,231,225,179,201,210,206,190,204,156,233,160,160,234,169,157,197,157,217,196,206,228,197,203,223,134,190,193,167,208,231,185,229,226,201,219,204,188,230,229,224,212,205,224,223,195,219,186,229,195,228,204,210,228,228,225,218,217,202,222,190,217,218,177,210,218,171,217,218,213,169,196,210,155,209,200,154,156,196,207,200,198,202,190,198,152,192,199,190,163,147,191,190,192,181,182,186,164,135,181,180,184,180,173,181,158,179,177,177,174,174,172,162
119,140,90,137,139,135,134,135,115,131,126,127,84,127,116,122,123,119,121,120,111,114,111,112,109,104,81,108,109,74,0,108,107,107,108,109,109,107,109,106,105,108,107,107,102,107,105,108,110,108,109,107,90,107,107,108,107,106,108,107,105,103,103,101,98,94,98,96,95,91,89,89,87,87,78,85,83,81,82,79,80,79,79,78,76,76,74,73,70,70,68,65,64,63,61,58,57,54,53,50,50,48,46,44,41,40,38,36,34,32,29,28,26,24,22,20,18,16,14,12,10,8,6,4,2,0,0,0,0,0,0,0,2,4,6,8,8,11,13,15,17,19,21,23,25,27,29,31,33,33,35,37,38,40,42,44,44,47,49,51,49,53,51,54,57,59,61,63,65,67,69,71,72,74,73,76,77,79,81,82,84,86,87,89,91,90,86,91,95,96,97,99,98,100,98,98,103,102,106,104,108,111,109,113,115,116,112,117,119,120,122,121,125,123,127,126,130,129,131,131,132,132,137,138,137,136,142,140,145,142,148,149,145,151,154,155,142,151,154,160,152,141,159,158,150,162,165,161,155,161,152,167,170,145,171,167,169,175,172,168,174,168,146,180,179,181,182,183,174,183,178,186,186,184,188,187,187,191,194,185,197,193,196,195,184,152,201,200,189,192,199,200,205,173,202,208,204,161,201,211,213,216,209,214,206,211,221,196,220,219,144,215,212,215,225,226,175,185,228,220,202,214,231,179,226,195,157,234,128,228,159,236,221,197,214,167,219,240,232,242,230,170,169,247,247,243,230,238,245,223,250,248,158,206,213,222,229,230,256,212,240,259,217,254,168,227,260,233,172,214,200,261,171,175,175,262,236,236,265,242,203,245,185,263,231,192,228,211,264,249,227,227,246,176,221,261,263,259,192,183,262,229,178,214,252,243,255,166,248,236,246,221,212,261,229,237,219,222,197,221,154,218,175,194,223,185,199,208,189,209,215,251,141,202,218,232,237,158,244,238,191,211,219,214,197,210,162,237,164,163,235,170,157,196,155,215,193,202,224,192,198,217,128,182,185,159,197,219,174,216,213,186,203,187,169,212,209,205,0,182,202,201,170,195,161,203,167,200,177,182,200,201,197,190,188,173,194,163,189,190,148,182,190,142,188,189,184,139,166,181,125,180,170,124,125,165,177,169,169,172,160,168,121,162,170,160,133,115,162,160,162,151,152,157,134,104,151,151,154,150,143,151,128,149,148,146,143,145,141,131
138,159,109,156,158,154,153,154,134,150,145,146,104,148,136,141,143,139,142,141,132,135,132,134,131,126,103,130,131,103,99,128,125,124,124,124,122,118,119,115,113,114,112,110,104,107,104,107,107,105,104,102,85,100,100,99,98,96,96,95,93,92,91,89,86,82,86,84,83,79,77,76,74,74,0,72,69,68,70,0,71,71,71,71,71,72,71,71,48,69,68,65,64,63,61,58,57,54,53,50,50,49,47,45,43,42,40,38,36,34,31,30,28,26,24,22,20,18,16,14,12,10,8,6,4,2,0,0,0,0,0,0,0,2,4,6,7,9,11,13,15,17,19,21,23,25,27,29,31,31,33,35,36,38,40,42,42,45,47,49,47,51,49,52,55,57,59,61,63,65,67,68,70,71,71,73,75,77,78,79,81,83,84,86,88,88,85,89,93,95,95,97,96,98,96,97,101,100,104,103,106,109,107,111,113,114,110,115,118,118,120,121,123,121,125,125,128,127,129,129,131,131,135,136,135,134,140,138,143,141,146,147,144,150,153,153,140,149,153,158,151,141,158,156,148,160,164,159,154,159,150,165,168,145,170,166,167,173,170,168,174,168,145,179,179,180,181,182,174,184,177,185,187,184,189,187,187,192,194,186,197,194,197,196,184,154,201,201,189,193,200,201,205,173,204,208,205,162,201,212,215,218,210,216,207,212,222,197,223,221,147,217,214,217,227,228,178,188,230,222,205,216,234,184,229,198,161,237,132,231,163,239,224,200,218,171,222,243,235,246,233,172,172,251,251,247,234,242,249,227,254,252,161,209,217,226,233,234,260,216,244,263,221,258,173,231,264,237,177,218,203,264,175,181,183,269,243,245,274,251,214,256,195,275,244,205,243,226,278,264,242,242,261,190,236,275,277,274,208,199,276,244,194,229,267,258,269,180,263,251,261,236,227,275,244,252,234,237,213,236,168,233,190,209,238,201,214,222,204,225,230,266,157,218,233,247,252,174,259,253,207,226,233,230,213,225,179,253,180,180,251,186,173,213,171,231,210,219,240,209,214,232,146,199,202,175,214,237,192,234,230,204,221,205,188,231,227,223,208,201,220,218,188,212,179,221,185,217,194,199,218,219,215,206,205,191,212,180,206,208,166,198,207,160,205,206,201,157,183,199,143,197,188,142,144,183,195,187,187,192,178,188,141,182,188,178,153,134,180,177,181,169,169,175,151,122,169,170,173,169,160,169,146,167,166,165,162,163,160,150
133,154,102,151,153,148,149,149,128,145,140,141,0,145,133,140,143,140,144,145,138,143,140,143,142,136,115,143,144,117,114,143,140,138,139,139,137,134,134,131,129,130,128,126,120,123,120,123,123,121,120,118,101,116,116,115,114,112,112,111,109,108,107,105,102,98,102,100,99,95,93,93,91,91,83,89,86,85,85,82,83,82,82,81,79,79,77,76,72,73,71,68,67,66,64,61,60,57,56,53,53,51,49,47,45,44,42,40,38,36,33,32,30,28,26,24,22,20,18,16,14,12,10,8,6,4,2,0,0,0,0,0,0,0,2,4,6,8,10,12,14,16,18,20,22,24,26,28,30,30,32,34,35,37,39,41,41,44,46,48,46,50,48,51,54,56,58,60,62,64,66,68,70,71,71,73,75,77,79,80,82,84,85,87,89,89,86,90,94,96,96,98,97,99,97,99,102,101,105,104,107,110,108,112,114,115,112,116,119,119,121,123,125,122,127,128,130,132,131,132,133,133,137,137,137,136,141,140,145,143,147,148,145,151,154,153,141,150,153,156,148,139,154,151,142,153,156,152,144,147,138,151,153,130,153,148,147,152,147,144,149,142,116,150,148,148,147,148,138,146,140,145,146,0,146,137,143,149,150,144,153,151,154,155,142,113,160,161,150,154,161,162,166,134,165,169,167,123,164,173,176,179,173,178,169,174,185,160,186,183,111,180,178,182,190,191,142,151,193,186,169,180,198,149,193,162,126,201,98,195,128,203,189,166,183,136,186,207,199,210,198,136,136,215,215,211,198,207,213,192,219,217,126,174,182,193,198,199,225,181,209,229,189,224,141,197,230,204,145,186,169,231,141,149,151,235,211,211,241,217,180,223,161,242,211,171,211,194,246,232,213,211,231,162,207,248,251,247,184,175,254,223,172,208,247,237,251,161,244,234,245,221,212,262,233,239,222,228,203,226,158,223,182,199,230,191,204,213,194,215,220,256,149,209,223,240,244,167,252,244,199,217,224,222,203,216,172,245,173,173,243,179,164,204,162,222,201,210,232,199,205,224,138,191,195,168,207,229,182,226,222,194,214,195,179,223,220,215,201,192,213,210,180,205,172,214,177,211,186,191,211,212,208,199,198,183,205,174,200,201,158,192,201,151,200,201,196,150,177,193,138,192,183,137,139,177,190,181,181,185,173,181,134,175,182,173,146,127,175,171,175,164,163,170,145,115,164,164,167,163,154,164,141,162,161,160,157,158,154,145
130,151,98,148,150,144,145,146,124,142,137,138,93,139,127,133,134,130,132,131,122,125,121,124,120,114,0,119,121,78,90,120,118,117,119,120,120,118,120,117,116,119,118,118,113,118,116,119,121,119,119,117,100,116,115,115,113,112,112,111,109,107,107,105,102,98,102,100,99,95,93,93,91,91,83,89,86,85,85,83,84,83,83,82,80,80,78,77,73,74,70,70,69,68,66,63,62,59,58,55,55,53,51,49,47,46,44,42,40,38,35,34,32,30,28,26,24,22,20,18,16,14,12,10,8,6,4,2,0,0,0,0,0,0,0,2,4,6,8,10,12,14,16,18,20,22,24,26,28,28,30,32,33,35,37,39,39,42,44,46,44,48,46,49,52,54,56,58,60,62,64,66,68,69,69,72,73,75,77,78,80,82,83,85,87,87,84,88,92,94,94,96,95,97,95,98,100,99,103,102,105,108,106,111,113,114,111,115,117,118,120,120,123,121,125,124,128,128,129,130,130,131,135,136,135,134,140,138,143,140,146,147,143,149,153,153,140,149,153,158,150,142,157,156,146,160,164,158,153,158,0,163,167,85,169,165,166,172,169,166,172,166,143,177,177,178,179,180,172,180,175,183,183,182,186,185,184,188,191,185,194,191,193,193,181,153,198,197,187,190,196,197,202,170,201,205,202,158,199,209,212,215,208,213,205,210,220,194,221,218,146,214,211,216,224,225,177,184,227,219,203,213,230,182,225,193,159,233,131,227,161,234,222,198,216,169,218,238,231,241,231,167,167,246,246,243,230,240,245,225,250,249,156,205,213,224,229,232,256,211,239,259,219,254,172,227,260,235,176,216,198,261,170,180,181,265,241,240,270,247,208,252,190,270,237,199,237,221,271,256,236,233,253,182,228,268,270,266,202,193,269,238,188,221,261,250,262,171,255,243,255,230,218,269,238,244,226,231,207,228,159,225,184,200,232,192,205,215,195,218,222,260,152,212,225,241,246,169,253,247,201,218,226,223,204,217,173,246,174,174,244,180,163,206,161,222,203,209,232,200,205,224,140,191,195,169,207,230,184,227,223,195,214,196,178,224,220,216,201,191,213,211,178,205,172,214,175,210,185,190,211,212,208,198,196,181,205,173,199,201,156,191,200,150,198,199,194,147,174,192,136,190,181,135,137,174,188,178,180,184,171,180,131,174,180,170,145,123,172,168,173,161,160,167,142,111,161,162,165,161,151,161,138,159,158,157,154,155,152,142
153,173,120,171,173,166,168,169,146,165,160,161,116,163,151,155,158,154,157,156,147,149,146,149,146,138,117,144,145,118,114,143,140,137,138,139,137,133,134,130,128,129,127,125,119,122,119,122,122,120,119,117,100,115,115,114,113,111,111,110,108,107,106,104,101,98,101,99,99,95,93,93,91,91,83,89,85,85,85,82,83,82,82,81,79,79,77,76,0,73,71,69,69,68,66,63,62,59,58,55,55,53,51,49,47,46,44,42,40,38,36,35,33,31,29,27,25,23,21,19,17,15,13,11,9,7,6,4,2,0,0,0,0,0,0,0,2,4,6,8,10,12,14,16,18,20,22,24,26,26,28,30,31,33,35,37,37,40,42,44,42,46,44,47,50,52,54,56,58,60,62,64,66,67,67,70,71,73,75,76,78,80,81,83,84,84,82,0,89,91,91,93,92,94,92,95,97,96,100,100,102,105,103,108,110,111,108,112,115,115,117,119,121,118,123,124,126,127,127,128,129,129,133,134,134,133,139,137,142,140,145,146,143,149,152,152,139,149,153,157,150,141,157,155,146,159,163,159,154,158,149,164,167,147,169,167,166,173,169,168,173,168,144,178,178,179,180,181,174,183,177,184,186,184,188,187,186,191,193,188,196,193,196,196,183,157,200,201,189,194,200,201,205,173,205,208,206,162,202,212,215,218,211,216,208,213,223,197,225,222,150,218,215,220,227,228,181,188,230,223,208,217,235,188,230,198,165,237,137,232,167,239,227,204,221,175,223,243,235,246,236,171,171,251,251,248,234,245,250,230,256,254,161,210,218,231,235,236,262,217,245,265,226,260,179,232,266,241,183,223,203,266,175,187,189,271,248,247,276,253,214,258,195,277,245,206,246,231,280,268,249,245,267,196,243,283,285,283,220,211,287,258,207,240,279,268,280,188,273,262,273,249,237,286,258,263,244,251,226,247,177,244,204,219,252,210,223,233,213,238,241,279,172,231,244,261,266,189,272,266,220,237,244,243,224,236,194,267,194,195,265,200,182,226,181,242,223,229,251,220,225,243,161,212,214,190,228,250,205,247,243,215,235,216,198,244,241,236,222,211,233,231,198,225,192,234,195,231,205,210,231,232,228,217,216,201,225,193,220,221,176,211,221,171,220,221,216,168,195,213,158,212,202,157,159,195,210,199,201,206,192,202,154,196,203,193,168,145,195,189,195,184,181,189,163,133,184,184,187,183,172,184,161,182,181,180,177,177,174,165
153,174,119,171,173,165,168,169,145,165,160,161,114,163,151,156,158,154,157,156,147,150,147,149,146,137,116,145,146,118,114,143,140,136,0,139,137,134,135,131,129,130,128,126,120,123,120,123,123,121,120,118,101,116,116,115,114,112,112,111,109,108,107,105,102,99,102,100,100,96,94,94,92,92,84,90,87,86,86,84,85,84,84,83,81,81,79,78,74,75,73,71,70,69,67,64,63,60,59,56,56,54,52,50,48,47,45,43,41,39,37,36,34,32,30,28,26,24,22,20,18,16,13,13,11,8,8,6,4,2,0,0,0,0,0,0,0,2,4,6,8,10,12,14,16,18,20,22,24,24,26,28,29,31,33,35,35,38,40,42,40,44,42,46,49,51,53,55,57,59,61,63,65,66,66,69,70,72,74,75,77,79,80,82,84,84,81,85,89,91,91,93,92,94,92,95,97,96,100,99,102,105,103,108,110,111,108,112,115,115,117,119,121,118,123,124,126,128,127,128,128,129,133,134,134,133,139,137,142,139,145,146,142,148,152,152,139,149,152,157,150,141,156,155,147,159,163,159,153,158,150,164,167,148,169,166,166,173,169,167,172,168,144,178,178,179,180,181,173,182,177,184,185,184,188,187,186,191,193,189,196,193,195,196,183,158,200,199,189,192,198,199,204,172,203,207,205,160,201,211,214,217,210,215,207,212,222,196,224,220,150,216,213,220,226,227,181,187,229,221,207,215,233,187,228,196,165,236,137,230,167,237,226,204,221,175,221,241,234,244,235,169,169,249,249,246,233,244,248,229,253,253,158,208,217,229,232,235,259,214,242,262,224,257,178,230,263,239,182,221,200,264,172,186,188,268,246,244,273,250,211,255,193,275,242,204,244,230,278,263,245,240,260,189,235,275,277,273,210,202,276,247,198,228,269,257,269,178,262,250,263,239,225,275,247,251,233,240,215,235,166,232,193,207,241,199,212,222,202,227,229,268,162,220,232,250,255,179,262,255,209,225,233,232,212,224,183,256,184,184,254,190,171,215,169,230,212,217,240,208,213,232,151,201,203,179,217,239,194,236,232,203,224,204,186,233,230,225,211,199,222,220,186,214,181,223,181,220,193,198,220,221,217,206,205,189,214,183,209,210,164,201,209,158,208,209,204,155,182,201,146,200,191,145,147,183,198,187,189,194,181,191,0,187,195,187,161,139,191,186,193,183,181,190,163,132,184,184,187,183,172,184,161,182,181,180,177,178,174,165
156,176,121,174,176,167,171,172,147,168,163,164,119,166,154,158,161,157,160,159,150,152,149,152,149,139,120,147,148,121,117,146,143,138,141,142,140,136,137,133,131,132,130,128,122,125,122,125,125,123,122,120,103,118,118,117,116,114,114,113,111,110,109,107,104,101,104,102,102,98,96,96,94,94,86,92,89,88,88,86,87,86,86,85,83,83,81,80,76,77,75,73,72,71,69,66,65,63,62,59,59,57,55,53,51,50,48,46,44,42,40,39,37,35,33,31,29,27,25,23,21,19,16,15,12,10,10,8,6,4,2,0,0,0,0,0,0,0,2,4,6,8,10,12,14,16,18,20,22,22,24,26,27,29,31,33,33,36,38,39,37,41,0,43,46,48,50,51,53,55,57,59,61,63,62,66,66,68,70,71,73,75,76,78,80,80,78,63,85,87,87,89,88,90,0,91,93,92,96,96,98,101,99,104,106,107,105,108,111,111,113,115,117,114,119,120,122,124,123,124,125,125,129,130,130,129,135,133,138,136,141,142,139,145,148,148,135,146,150,154,148,138,155,153,144,157,161,157,152,156,147,162,165,147,167,165,164,171,167,166,171,166,142,176,176,177,178,179,172,181,175,182,184,182,186,185,184,189,191,188,194,191,194,194,181,158,198,199,188,192,198,199,203,171,203,206,204,159,202,210,213,216,210,214,207,212,221,195,223,220,151,216,213,220,225,226,182,186,228,221,208,215,233,188,228,196,166,235,138,230,168,237,227,205,221,176,221,241,233,244,234,168,168,249,249,246,232,245,248,230,254,252,158,208,216,231,233,235,260,215,243,263,226,258,180,230,264,241,184,223,200,265,172,188,190,269,248,245,274,251,211,256,192,276,243,204,245,232,279,266,249,243,265,194,241,282,284,281,220,212,287,258,209,239,280,267,280,186,272,261,274,251,236,286,259,262,243,252,227,246,175,243,205,218,253,209,222,233,212,238,240,280,174,232,243,263,267,192,274,267,222,237,244,245,224,236,196,269,197,197,267,203,182,228,180,242,225,229,252,220,225,244,164,214,214,192,230,252,207,249,245,215,237,216,198,246,243,238,224,211,236,233,199,228,195,237,196,234,206,211,234,235,231,219,217,202,228,196,223,224,177,214,224,173,223,224,219,168,196,216,161,215,205,160,162,196,213,200,204,209,195,205,156,199,206,196,171,145,198,190,198,187,183,192,164,134,187,187,190,186,173,187,164,185,184,183,180,180,177,168
134,156,101,155,157,148,155,156,132,155,150,153,111,157,146,152,156,153,156,156,147,149,148,150,147,137,119,146,147,120,116,143,141,135,139,140,138,135,136,132,130,132,130,129,121,126,123,126,126,124,123,121,104,119,119,118,117,114,116,115,113,110,111,109,106,103,106,104,104,100,98,98,95,96,88,94,91,90,90,88,89,88,88,87,85,85,83,82,78,79,77,74,74,73,71,68,67,65,64,61,61,59,57,55,53,52,50,48,46,44,42,41,39,37,35,33,31,29,27,25,23,21,18,17,14,11,12,10,8,6,4,2,0,0,0,0,0,0,0,2,4,6,8,10,12,14,16,18,20,20,23,25,26,28,30,32,32,35,37,39,37,41,39,43,46,48,50,52,54,56,58,60,62,64,63,67,67,69,71,72,74,76,77,79,81,81,79,82,86,88,88,90,89,91,89,92,93,93,97,95,99,102,99,105,107,108,104,109,112,112,114,116,117,115,119,118,121,121,121,121,120,119,123,122,121,118,122,119,123,118,123,122,117,121,122,121,107,117,118,121,113,69,117,115,0,120,124,121,115,120,113,126,129,112,131,128,128,135,132,130,135,131,107,141,140,142,143,145,136,145,141,147,148,147,151,150,150,154,156,154,159,155,158,159,146,123,163,162,152,156,161,162,167,135,166,170,168,122,165,174,177,180,173,177,170,175,185,159,187,184,116,179,176,185,189,189,146,149,191,184,171,178,195,151,190,158,130,197,102,192,132,199,190,168,185,140,183,203,195,205,197,130,129,210,210,207,193,207,209,192,214,214,118,169,178,192,193,196,220,175,203,223,187,218,142,190,224,202,146,184,160,225,132,150,151,228,208,202,231,208,166,211,149,229,196,157,196,184,230,215,199,192,212,141,187,227,229,225,164,156,228,201,153,180,223,209,221,130,214,202,217,192,177,228,201,203,186,194,169,187,118,184,147,159,195,151,164,174,154,181,181,222,117,174,184,204,209,133,215,209,163,177,185,186,163,176,136,209,137,137,207,143,122,168,119,181,165,169,192,159,164,183,103,154,153,131,169,191,146,188,184,152,175,153,135,184,181,175,161,148,172,170,135,164,131,173,131,170,141,145,170,170,166,152,151,135,161,129,156,156,101,146,155,0,157,159,156,105,135,156,101,157,148,103,106,142,160,149,153,158,146,156,108,152,160,152,127,102,156,149,158,148,144,155,127,97,152,152,157,155,142,157,135,157,157,156,155,156,154,145
156,176,120,174,176,166,171,172,146,168,163,164,121,166,154,159,161,157,160,159,150,153,150,152,149,138,122,148,149,122,118,146,143,138,142,142,141,137,138,134,131,133,131,129,122,126,123,126,126,124,123,121,104,119,119,118,117,115,115,114,112,110,110,108,105,102,105,103,103,99,97,97,94,95,87,93,90,89,89,87,88,87,87,86,84,84,82,81,77,78,76,74,73,72,70,67,66,64,63,60,60,58,56,54,52,51,49,47,45,43,41,40,38,36,34,32,30,28,26,24,22,20,17,16,13,0,11,10,8,7,6,4,2,0,0,0,0,0,0,0,2,4,6,8,10,12,14,16,18,18,21,23,24,26,28,30,30,33,35,37,35,39,38,41,44,46,48,50,52,54,56,58,60,62,61,65,65,67,69,70,72,74,75,77,79,79,77,81,84,86,86,88,87,89,88,91,93,92,96,95,98,101,99,104,106,107,104,108,111,111,113,114,117,114,119,120,122,123,123,124,124,124,129,130,130,129,135,133,138,135,141,142,138,144,147,148,135,146,149,154,148,137,154,153,147,157,160,157,151,156,150,162,165,148,167,164,164,171,167,165,170,166,142,176,175,177,178,179,171,180,175,182,182,182,185,184,184,188,190,188,193,189,192,192,180,158,197,196,186,189,195,196,201,169,199,204,201,155,198,207,209,213,206,210,203,209,218,192,219,216,149,212,209,218,221,222,180,181,224,217,204,211,228,184,223,191,163,230,135,225,165,232,223,202,218,173,216,236,228,238,230,162,161,243,243,240,226,240,242,225,247,247,150,202,211,225,226,229,253,208,236,256,220,251,175,223,257,235,179,217,192,257,162,181,181,258,238,232,261,238,195,241,178,259,226,187,226,214,260,245,229,222,242,170,217,257,259,255,194,186,258,231,182,210,253,239,251,159,244,232,247,223,207,258,231,233,215,224,199,217,147,214,177,189,225,180,193,204,183,211,211,252,147,204,214,234,239,163,246,239,193,207,215,216,193,206,166,239,167,167,237,173,151,198,149,211,195,198,221,188,194,213,133,184,183,161,199,221,176,218,214,182,206,183,165,215,212,206,192,178,203,201,165,195,127,204,0,201,173,177,203,205,202,190,190,174,202,172,199,200,153,193,202,152,204,205,201,150,179,201,146,202,194,148,151,186,204,192,196,201,190,199,150,195,203,195,169,143,197,189,197,186,181,192,163,132,186,186,189,185,172,186,163,185,184,182,180,181,177,168
156,175,118,174,176,164,171,172,144,168,163,164,121,166,154,158,161,157,160,159,150,152,149,152,149,137,121,147,148,121,117,146,143,136,141,142,140,136,137,133,131,132,130,128,122,125,122,125,125,123,122,120,103,118,118,117,116,114,114,113,111,110,109,107,104,101,104,102,102,98,96,96,0,94,49,92,90,89,90,88,89,88,88,87,85,85,83,82,78,79,77,75,74,73,71,68,67,65,64,61,61,59,57,55,54,53,51,49,47,45,43,42,40,38,36,34,32,30,28,26,24,22,19,18,0,13,14,12,11,9,8,6,4,2,0,0,0,0,0,0,0,2,4,6,8,10,12,14,16,16,19,21,22,24,26,28,28,31,33,35,33,37,36,39,42,44,46,48,50,52,54,56,58,60,59,63,63,65,67,68,70,72,73,75,77,78,76,80,83,85,85,87,86,88,87,90,92,91,95,95,97,100,98,103,105,106,104,107,110,110,112,114,116,113,118,119,121,123,122,123,124,124,128,129,129,128,134,132,137,135,140,141,138,144,147,147,134,145,149,153,147,136,154,152,148,156,160,156,151,155,151,161,164,149,166,164,163,170,166,165,170,165,141,175,175,176,177,178,171,180,174,181,183,181,185,184,183,188,190,188,193,190,193,193,180,159,197,198,187,191,197,198,202,170,202,205,203,157,201,209,212,215,209,213,206,211,220,194,222,219,153,215,212,221,224,225,183,185,227,220,209,214,232,189,227,195,168,234,140,229,170,236,228,206,223,178,220,240,232,243,233,165,165,248,248,245,231,246,247,231,253,251,155,207,215,232,232,234,259,214,242,262,227,257,182,229,263,242,186,224,197,264,169,190,192,268,249,244,273,250,208,255,191,275,242,202,244,233,278,265,250,242,264,191,240,281,283,280,221,213,285,259,209,237,280,265,278,184,270,259,274,250,234,284,259,260,241,252,227,244,173,241,205,216,253,207,220,231,210,239,238,280,175,232,241,263,267,192,274,265,222,235,242,245,222,234,196,269,197,197,267,203,180,228,178,240,225,227,250,218,223,242,164,214,212,192,230,252,207,249,245,213,237,214,196,246,243,238,224,209,236,233,197,227,195,237,196,234,204,209,234,235,231,217,215,200,228,196,223,224,175,214,224,173,223,224,219,166,194,216,161,215,205,160,162,194,213,198,204,209,195,205,155,199,206,196,171,143,198,188,198,187,180,192,162,131,187,187,190,186,171,187,164,185,184,183,180,180,177,168
156,174,116,172,176,163,171,172,143,167,164,164,122,166,154,158,162,157,161,160,151,154,152,155,152,138,124,150,151,124,120,149,146,138,144,145,143,140,140,137,133,136,134,131,127,130,127,129,130,128,127,125,108,124,123,122,122,120,120,119,117,116,115,113,110,106,110,108,107,104,102,102,99,100,92,98,95,94,94,92,93,92,92,91,89,89,87,86,82,83,81,79,78,77,75,72,71,69,68,65,65,63,61,59,58,57,55,53,51,49,47,46,44,42,40,38,36,34,32,30,28,26,23,22,18,16,17,15,13,11,10,8,6,4,2,0,0,0,0,0,0,0,2,4,6,8,10,12,14,14,17,19,20,22,24,26,26,29,31,33,31,35,35,37,40,42,44,46,48,50,52,54,56,58,57,61,62,63,65,66,68,70,71,73,75,76,74,79,81,83,83,85,84,86,86,88,90,89,93,93,95,98,96,101,103,104,101,105,107,0,109,111,113,110,115,116,119,120,120,122,122,122,126,127,126,125,131,129,134,132,137,138,135,141,143,143,130,141,145,149,143,132,150,147,144,151,155,151,146,149,147,155,158,145,160,158,157,164,160,159,164,160,135,168,168,169,170,171,164,173,167,174,176,173,177,176,175,180,182,180,184,181,184,184,171,152,188,189,178,181,185,186,189,156,187,190,186,140,183,190,192,194,188,191,183,187,196,169,196,193,128,188,184,194,194,193,153,152,193,186,175,178,195,152,188,155,128,192,99,185,126,192,183,160,176,130,172,190,181,190,181,111,110,192,191,187,173,188,187,171,190,188,90,141,150,165,164,165,188,143,169,190,155,182,107,153,186,165,108,145,116,183,86,108,108,183,164,156,184,160,116,163,83,181,147,0,149,139,184,171,158,149,171,98,147,189,192,188,131,124,196,171,124,151,197,182,195,103,189,179,196,174,156,208,185,185,167,180,155,173,102,171,137,147,186,140,153,166,145,175,175,217,113,172,180,204,210,134,217,209,166,179,187,192,168,182,145,219,148,149,220,156,133,182,132,195,181,183,207,175,181,201,125,176,174,154,194,216,171,215,211,178,205,181,164,216,214,210,197,181,210,208,171,203,172,215,173,214,183,189,216,217,215,200,200,185,214,183,211,212,163,204,214,165,215,216,212,159,187,210,156,209,199,156,157,189,208,193,199,203,190,199,152,193,201,192,167,138,194,184,194,184,176,190,158,126,185,182,186,183,168,185,163,182,182,182,179,179,176,167
159,176,43,177,179,0,175,176,146,173,168,169,126,171,159,163,166,162,165,164,155,157,155,158,155,141,127,152,154,127,123,152,149,140,147,148,146,143,144,140,138,139,137,133,129,132,129,132,132,130,129,127,110,125,125,124,123,121,121,120,118,117,116,114,111,108,111,109,109,105,103,104,101,102,94,100,97,96,96,94,95,94,94,93,91,91,89,88,84,85,83,81,80,79,77,74,73,71,70,67,67,65,63,61,60,59,57,55,53,51,49,48,46,44,42,40,38,36,34,32,30,28,25,24,20,18,19,17,15,13,12,10,8,6,4,2,0,0,0,0,0,0,0,2,4,6,8,10,12,12,15,17,18,19,21,22,0,25,27,29,27,31,31,33,36,38,40,42,44,46,48,50,52,54,53,57,58,59,61,62,64,66,67,69,71,72,70,75,77,79,79,81,80,82,82,84,86,87,90,90,92,95,93,98,100,101,99,102,105,106,107,109,111,108,113,114,117,118,118,120,120,121,124,125,126,125,130,128,133,132,136,137,135,140,143,143,130,141,145,149,144,133,150,149,147,152,156,152,147,152,150,158,161,148,163,161,160,166,163,161,167,162,138,172,172,173,174,175,167,177,171,178,180,178,182,181,180,185,187,186,190,187,190,190,177,159,194,195,184,188,194,195,199,167,198,202,200,153,198,206,209,212,206,210,203,208,217,191,219,216,153,212,208,220,221,222,183,182,224,217,208,211,229,188,224,192,167,231,140,226,169,233,226,205,222,177,217,237,229,240,231,162,162,245,245,241,228,244,243,230,249,248,151,204,212,231,229,231,255,211,239,258,226,254,181,226,260,240,185,223,194,261,166,189,191,265,248,240,270,246,205,251,187,272,239,199,241,232,276,261,249,240,260,188,237,278,280,277,220,212,283,259,211,237,282,266,279,185,271,259,277,253,235,285,262,261,241,255,230,245,174,241,208,217,256,208,221,232,210,241,238,283,178,235,242,266,270,195,277,267,225,236,243,248,222,235,199,272,200,200,270,206,181,231,178,241,228,227,251,219,224,243,168,217,213,195,233,255,210,252,248,214,240,215,197,249,246,240,227,209,239,235,197,229,197,240,198,237,205,210,237,238,234,218,216,200,231,198,226,227,175,217,227,176,226,227,222,165,195,219,164,218,208,163,165,195,216,199,206,212,198,208,158,202,209,199,174,143,201,189,201,190,180,195,163,131,190,190,193,189,171,190,167,188,187,186,183,183,180,171
163,179,121,180,183,168,178,179,148,174,170,171,128,173,160,164,168,163,167,166,156,159,157,160,157,142,129,153,156,129,125,154,151,141,149,150,148,145,146,142,139,141,139,134,131,134,131,134,134,132,131,129,112,127,127,126,125,123,123,122,120,119,118,116,113,110,113,111,111,107,105,106,103,104,96,102,99,98,98,96,97,96,96,95,93,93,91,90,86,87,85,83,82,81,79,76,75,73,72,69,69,67,65,63,62,61,59,57,55,53,51,50,48,46,44,42,40,38,36,34,32,30,27,26,22,20,21,19,17,15,14,12,10,8,6,4,2,0,0,0,0,0,0,0,2,4,6,8,10,11,14,16,17,19,21,23,23,26,28,30,28,32,32,34,37,39,41,43,45,47,49,51,53,55,54,58,59,60,62,63,65,67,68,69,71,72,70,75,77,79,79,81,80,82,82,84,86,87,90,90,92,95,93,98,100,101,99,102,105,105,107,109,111,108,113,114,117,118,118,120,120,120,124,125,125,124,130,128,133,131,136,137,134,140,143,143,130,141,145,149,144,132,150,148,147,152,156,153,148,152,151,159,161,149,163,161,161,167,163,162,167,162,0,172,171,173,174,175,167,177,171,178,179,177,181,180,180,184,186,185,189,186,189,190,177,159,193,194,183,188,193,194,198,167,198,201,200,152,197,205,208,211,206,209,203,208,216,190,218,216,153,212,208,219,220,221,182,180,223,217,208,211,227,188,222,191,167,230,141,226,169,232,226,205,221,176,216,233,225,235,225,156,155,236,236,231,217,233,231,218,236,234,135,188,196,214,212,212,236,191,217,237,204,231,157,201,235,214,159,196,165,232,135,159,159,233,216,206,236,211,167,215,150,232,199,157,199,191,233,218,206,194,215,142,189,231,233,228,170,161,230,206,156,181,227,210,222,127,216,0,224,200,182,234,213,212,194,208,184,200,129,197,165,174,214,166,180,193,172,204,202,246,143,201,208,233,239,163,246,237,195,207,215,220,195,210,174,248,177,178,248,185,160,211,147,223,210,210,234,203,209,228,155,204,201,183,222,245,200,243,240,206,233,209,192,244,243,238,225,208,238,236,198,229,200,241,200,239,206,211,239,239,236,220,218,202,233,200,228,229,178,219,229,179,228,229,224,168,198,221,167,221,210,167,169,198,219,202,210,214,201,210,162,204,211,202,177,146,203,192,204,193,184,199,166,133,194,192,195,192,175,194,171,191,191,190,187,187,183,175
162,177,119,180,182,166,177,178,146,174,169,170,127,172,160,163,167,163,166,165,156,158,155,159,156,140,128,151,155,128,124,153,150,139,148,149,147,144,145,141,139,140,0,132,131,134,131,134,134,132,131,129,112,127,127,126,125,123,123,122,120,120,119,117,114,111,114,112,112,108,106,107,104,105,97,103,100,99,99,97,98,97,97,96,94,94,92,91,87,88,86,84,84,83,81,78,77,75,74,71,71,69,67,65,64,63,61,59,57,55,53,52,50,48,46,44,42,40,38,36,34,32,29,28,24,22,23,21,19,17,16,14,12,10,8,6,4,2,0,0,0,0,0,0,0,2,4,6,8,9,12,14,15,17,19,21,21,24,25,27,0,29,29,31,34,36,38,40,42,44,46,48,50,52,51,55,56,57,59,60,62,64,65,67,69,70,68,73,75,77,77,79,78,80,80,82,84,85,88,88,90,93,91,96,98,99,97,100,103,104,105,107,109,106,111,112,115,116,116,118,118,119,122,123,124,123,128,126,131,130,134,135,133,138,141,141,128,139,144,147,142,131,148,147,147,150,154,151,147,151,151,157,160,148,162,160,159,165,162,161,166,161,137,171,171,172,173,174,167,176,170,177,179,177,181,180,179,184,186,185,189,186,189,189,176,160,193,194,183,187,193,194,198,166,198,201,199,152,197,205,208,211,205,209,202,207,216,190,218,215,154,211,208,219,220,221,184,181,223,217,208,211,228,190,223,192,169,231,143,226,171,233,227,207,224,179,217,237,229,240,231,161,161,245,245,242,228,244,244,231,250,249,150,204,212,233,229,231,256,211,239,260,228,254,183,226,260,241,187,225,194,261,165,191,193,265,250,241,270,247,205,252,187,272,239,199,241,234,276,262,252,240,261,188,237,278,281,277,222,215,283,261,214,237,284,267,280,186,272,261,279,256,236,286,265,262,243,258,233,246,175,243,211,218,259,209,222,233,211,244,240,285,181,238,243,269,273,198,280,268,228,237,244,251,224,236,202,275,203,203,273,209,182,234,179,242,231,229,252,220,225,244,172,220,215,198,236,258,213,255,250,215,243,216,198,252,249,243,230,211,242,238,199,230,200,243,201,240,206,211,240,241,237,219,218,202,234,200,229,230,177,220,230,179,229,230,225,167,196,222,168,221,211,167,168,197,219,201,209,215,201,211,162,205,212,202,177,144,204,190,204,193,182,198,164,132,193,193,196,192,173,193,170,191,190,189,186,186,183,174
135,149,92,153,154,138,150,151,119,147,142,143,101,145,133,137,140,136,139,138,129,131,127,132,129,112,101,123,128,101,96,126,123,110,120,120,119,115,116,112,109,111,108,102,100,104,101,103,103,0,100,78,81,99,98,100,100,99,101,102,101,101,101,101,99,96,100,99,100,98,98,100,98,100,94,100,98,99,99,98,100,98,99,98,96,96,94,93,89,90,88,86,84,84,82,79,79,77,76,73,73,71,69,67,66,65,63,61,59,57,55,54,52,50,48,46,44,42,40,38,36,34,31,30,26,24,25,23,21,19,18,16,14,12,10,8,6,4,2,0,0,0,0,0,0,0,2,4,6,6,9,11,13,15,17,19,19,22,24,26,24,28,28,30,33,35,37,39,41,43,45,47,49,51,50,54,55,56,58,59,61,63,64,66,68,69,67,72,74,76,76,78,77,79,79,81,83,84,87,87,89,92,90,95,97,98,96,99,102,103,104,105,107,105,109,109,112,113,113,115,115,115,119,120,120,119,124,122,127,124,130,130,127,133,136,135,122,133,136,140,134,123,140,139,140,142,146,142,137,142,143,147,151,139,152,149,149,154,152,150,154,150,126,160,158,160,161,162,154,163,158,165,165,164,168,167,166,171,173,172,175,171,174,175,162,147,179,179,169,172,176,178,182,151,181,186,183,135,181,189,190,194,189,192,186,191,199,174,201,199,138,195,191,203,203,204,168,163,206,200,192,194,210,172,205,174,152,212,126,206,152,212,205,185,201,156,193,211,202,212,204,132,131,213,213,209,194,211,209,197,213,212,111,165,174,193,189,191,213,169,195,214,184,209,138,180,213,192,140,175,143,210,112,140,139,211,195,184,214,189,146,193,128,212,177,138,179,171,212,197,186,173,194,120,168,209,211,207,151,142,210,188,139,161,208,190,202,108,195,182,203,178,158,208,187,183,164,179,154,167,95,163,132,138,180,129,142,154,132,165,160,206,101,158,163,188,192,115,198,186,145,155,162,168,139,153,118,191,119,118,189,123,96,150,0,160,149,148,173,142,149,169,97,147,141,126,165,188,143,187,184,148,178,152,135,190,189,183,172,152,184,182,142,175,147,190,149,189,156,162,192,193,191,173,172,157,190,156,187,188,135,180,190,142,191,192,189,130,161,188,133,189,180,136,138,167,190,172,181,186,173,182,134,176,183,174,148,116,175,162,176,165,153,170,136,103,165,164,167,164,144,165,142,163,162,161,158,158,156,146
156,169,111,173,175,161,171,172,139,168,164,165,124,166,155,159,162,159,162,161,153,156,151,158,155,135,127,148,152,127,122,151,149,136,147,147,146,143,143,140,136,139,137,130,130,134,131,133,134,131,131,129,112,127,127,126,125,124,124,123,121,121,120,119,116,112,115,114,112,110,108,109,106,107,100,105,102,102,101,100,101,100,100,99,97,97,95,94,90,91,89,87,86,85,83,80,80,78,76,74,74,72,70,69,68,67,65,63,61,59,57,56,54,52,50,48,46,44,42,40,38,36,33,32,28,26,27,25,23,21,20,18,16,14,12,10,8,6,4,2,0,0,0,0,0,0,0,2,4,6,8,10,12,14,16,18,19,21,23,25,24,27,27,29,32,34,36,38,40,42,44,46,48,50,49,53,54,55,57,58,60,62,63,65,67,68,67,71,73,74,75,77,76,78,78,80,82,82,85,85,86,90,87,92,94,95,93,96,99,100,101,103,105,102,106,107,108,110,0,111,111,112,115,116,116,114,119,117,122,121,125,126,124,128,131,131,118,130,134,137,133,120,138,136,138,139,143,140,135,138,141,144,147,136,149,147,146,152,149,148,153,149,124,157,157,158,159,160,153,161,157,163,164,162,166,165,165,169,171,169,173,170,173,174,159,144,174,175,163,166,169,171,173,140,171,174,171,122,167,174,175,178,173,174,168,171,179,152,179,178,116,172,167,177,177,177,139,135,177,170,162,162,178,139,171,138,116,175,89,169,114,175,167,147,163,118,156,173,164,173,163,91,89,173,172,168,154,169,168,156,171,169,67,121,130,149,145,145,168,123,149,169,138,162,91,131,165,144,91,127,93,161,62,91,91,162,146,134,163,137,0,142,75,162,130,90,132,128,168,155,146,134,155,82,132,174,178,174,121,114,181,160,114,136,186,167,181,87,175,162,185,162,141,193,174,171,152,169,146,160,88,157,129,133,176,127,139,154,131,165,162,207,104,164,168,195,201,126,208,197,159,168,175,185,156,171,138,211,141,141,211,149,121,175,119,184,174,171,195,164,171,189,120,168,162,147,186,210,165,209,204,168,198,171,154,210,208,201,192,171,204,200,161,192,166,210,167,207,173,178,210,211,209,190,190,174,208,174,205,205,153,197,208,160,209,210,207,147,178,206,152,205,196,154,155,184,208,189,199,203,190,200,152,194,202,191,167,133,194,180,195,184,172,190,154,121,185,183,187,184,164,185,163,183,183,182,179,179,175,167
162,174,115,179,182,167,178,178,144,173,169,171,130,172,160,165,169,165,168,167,158,160,155,163,160,140,132,151,158,132,127,157,154,139,152,151,151,148,147,145,142,143,142,133,134,138,135,137,138,135,135,132,116,131,131,130,129,127,127,125,123,124,123,121,117,115,118,116,115,112,110,111,108,109,101,107,103,103,103,100,102,101,101,100,98,98,96,95,91,92,90,88,86,86,84,81,81,79,77,74,75,73,71,69,67,67,65,63,60,60,58,57,55,53,51,50,48,46,44,42,40,38,35,34,30,28,29,27,25,23,22,20,18,16,14,12,10,8,6,4,2,0,0,0,0,0,0,0,2,4,6,8,10,12,14,16,17,19,21,23,22,25,25,27,30,32,34,36,38,40,42,43,45,46,0,49,50,51,53,54,56,58,59,61,63,64,63,67,69,71,71,73,72,74,74,76,78,80,83,83,85,88,86,91,93,94,92,95,98,99,100,102,104,101,106,107,110,111,111,112,112,113,116,117,119,118,122,121,125,124,128,129,127,132,135,135,122,134,138,140,136,124,141,140,143,143,148,145,140,144,147,151,154,141,156,153,150,157,154,153,158,154,130,163,163,164,165,166,159,167,163,168,169,166,169,167,167,170,171,169,172,168,170,170,156,142,171,171,160,163,166,166,168,135,166,168,165,115,161,167,169,171,166,167,160,163,170,142,170,169,0,165,162,174,174,175,141,135,178,172,166,166,183,147,178,147,127,185,101,181,129,187,182,164,181,137,173,191,184,194,187,115,114,199,199,196,182,200,198,189,204,205,103,159,168,191,185,188,211,168,194,215,187,211,143,183,217,198,147,184,149,219,121,151,152,222,210,197,228,204,161,209,145,229,196,159,198,194,234,218,211,196,217,145,193,236,238,234,182,174,241,221,173,194,244,224,238,144,231,222,242,220,198,250,231,226,208,226,201,214,142,210,183,187,231,181,193,206,185,220,215,262,160,218,221,249,255,181,262,250,212,219,228,237,207,222,191,263,194,194,263,202,171,226,173,234,225,223,246,214,220,238,169,217,209,194,233,254,209,252,246,209,240,210,193,249,246,238,229,206,239,234,193,225,199,240,199,238,201,207,238,238,235,215,214,198,232,196,228,228,172,218,228,178,227,228,224,162,192,220,167,219,209,167,166,194,219,198,208,212,200,209,162,203,211,201,176,140,204,187,203,192,178,197,161,127,193,191,194,191,170,193,170,191,190,189,186,185,182,174
167,178,118,184,187,172,183,183,146,179,173,176,134,177,164,168,173,168,172,171,160,163,157,166,163,142,135,153,161,135,130,160,157,141,155,154,154,151,151,148,144,145,144,134,136,140,137,140,140,137,137,133,118,133,133,132,131,129,129,127,125,126,125,123,118,117,120,118,117,114,112,113,110,111,103,109,105,105,105,102,104,103,103,102,100,100,98,97,93,94,92,90,88,88,86,83,83,81,79,76,77,75,73,71,69,69,67,65,62,61,59,58,56,54,52,51,49,47,45,43,41,39,36,35,31,30,29,29,27,25,24,22,20,18,16,14,12,10,8,6,4,2,0,0,0,0,0,0,0,2,4,6,8,10,12,14,15,17,19,21,21,24,24,26,29,31,33,35,37,39,41,43,45,47,46,50,51,52,54,55,57,59,60,62,64,65,64,68,70,72,72,74,73,75,75,77,79,81,83,83,85,88,86,91,93,94,92,95,98,99,100,102,104,101,106,107,110,111,111,113,113,114,117,118,120,118,123,121,126,125,129,130,128,133,136,136,123,135,138,141,136,0,141,140,144,143,147,145,140,144,148,150,153,141,155,153,152,158,155,154,159,155,131,164,164,165,166,167,160,169,164,170,172,170,174,173,173,177,179,178,182,179,182,183,169,157,186,187,177,181,186,187,190,159,191,194,192,143,190,197,200,203,198,201,195,199,208,182,209,208,149,204,200,212,211,210,175,169,210,204,198,196,212,175,205,172,153,209,125,204,150,209,201,183,200,154,190,208,198,209,200,127,126,210,209,205,190,207,204,195,208,206,0,160,168,191,186,188,212,167,195,216,188,212,144,183,218,198,149,185,151,220,122,153,155,225,212,200,231,206,164,212,146,232,199,160,201,198,237,221,214,199,220,147,196,239,241,237,186,178,244,224,176,197,247,227,241,147,234,224,246,223,200,253,234,229,211,229,205,217,145,213,187,190,234,183,196,209,187,223,218,266,163,222,224,252,258,184,265,253,216,222,231,240,210,225,194,266,197,197,266,205,174,230,175,237,229,225,249,217,224,242,174,221,212,198,237,258,214,257,251,213,244,214,196,254,250,242,233,209,244,238,197,229,203,245,203,242,205,211,243,243,240,219,217,201,237,199,232,232,176,222,232,183,232,233,228,165,196,225,172,223,213,172,171,197,223,201,212,217,204,214,167,208,215,205,181,144,208,191,208,196,182,200,165,131,198,196,200,196,173,198,175,195,195,194,191,190,186,179
170,179,119,186,190,175,185,186,147,180,175,178,136,179,166,168,175,170,174,173,161,164,157,168,165,142,137,153,163,137,132,162,159,141,157,155,156,153,152,150,146,147,146,134,138,142,139,142,142,138,139,134,120,135,134,134,133,131,131,129,127,128,127,125,119,119,122,120,119,116,114,115,112,113,106,111,107,108,107,105,107,106,105,105,103,103,100,100,96,96,95,92,91,91,89,86,86,84,82,79,80,78,76,74,72,72,70,68,65,64,62,61,59,57,55,54,52,50,48,46,44,42,39,38,34,32,32,31,29,27,26,24,22,20,18,16,14,12,10,8,6,4,2,0,0,0,0,0,0,0,2,4,6,8,10,12,13,15,17,19,19,22,22,24,27,29,31,33,35,37,39,41,43,45,45,48,49,50,52,53,55,57,58,60,62,63,62,66,68,70,71,73,72,74,74,76,78,80,83,83,85,88,86,91,93,94,92,95,98,99,100,102,104,101,106,107,110,111,111,112,112,113,116,117,119,118,122,121,125,124,128,129,127,132,135,135,122,134,138,141,138,126,142,142,146,144,149,147,142,146,150,152,155,143,157,155,154,160,157,156,161,157,132,166,166,167,168,169,162,171,166,172,174,172,176,175,175,179,181,180,184,181,184,185,171,159,188,189,178,182,186,186,188,155,186,188,184,0,181,187,192,195,191,194,187,192,200,174,202,200,142,196,192,203,204,205,170,165,207,202,196,196,213,177,208,176,157,215,132,211,159,217,211,194,211,167,203,221,213,224,215,143,143,229,229,226,212,228,228,219,234,233,132,188,197,220,214,214,238,193,219,239,210,233,164,203,237,216,166,202,165,235,0,168,170,239,226,214,245,220,177,226,160,245,213,175,214,212,249,235,228,213,234,161,210,251,255,251,200,192,257,238,191,211,260,241,255,160,248,238,260,238,214,266,248,243,225,243,219,231,158,227,201,204,248,197,210,223,201,237,232,280,178,236,238,266,272,199,279,266,230,236,244,255,224,238,207,278,209,208,276,215,181,238,184,243,235,230,252,221,227,244,178,224,215,202,240,262,217,260,254,216,247,217,199,257,253,244,236,212,247,239,199,230,204,248,206,244,208,212,245,246,242,221,219,202,239,201,235,234,177,224,235,185,234,235,231,166,198,227,175,226,215,175,174,199,226,203,214,220,206,216,170,210,218,207,184,145,211,192,210,199,184,202,166,131,201,198,201,198,174,201,178,198,197,197,194,193,188,182
172,179,119,186,192,177,187,188,147,182,176,180,138,180,167,169,177,171,176,175,163,166,157,170,167,143,139,154,165,139,134,164,161,141,159,157,158,155,154,152,147,148,148,134,140,144,141,144,144,140,141,134,122,137,135,136,135,133,133,131,129,130,129,127,119,121,124,122,121,118,116,117,114,115,108,113,109,110,109,106,109,108,107,107,105,105,102,102,98,98,97,94,92,93,91,88,88,86,84,80,82,80,78,76,73,74,72,70,67,66,64,63,61,59,57,56,54,52,50,48,46,44,41,40,36,34,34,33,31,29,28,26,24,22,20,18,16,14,12,10,8,6,4,2,0,0,0,0,0,0,0,2,4,6,8,10,12,14,16,18,18,21,22,24,27,29,31,33,35,37,39,41,43,45,45,48,49,50,52,53,55,57,58,60,62,63,62,66,68,70,71,73,72,74,74,76,78,81,83,83,85,88,86,91,93,94,92,95,98,99,100,102,104,101,106,107,110,111,112,113,113,114,117,118,120,119,123,121,126,125,129,130,128,133,136,136,123,135,139,142,138,128,143,142,147,145,150,147,142,146,151,153,156,143,158,156,154,160,157,156,161,157,133,166,166,167,168,169,162,171,166,172,174,172,176,175,175,179,181,180,184,181,184,185,171,161,188,189,179,183,187,189,192,160,192,195,193,146,191,198,201,204,199,202,196,200,209,183,210,209,151,205,201,212,211,210,177,169,210,204,199,196,212,177,205,172,155,209,127,204,152,209,201,185,202,156,191,208,198,210,201,0,121,214,214,211,197,214,211,203,215,214,110,166,175,198,190,192,214,169,195,215,188,209,141,180,213,192,144,180,0,213,114,148,148,217,206,192,223,198,157,204,138,224,191,154,193,191,229,214,209,192,213,140,189,232,234,230,180,172,237,219,172,190,241,221,234,141,228,220,241,219,194,247,230,223,205,225,200,211,138,207,182,184,230,177,190,203,181,217,212,261,159,217,218,248,254,180,261,247,211,216,225,236,204,219,190,263,193,193,263,201,168,226,172,232,225,219,244,212,218,238,173,219,210,198,237,260,215,258,253,214,247,215,197,256,253,243,236,210,246,239,198,230,204,247,206,245,206,212,245,245,242,220,218,201,239,200,235,235,176,225,235,186,234,235,231,165,196,227,176,226,216,176,174,198,226,202,214,219,207,216,171,210,218,208,185,144,211,191,210,199,183,201,165,131,202,198,203,198,173,202,179,198,198,198,195,194,190,183
172,177,117,186,192,177,187,188,145,181,176,180,138,180,166,167,177,171,176,175,162,165,155,170,167,141,139,152,164,139,134,164,161,139,159,157,158,155,154,152,147,148,147,132,141,145,142,145,145,140,142,133,123,138,135,137,136,134,134,131,129,131,130,128,118,122,125,123,122,119,117,118,115,116,109,114,110,111,110,107,110,109,107,108,106,106,102,103,99,99,98,95,93,94,92,89,89,87,85,81,83,81,79,77,74,75,74,72,69,68,66,65,63,61,59,58,56,54,52,50,48,46,43,42,38,36,36,35,33,31,30,28,26,24,22,20,18,16,14,12,10,8,6,4,2,0,0,0,0,0,0,0,2,4,6,8,10,12,14,16,16,19,20,22,25,27,29,31,33,35,37,39,41,43,44,46,47,48,50,51,53,55,56,58,60,61,60,64,66,68,69,71,70,72,72,74,76,79,81,81,83,86,84,89,91,92,90,93,96,97,98,100,102,99,104,105,108,109,110,111,111,112,115,116,118,117,121,120,124,122,126,0,124,129,132,132,119,131,135,138,136,125,139,139,144,141,146,144,139,143,148,149,152,139,154,152,152,158,154,153,158,154,129,164,163,165,166,167,159,168,163,169,171,168,172,171,171,175,177,176,179,177,180,181,168,157,184,185,175,179,183,185,189,157,189,192,190,144,188,195,198,201,196,199,193,198,206,180,208,206,150,202,198,210,210,211,178,171,213,208,203,202,218,185,213,181,164,218,138,213,162,218,211,195,211,166,199,217,208,218,210,138,137,219,219,215,200,217,214,206,218,216,116,170,178,202,194,195,218,173,199,219,192,213,146,183,217,196,148,184,147,215,116,147,147,215,203,187,217,192,151,196,130,215,180,144,181,179,215,199,193,174,196,0,171,214,217,214,164,157,221,203,157,174,225,205,219,124,213,204,227,203,179,232,216,209,191,211,188,197,124,194,169,171,217,163,177,190,168,204,199,249,147,205,205,235,241,168,248,234,199,203,212,224,191,206,178,250,181,181,250,189,154,214,158,219,213,206,231,199,205,225,161,206,197,185,224,248,203,246,242,202,235,205,186,247,245,235,229,204,241,233,193,226,199,245,203,241,203,207,242,243,239,216,215,196,236,196,232,231,172,221,231,183,231,232,229,160,192,225,173,223,213,173,172,194,223,198,211,217,204,214,169,208,217,205,184,140,209,188,208,197,180,198,162,127,200,197,200,197,170,200,179,197,198,198,195,193,189,183
142,147,87,158,162,147,157,158,115,152,147,150,109,151,138,138,147,142,146,145,133,136,124,139,136,110,108,121,134,108,103,133,130,107,128,126,127,123,122,120,116,117,116,100,108,112,109,111,111,0,108,72,89,106,103,107,106,105,106,104,102,101,100,98,88,92,95,93,91,88,86,87,84,85,77,83,80,79,80,76,78,79,0,80,80,81,57,80,77,79,78,77,77,79,79,78,79,78,78,76,80,79,78,76,73,74,73,71,68,67,65,64,62,60,58,57,56,54,52,50,48,46,43,42,38,36,36,35,33,31,30,28,26,24,22,20,18,16,14,12,11,9,6,6,4,2,0,0,0,0,0,0,0,2,4,6,8,10,12,14,14,17,18,20,23,25,27,29,31,33,35,37,39,41,42,44,45,46,48,49,51,53,54,56,58,59,58,61,64,66,67,69,68,71,71,73,75,77,79,79,81,84,82,87,89,90,88,91,94,95,96,98,100,97,102,102,105,106,107,107,108,109,112,113,115,114,118,117,121,120,124,125,123,128,131,131,118,129,133,136,132,124,136,137,141,138,143,139,135,140,144,146,148,136,150,147,148,153,151,149,154,150,125,160,159,161,162,163,155,164,159,166,167,166,170,168,168,173,175,173,178,174,177,178,165,155,182,181,171,175,180,181,186,154,185,189,187,141,183,193,196,199,193,196,190,195,203,178,206,203,147,199,195,206,208,209,176,169,211,204,199,198,215,182,210,178,162,217,137,213,164,219,213,199,216,172,204,223,215,226,217,147,147,231,231,228,214,230,230,221,235,235,136,189,199,223,215,217,241,196,224,244,218,240,175,212,246,226,179,215,180,246,151,183,185,251,240,226,256,232,193,237,172,257,224,189,226,225,260,247,241,224,246,173,220,261,264,259,209,201,262,245,198,214,263,244,256,161,249,240,260,237,211,261,245,238,218,238,214,222,148,218,192,193,239,184,197,209,186,222,215,265,164,219,219,248,253,179,259,243,208,212,219,231,198,211,184,254,184,185,252,190,153,214,159,217,211,203,226,195,200,218,156,199,188,178,215,238,193,235,229,190,222,191,171,232,228,217,211,185,221,212,171,203,176,222,181,218,180,184,219,220,216,193,191,172,213,172,209,208,147,198,208,160,207,208,204,135,166,200,148,198,188,147,147,167,198,172,184,193,178,189,143,183,191,179,157,113,183,160,182,171,153,171,133,100,173,171,174,170,140,173,150,170,169,169,166,165,161,154
170,173,112,184,190,175,185,186,141,179,173,178,137,178,165,165,175,171,175,174,163,166,153,171,168,140,140,151,164,140,135,164,162,137,160,158,159,156,153,153,148,149,149,133,142,146,143,145,146,141,143,132,124,139,134,138,137,135,135,132,130,132,131,129,117,122,126,124,122,120,118,119,116,117,109,115,111,111,111,107,111,110,108,109,107,107,103,104,100,100,99,96,94,95,93,90,90,88,85,82,84,82,80,78,75,76,75,73,70,69,67,66,64,62,60,59,58,56,54,52,50,48,45,44,40,38,38,37,35,33,32,30,28,26,24,23,21,19,17,15,14,12,9,8,6,4,2,0,0,0,0,0,0,0,2,4,6,8,10,12,13,16,17,19,22,24,26,28,30,32,34,36,38,40,41,43,44,45,47,48,50,52,53,55,57,58,58,61,63,65,66,68,67,70,70,72,74,77,79,79,81,84,82,87,89,90,88,91,94,95,96,98,100,97,102,103,106,107,108,109,109,110,113,114,115,114,117,0,120,119,123,124,122,127,129,129,116,128,132,135,132,124,136,136,140,138,142,139,135,139,143,144,147,133,149,147,145,152,149,148,153,149,124,158,157,159,159,161,153,162,158,163,165,163,166,164,164,167,168,165,169,165,166,167,152,143,167,168,157,159,162,163,165,133,164,166,164,118,160,166,168,170,165,166,160,163,171,144,171,170,114,164,159,170,168,168,136,126,168,161,156,153,169,136,162,129,113,166,87,160,111,165,158,144,159,114,146,163,154,163,154,2,0,164,163,161,147,165,164,157,171,172,73,126,135,162,153,155,179,134,162,183,160,180,115,152,186,168,121,158,122,189,93,125,127,192,184,168,199,174,136,180,114,201,167,132,170,170,205,190,187,168,190,118,166,209,211,208,160,153,214,199,152,167,218,198,212,117,205,199,219,198,171,224,210,200,182,204,180,188,114,184,162,161,209,154,167,180,158,194,189,239,139,197,195,228,234,160,241,224,191,194,202,217,182,196,171,242,173,174,242,181,143,206,151,209,205,196,221,189,195,215,154,198,187,177,216,240,195,238,232,192,227,195,176,239,237,225,221,194,233,223,183,216,189,238,197,235,196,202,238,240,236,211,210,192,233,192,229,228,166,217,228,180,228,229,226,154,187,222,170,220,209,170,169,189,220,194,206,214,201,211,166,205,214,202,181,135,206,183,206,194,176,195,157,122,198,194,198,195,166,198,177,195,196,196,193,190,187,181
149,153,93,168,172,158,170,171,128,168,165,168,130,171,158,159,171,167,172,172,161,164,151,167,165,138,138,148,163,138,133,162,159,135,157,155,156,153,152,150,146,147,146,130,138,144,141,144,144,139,141,129,122,137,131,136,135,132,134,131,129,129,130,128,115,122,125,123,122,119,117,118,115,116,109,114,110,111,110,107,110,109,107,108,105,106,0,103,99,100,99,95,94,95,94,91,91,89,87,83,85,83,81,79,76,77,76,74,71,70,68,67,65,63,61,60,59,57,56,54,52,50,47,46,42,40,40,39,37,35,34,32,30,28,26,25,23,21,19,17,16,14,11,10,8,6,4,2,0,0,0,0,0,0,0,2,4,6,8,10,11,14,14,16,19,21,23,25,27,29,31,33,35,37,38,40,42,43,45,46,48,50,51,53,55,56,56,59,61,63,64,66,65,69,69,71,73,76,78,78,80,83,81,86,88,89,87,90,93,94,95,97,99,96,101,102,105,104,106,107,106,109,112,113,115,114,118,117,121,119,124,125,122,126,130,130,117,129,132,135,133,125,135,137,140,137,142,140,134,139,144,145,148,135,150,147,148,153,151,148,153,149,124,159,157,160,160,161,153,161,157,164,164,164,167,165,167,170,172,170,174,170,173,175,161,153,178,177,168,171,176,177,182,150,180,185,182,138,180,188,191,194,188,191,185,191,198,173,201,199,144,194,190,202,203,204,173,163,206,199,194,193,209,178,204,172,158,211,133,206,160,213,207,195,210,167,198,216,208,219,211,142,142,223,223,220,206,223,222,214,227,227,130,181,190,216,206,207,230,185,211,231,207,225,162,196,229,209,163,198,163,227,132,164,164,228,218,201,231,206,168,210,144,229,195,161,196,196,229,214,210,190,211,140,185,227,229,224,176,167,228,212,164,179,228,208,220,124,213,206,225,202,175,227,211,202,182,204,180,186,111,182,158,157,205,148,161,173,150,186,179,230,130,185,183,215,219,145,226,209,174,177,184,197,161,175,149,219,149,150,217,155,114,178,124,179,175,165,190,157,162,181,119,163,149,140,178,201,155,198,190,149,183,150,130,193,189,176,171,142,181,171,128,162,134,182,140,178,137,141,178,178,174,148,146,0,169,124,165,165,100,156,168,121,170,172,170,98,131,168,116,168,158,118,119,139,172,145,159,169,156,167,123,163,172,162,140,95,169,145,170,160,141,161,124,90,167,165,170,168,138,172,150,171,171,171,170,167,166,160
174,177,115,190,194,179,189,190,144,184,179,182,142,183,170,168,179,174,178,177,165,168,155,172,169,141,143,152,167,143,138,165,163,137,161,159,160,157,157,155,150,152,151,132,142,148,145,148,148,143,145,132,126,141,134,140,139,135,137,134,132,132,133,131,117,125,128,126,125,122,120,121,118,119,112,117,113,114,113,110,113,112,110,111,109,109,105,106,102,102,101,96,96,97,95,92,92,90,88,84,86,84,82,80,77,78,77,75,72,71,69,68,66,64,62,61,60,58,57,55,53,51,48,47,43,41,41,40,38,36,35,33,31,29,27,26,24,22,20,18,17,15,13,12,10,8,6,4,2,0,0,0,0,0,0,0,2,4,6,8,9,12,14,15,18,20,22,24,26,28,30,32,34,36,37,39,41,42,44,45,47,49,50,52,54,55,55,58,60,62,63,65,64,68,68,69,71,74,76,76,78,81,79,84,86,87,85,88,91,92,93,95,97,94,99,100,103,104,105,106,106,107,110,111,113,112,116,116,119,118,122,124,121,126,129,129,116,128,132,135,133,127,137,137,141,138,143,141,136,141,145,147,149,138,151,149,149,155,152,150,156,152,126,161,161,162,163,164,156,166,161,167,169,167,171,170,170,174,176,175,179,176,178,180,166,160,183,184,173,177,182,183,188,156,187,191,190,147,187,195,198,201,197,200,193,198,206,180,208,206,153,201,197,209,210,211,182,171,213,207,202,201,218,188,213,181,169,221,144,216,171,223,217,206,222,179,207,226,219,229,221,154,154,234,234,231,218,234,233,225,239,239,143,193,202,230,219,221,245,200,228,248,225,244,183,216,250,231,187,222,188,251,159,191,193,255,247,230,260,236,201,241,176,262,228,197,231,232,265,251,248,228,250,181,225,268,269,265,218,209,269,254,207,220,269,249,262,165,254,249,266,246,217,268,254,244,223,247,223,228,153,224,201,199,248,190,203,215,192,228,221,272,173,228,225,257,262,189,268,250,217,218,226,240,204,217,193,263,193,194,261,199,158,223,168,223,220,209,233,201,206,225,166,208,195,187,224,247,202,244,236,196,231,197,177,242,237,225,222,0,234,223,182,216,189,239,198,237,196,202,240,241,238,214,213,154,238,196,235,235,171,224,238,190,238,238,235,162,194,231,179,229,217,178,178,196,229,201,213,223,209,219,174,213,221,210,187,140,214,189,213,202,182,200,162,127,204,202,205,201,0,204,182,202,201,201,198,195,192,186
122,124,62,138,142,127,137,138,91,132,126,130,90,130,116,114,126,121,125,124,112,113,99,118,115,85,87,96,111,86,80,109,106,79,103,101,102,98,97,96,90,91,90,71,82,87,85,86,86,79,83,67,64,81,0,82,82,81,84,83,83,84,85,85,71,81,84,84,84,83,83,85,83,85,79,85,83,84,85,82,86,86,85,87,87,88,84,86,84,84,84,82,82,85,85,84,85,83,82,78,81,79,78,76,74,76,75,73,69,70,68,67,66,64,62,61,60,58,58,56,54,52,49,48,44,43,43,42,40,38,37,35,33,31,29,28,26,24,22,19,19,17,15,14,12,10,8,6,4,2,0,0,0,0,0,0,0,2,4,6,7,10,12,13,16,18,20,22,24,26,28,30,32,34,35,37,39,40,42,43,45,47,48,50,52,52,52,55,57,59,60,62,61,65,65,68,69,71,73,74,75,78,76,81,83,84,83,85,88,89,90,91,93,91,95,95,98,99,100,101,101,103,105,106,107,106,110,110,113,112,116,118,115,120,123,123,110,121,126,128,125,121,129,129,133,130,135,132,128,131,135,137,139,0,141,139,139,144,142,140,146,141,115,150,150,151,152,153,146,154,150,156,157,156,159,158,159,162,164,163,167,164,167,168,154,149,171,171,162,165,170,171,175,143,175,178,177,135,174,182,185,188,183,186,180,185,193,167,195,193,141,189,185,197,197,198,170,157,200,194,189,188,204,175,200,167,155,206,131,202,157,208,203,191,208,165,193,212,204,215,207,141,141,219,220,216,202,220,218,210,224,224,129,177,186,216,204,206,230,185,213,233,211,229,169,200,235,216,173,208,174,236,145,177,178,240,233,214,244,220,184,223,157,242,208,177,209,211,243,227,225,204,224,155,200,240,242,238,191,183,241,227,180,192,242,222,234,137,227,222,239,218,189,241,227,216,197,220,196,200,124,196,174,171,221,162,175,187,164,201,193,244,146,201,197,230,235,161,240,222,190,190,198,213,175,189,165,235,165,166,233,171,129,195,140,194,192,181,204,172,177,196,138,180,166,158,196,220,174,216,208,167,203,168,148,213,209,195,192,162,202,190,147,181,153,203,162,199,157,161,200,201,197,170,168,153,194,150,190,189,124,176,188,140,188,189,185,112,143,181,129,179,166,128,128,145,179,149,162,173,159,169,123,163,171,159,137,88,163,137,162,150,130,148,110,75,153,151,154,150,120,153,130,150,149,149,146,142,141,134
148,149,87,164,168,153,163,164,116,158,153,156,116,157,144,140,153,148,152,151,139,140,126,145,142,112,116,123,140,116,111,139,136,108,133,131,132,128,127,126,121,123,122,101,113,119,116,118,118,81,115,0,96,114,104,115,115,112,116,114,113,114,116,116,100,111,115,114,114,113,113,115,113,115,109,115,111,114,114,111,114,113,111,112,110,110,106,107,104,104,103,98,98,99,97,94,94,92,90,86,88,86,84,82,79,81,80,78,74,74,72,71,69,67,65,64,63,61,60,58,56,54,51,50,46,45,45,44,42,40,39,37,35,33,31,30,28,26,24,21,21,19,17,16,14,12,10,8,6,4,2,0,0,0,0,0,0,0,2,4,4,7,9,9,12,14,16,18,20,22,24,26,28,30,31,33,35,36,38,39,41,43,44,46,48,49,49,52,54,56,57,59,58,62,62,65,66,69,71,71,72,75,0,78,80,82,81,83,86,87,88,90,92,89,94,95,98,99,100,101,101,103,105,106,108,108,111,112,114,114,117,119,117,121,124,124,111,123,128,130,126,124,131,131,135,132,137,134,130,134,138,140,142,132,144,142,142,148,145,144,149,145,118,154,154,155,156,157,150,159,154,160,162,160,164,163,163,167,169,168,172,169,171,172,159,155,176,177,167,171,175,176,181,149,181,184,183,142,180,188,191,194,189,192,186,191,199,173,201,199,148,194,191,202,203,204,177,164,206,200,196,194,211,182,206,174,163,213,139,209,165,215,210,199,216,173,199,218,211,221,214,149,149,226,226,224,210,227,226,218,232,231,139,184,194,224,212,214,238,193,220,241,219,237,177,208,243,223,182,216,183,244,154,186,188,248,241,223,252,229,196,234,167,255,220,191,224,227,258,244,242,220,243,175,219,261,263,259,214,205,264,250,203,214,264,244,257,158,248,246,261,242,212,263,250,239,218,243,219,223,146,219,197,193,244,184,197,209,186,223,216,267,170,224,220,253,258,185,263,245,213,212,221,236,199,211,190,259,189,191,257,195,152,219,165,217,216,204,228,196,200,220,163,204,189,182,220,243,198,240,231,191,227,191,171,237,233,219,216,185,226,214,170,205,176,227,186,223,180,185,224,225,221,194,192,176,218,173,214,213,147,200,214,165,213,214,210,136,167,206,154,204,191,153,153,169,204,174,187,199,184,195,149,189,197,185,163,113,189,162,188,176,155,173,135,100,179,177,180,176,146,179,156,176,175,175,172,167,166,160
167,166,104,181,186,172,182,183,134,176,171,176,137,175,163,160,173,169,173,172,161,161,148,168,165,134,140,145,163,140,133,162,160,131,158,156,157,154,152,152,145,149,149,127,141,147,144,146,146,142,144,128,125,140,131,139,138,135,137,134,132,132,133,131,114,125,128,127,125,123,121,122,119,119,112,118,113,114,114,109,114,113,111,112,110,110,106,107,103,104,102,98,96,99,97,95,95,93,91,86,90,88,86,84,80,83,82,80,76,76,73,73,70,69,67,66,65,63,62,60,57,56,53,52,48,47,47,46,44,42,41,39,37,35,33,32,30,28,26,22,23,21,19,18,16,14,12,10,8,6,4,2,0,0,0,0,0,0,0,2,4,6,8,10,12,14,16,18,20,22,24,26,28,30,31,33,35,36,38,40,42,44,45,47,49,50,50,53,55,57,58,60,59,63,63,66,67,70,72,73,74,77,75,80,82,83,82,84,87,88,89,91,93,90,95,96,99,100,101,102,102,104,106,107,109,108,112,112,114,113,117,119,115,120,123,123,110,123,127,128,126,124,130,130,134,131,136,134,129,132,137,138,140,133,142,141,139,145,142,141,146,143,116,150,150,151,150,151,143,150,147,150,151,148,151,149,150,151,153,150,153,150,150,152,137,132,152,152,141,143,145,145,148,116,147,149,147,106,143,149,150,152,147,148,142,145,153,126,151,150,98,144,139,150,148,147,121,105,147,140,135,132,148,118,141,0,97,146,71,142,99,149,144,134,151,108,135,153,147,157,150,87,86,162,162,160,146,164,163,156,170,170,78,122,133,164,152,154,178,102,160,181,161,177,118,149,183,165,123,158,124,186,97,127,129,189,184,164,195,171,137,174,107,194,158,130,161,163,194,178,177,154,175,108,149,191,192,187,141,132,189,176,129,139,190,169,182,83,174,170,186,167,0,187,176,162,144,171,147,152,75,149,130,125,178,118,132,147,123,160,155,205,111,167,162,198,204,131,209,192,162,162,170,188,150,165,144,214,146,147,214,154,110,178,125,178,177,165,190,158,164,184,128,170,156,150,188,212,167,211,201,161,200,164,146,212,210,195,195,162,206,194,152,186,160,212,170,209,166,172,212,213,211,184,184,169,210,167,208,207,142,195,210,163,211,212,210,135,168,208,157,207,194,159,159,176,211,182,195,207,194,205,162,200,211,199,178,126,203,177,202,192,170,188,150,114,195,191,195,191,163,196,173,193,193,192,190,184,183,178
176,175,0,192,196,181,192,193,143,187,181,186,146,187,173,168,183,178,182,181,169,168,155,176,173,141,146,152,171,146,141,169,167,137,165,163,164,161,160,159,154,155,154,132,146,151,148,151,151,146,148,132,129,144,134,143,142,139,140,137,135,136,136,134,116,128,131,129,128,125,123,124,121,122,116,120,116,117,116,114,117,116,114,115,113,113,109,110,106,106,105,100,100,101,99,96,96,94,92,88,90,88,86,84,81,83,82,80,76,76,74,73,71,69,67,66,65,63,62,60,58,56,53,52,48,47,47,46,44,42,41,39,37,35,33,32,30,28,26,0,23,21,19,19,17,15,13,12,10,8,6,4,2,0,0,0,0,0,0,0,2,4,6,8,10,12,14,16,18,20,22,24,26,28,29,31,33,34,36,38,40,42,43,45,47,48,48,51,53,55,56,58,57,61,61,64,65,68,70,71,72,75,74,78,80,82,81,83,86,87,88,90,92,89,94,95,98,99,100,101,101,103,105,106,108,108,111,112,114,114,117,119,117,121,124,124,111,124,129,131,128,127,133,133,137,134,139,137,133,137,141,143,145,138,147,145,145,151,148,147,152,148,121,157,157,158,159,160,153,162,158,163,165,163,167,166,167,170,172,171,175,172,175,176,162,160,179,180,170,174,179,180,184,152,184,187,186,147,184,191,194,197,193,196,189,194,202,176,204,202,153,198,194,206,206,207,182,167,209,204,199,198,215,188,211,178,169,217,145,213,171,219,214,205,221,179,205,223,215,226,218,155,155,231,231,228,214,231,230,222,236,236,145,188,198,230,216,218,242,197,225,246,226,242,184,213,248,229,188,223,189,249,161,192,194,253,248,228,259,234,202,240,172,260,227,198,229,233,264,249,250,227,248,183,225,266,269,265,222,214,272,260,214,225,275,255,269,171,262,261,276,258,228,280,270,257,238,265,241,244,168,241,222,218,269,208,221,234,210,247,240,290,196,250,244,280,284,212,288,269,240,238,245,263,223,237,217,285,216,217,283,222,177,245,192,243,242,229,253,220,226,245,189,231,214,208,247,270,224,267,256,215,254,216,196,264,260,244,243,211,254,239,196,230,202,255,213,251,207,211,252,253,249,220,218,205,246,199,242,241,172,226,241,192,241,242,238,161,193,234,182,232,217,181,181,195,232,200,213,226,211,222,177,216,224,213,190,138,217,188,216,204,181,199,161,123,207,204,207,204,174,207,184,204,203,203,200,193,194,188
153,152,90,171,176,162,174,175,125,170,167,171,133,173,161,156,173,168,173,174,162,162,150,172,170,138,144,149,168,144,139,168,165,135,163,161,163,159,158,158,151,154,153,131,145,151,148,150,151,146,147,132,130,144,135,143,142,139,142,138,137,137,138,136,117,131,134,132,131,127,126,126,124,125,118,123,117,120,119,115,119,118,116,117,115,115,111,112,108,108,107,102,101,103,101,98,98,96,94,89,92,90,88,86,82,85,84,82,79,79,77,76,74,72,70,69,68,66,65,63,61,59,56,55,51,50,50,49,47,45,44,42,40,38,36,35,33,31,29,25,26,24,22,21,19,17,15,14,12,10,8,6,4,2,0,0,0,0,0,0,0,2,4,6,8,10,12,14,16,18,20,22,24,26,27,29,31,32,34,36,38,40,41,43,45,46,47,49,51,53,54,56,55,59,59,62,63,66,68,69,70,73,72,76,78,80,79,81,84,85,86,88,90,87,92,93,96,98,98,100,100,102,104,105,107,107,110,111,113,113,116,118,116,119,122,122,109,123,127,129,127,127,130,131,134,131,136,135,129,133,138,139,142,137,144,143,142,147,145,143,147,145,117,153,152,154,154,155,148,155,154,158,159,158,161,160,162,164,166,165,168,166,167,169,156,154,173,173,164,167,170,171,176,144,175,179,178,139,174,180,182,184,180,181,175,179,186,159,186,185,135,178,173,185,184,183,159,142,183,177,173,169,185,158,178,130,137,183,111,177,135,183,177,167,181,139,163,180,172,181,174,110,109,182,181,178,163,180,178,170,181,180,88,128,140,171,154,158,180,0,162,184,166,181,123,152,186,168,129,163,130,190,102,133,135,193,189,168,199,174,144,180,112,202,166,139,171,174,205,189,191,166,189,124,165,208,210,206,163,155,213,201,156,164,216,196,210,111,203,202,217,201,154,222,211,197,178,206,182,185,108,181,164,157,211,150,163,176,152,189,182,233,139,193,186,223,227,155,231,212,183,180,188,206,166,179,160,229,159,161,227,165,119,189,135,185,186,171,196,162,168,188,132,174,157,151,190,213,167,210,198,156,195,157,137,205,201,185,184,150,194,180,136,171,142,195,153,191,146,151,192,192,188,158,156,142,183,136,180,178,109,164,179,130,178,178,174,0,123,170,118,170,155,120,121,136,174,143,157,171,157,169,126,165,175,165,144,92,172,144,173,163,140,160,122,87,171,168,173,170,142,176,154,174,174,175,174,166,169,164
111,107,0,125,130,101,127,127,0,123,120,126,87,127,116,111,129,126,130,131,121,120,107,131,129,96,104,109,129,107,102,132,131,100,131,130,132,130,129,130,125,129,129,107,124,130,129,132,134,129,133,115,114,131,121,132,131,129,132,130,129,130,131,131,109,125,128,126,125,122,121,121,119,120,114,118,113,115,115,112,116,115,113,114,112,112,109,109,106,107,105,100,100,102,100,97,97,95,93,89,92,90,88,87,83,86,85,83,80,80,79,77,76,74,71,71,70,68,67,65,63,61,58,57,53,52,52,51,49,47,46,44,42,40,38,37,35,33,31,27,28,25,24,23,21,19,17,16,14,12,10,8,6,4,2,0,0,0,0,0,0,0,2,4,6,8,10,12,14,16,18,20,22,24,25,27,29,30,32,34,36,38,39,41,43,44,45,47,49,51,52,54,53,57,57,60,61,64,66,67,68,71,71,74,75,77,77,78,81,82,83,85,86,84,88,89,92,94,94,96,97,98,100,101,102,102,105,106,108,108,111,113,112,116,118,118,105,118,122,124,121,124,126,125,129,126,131,129,125,129,132,134,136,133,138,136,137,142,140,138,143,139,111,148,148,149,150,151,144,152,148,154,155,154,157,156,157,160,162,161,165,162,165,166,152,152,169,169,160,163,168,169,173,141,172,176,174,137,172,179,182,185,180,183,177,182,190,164,192,190,143,186,182,194,194,195,172,154,197,191,186,185,201,175,197,165,157,203,133,199,159,205,200,193,208,167,190,209,201,211,204,143,142,216,216,213,199,216,215,207,220,221,131,172,183,215,200,203,226,182,209,229,210,225,169,196,231,212,174,207,175,232,147,178,178,234,230,207,237,213,182,216,149,235,201,175,202,207,236,220,221,197,217,153,193,233,235,231,187,179,234,223,178,185,235,215,227,128,220,218,232,215,183,234,223,209,190,216,192,193,115,189,170,164,217,154,167,180,156,193,186,237,144,197,190,226,231,159,233,215,186,183,191,209,168,182,163,231,162,163,229,168,120,191,138,187,188,173,197,164,170,189,135,176,157,154,191,214,169,211,199,158,197,159,138,207,203,186,186,153,196,181,137,172,143,197,156,193,148,152,194,195,191,161,159,147,188,140,184,183,113,168,184,135,182,183,179,101,133,175,124,173,157,123,123,135,173,140,153,167,152,162,117,156,165,152,130,74,155,125,154,143,117,135,97,59,146,141,144,140,111,144,121,141,139,140,137,127,129,123
155,152,90,173,178,165,177,177,126,173,169,174,136,176,163,158,176,172,177,177,166,164,152,176,174,140,149,152,173,150,145,173,171,138,169,167,168,165,164,163,157,158,158,133,150,155,152,155,155,150,152,134,133,148,138,147,146,143,144,141,139,140,140,138,117,132,135,133,132,129,127,128,126,127,120,125,117,122,121,117,121,120,118,119,117,117,114,114,111,111,110,104,103,106,104,101,101,99,97,92,96,94,92,90,85,89,88,86,83,83,80,79,78,76,74,73,72,70,69,67,64,63,60,59,55,54,54,53,51,49,48,46,44,42,39,39,37,35,33,29,30,27,26,25,23,21,19,18,16,14,12,10,8,6,4,2,0,0,0,0,0,0,0,2,4,6,8,10,12,14,16,18,20,22,24,26,28,29,31,33,35,37,38,40,42,43,45,46,48,50,51,53,52,56,56,59,60,63,65,66,67,70,70,73,75,77,77,78,81,82,83,85,87,84,89,90,93,95,95,97,98,99,101,102,104,104,107,108,110,110,113,115,114,118,120,120,107,122,125,127,126,128,130,129,133,130,135,134,129,133,136,138,140,137,142,142,141,147,144,143,148,145,116,153,153,154,155,156,149,158,155,159,161,159,163,162,164,166,168,167,171,168,171,172,158,159,175,175,167,169,174,175,178,147,178,181,180,143,177,182,184,187,182,183,177,181,188,161,188,187,139,180,176,187,186,186,163,144,186,179,175,171,187,162,181,148,141,184,114,179,138,184,178,170,183,142,165,182,173,183,175,112,112,184,182,179,0,181,180,172,186,186,98,138,150,184,167,171,193,150,176,197,181,194,138,165,199,180,144,178,144,202,117,147,149,205,202,179,210,185,157,191,123,212,178,152,181,187,216,200,204,178,199,137,176,218,221,216,176,168,224,214,168,176,227,206,221,121,213,215,228,213,180,233,224,208,189,219,195,196,118,192,177,169,224,161,174,188,165,202,197,248,156,212,203,242,248,176,250,232,205,199,208,228,185,199,182,250,181,182,248,187,138,210,158,205,207,191,216,182,188,208,154,196,177,173,212,235,189,232,219,177,219,178,159,229,225,207,208,175,219,202,159,193,165,220,178,216,169,174,217,218,214,183,181,170,211,162,207,205,135,189,205,157,205,206,202,124,155,198,146,196,179,146,144,157,196,162,175,190,173,186,142,180,188,177,155,99,180,149,179,167,141,159,121,0,170,168,173,171,142,176,155,175,174,177,175,166,170,166
179,175,114,194,199,184,194,195,143,188,183,188,148,188,175,167,185,180,184,183,170,166,154,178,175,140,148,151,170,148,143,171,169,136,167,165,166,163,162,161,155,157,156,131,148,153,150,153,153,148,150,132,132,146,137,145,144,141,143,139,137,138,139,136,114,131,134,131,131,127,126,126,124,125,118,123,114,119,119,115,119,118,116,117,115,115,112,112,109,109,108,102,102,104,102,99,99,97,94,91,94,92,90,88,84,87,86,84,81,81,79,77,76,74,72,71,70,68,67,65,63,61,58,57,53,52,52,51,49,47,46,44,42,40,37,37,35,33,31,27,28,0,24,24,22,21,19,18,16,14,13,11,9,7,4,4,2,0,0,0,0,0,0,0,2,4,6,8,10,12,14,16,18,20,22,24,26,27,29,31,33,35,36,38,40,41,43,44,46,48,49,51,50,54,54,57,58,61,63,63,64,67,0,70,72,74,74,75,78,79,80,82,84,81,86,87,90,92,92,94,95,96,98,99,101,101,104,105,107,107,110,112,111,115,117,117,104,119,122,124,123,125,127,126,130,127,132,132,128,131,134,136,138,136,140,141,139,145,142,142,146,144,114,151,151,152,153,154,148,156,154,157,159,157,161,160,162,164,166,165,169,166,169,171,156,158,173,175,166,169,173,174,178,147,179,181,182,146,180,185,188,191,189,190,185,190,196,170,198,197,152,193,189,201,200,201,180,162,203,199,195,193,210,186,205,176,168,211,144,208,170,213,210,203,216,178,200,217,209,220,214,154,154,225,225,223,209,227,225,218,231,231,144,183,194,228,211,214,237,195,219,241,224,237,182,208,243,224,188,221,189,245,161,192,194,248,246,223,254,229,202,235,167,256,221,196,225,231,260,244,248,221,243,182,219,262,265,260,220,212,268,258,213,219,271,250,265,164,257,259,272,258,226,277,268,252,234,263,239,240,161,236,221,212,268,205,218,232,208,245,238,289,198,251,242,281,285,214,287,268,241,236,244,264,221,235,219,286,218,219,284,224,173,246,194,241,243,227,252,218,224,244,191,232,213,209,248,271,225,268,255,213,255,214,194,265,261,243,244,212,255,238,195,229,200,256,214,252,205,209,253,254,250,219,217,206,247,197,243,240,171,225,243,194,242,243,239,162,192,235,184,233,216,184,183,195,234,200,213,228,211,224,180,218,227,215,193,139,219,188,218,206,181,199,160,125,210,206,209,206,178,210,187,207,203,206,203,192,196,191
167,162,103,182,187,172,182,183,129,176,171,175,135,175,162,153,172,167,171,170,158,153,140,165,162,126,135,137,157,135,130,159,156,123,154,152,153,150,149,148,142,144,143,117,135,140,137,140,140,135,137,117,118,133,123,132,131,128,129,126,124,125,125,123,0,115,120,118,120,118,119,120,120,122,116,122,113,119,121,117,122,121,119,120,118,118,115,115,113,113,112,105,105,108,106,103,103,101,98,94,98,96,94,92,87,91,90,88,85,85,82,81,80,78,76,75,74,72,71,69,67,65,62,61,57,56,56,55,53,51,50,48,46,44,41,41,39,37,35,31,32,29,28,27,25,24,22,21,19,17,16,14,12,10,7,6,4,2,0,0,0,0,0,0,0,2,4,6,8,10,12,14,16,18,20,22,24,25,27,29,31,33,35,37,39,40,42,44,46,48,49,51,50,54,54,57,58,61,63,64,65,68,68,71,73,75,75,76,79,80,81,83,85,82,87,88,91,93,93,95,96,97,99,100,102,102,105,106,108,108,111,113,112,116,118,118,105,120,121,124,123,126,127,126,130,127,132,132,128,131,134,136,138,136,140,140,139,145,142,142,146,143,114,151,151,152,153,154,148,156,152,157,159,157,161,160,161,164,166,165,169,166,169,170,156,159,173,175,165,169,173,174,178,146,179,181,181,147,179,185,188,191,187,189,184,189,196,170,198,197,152,193,189,200,200,201,181,161,203,199,194,193,208,187,204,176,169,211,144,208,170,213,209,204,216,178,199,217,209,220,213,155,155,225,225,223,209,226,225,217,231,230,145,182,193,228,211,213,237,195,219,241,223,236,182,206,242,222,187,220,189,243,161,192,194,247,244,222,252,227,202,233,165,254,219,196,223,230,258,243,247,220,242,181,218,260,263,259,218,211,265,256,213,217,268,249,262,161,255,257,267,253,221,269,261,245,224,254,230,229,149,225,208,199,255,189,202,216,191,229,222,272,183,235,226,265,268,198,270,251,225,220,227,248,206,219,203,271,202,203,269,208,156,231,179,225,228,211,235,203,208,227,176,216,196,195,232,255,210,252,238,198,239,199,178,249,245,226,228,196,239,221,178,213,184,240,200,236,189,193,237,238,234,202,200,190,231,181,227,224,154,208,227,178,226,227,223,146,175,219,168,216,199,167,167,177,217,182,195,211,194,207,164,201,210,198,176,0,203,172,204,194,168,186,148,113,198,195,198,194,165,198,175,195,191,194,191,180,184,179
156,151,94,174,179,165,177,178,128,174,169,175,137,177,164,157,177,173,179,179,168,162,150,176,173,136,147,147,166,147,141,170,168,133,166,164,165,162,161,160,154,155,155,129,147,153,150,153,153,148,150,132,131,146,136,145,144,141,143,140,138,138,139,137,115,131,134,132,132,128,127,127,125,126,119,124,114,120,120,116,120,119,117,118,116,116,113,113,110,110,109,103,103,105,104,101,101,99,97,93,96,94,92,90,86,89,88,86,83,83,81,79,78,76,74,73,72,70,69,67,65,63,60,59,55,54,54,53,51,49,48,46,44,42,0,39,38,36,35,31,32,29,28,27,25,24,22,22,20,18,17,14,14,12,9,8,6,4,2,0,0,0,0,0,0,0,2,4,6,8,10,12,14,16,18,20,22,23,25,27,29,31,33,35,37,38,40,41,43,45,46,48,47,51,51,54,55,58,60,61,62,65,65,68,70,72,72,73,76,77,78,80,82,79,84,85,88,90,90,92,93,94,96,97,99,99,102,103,105,105,108,110,109,113,114,114,101,116,119,121,120,123,123,123,126,123,128,128,123,126,130,131,134,132,136,137,135,140,138,137,141,139,109,146,145,147,147,148,142,149,148,151,152,151,154,153,155,157,159,158,161,159,161,163,149,152,166,167,159,161,165,166,170,138,170,173,173,139,171,176,179,182,179,180,176,181,187,161,189,188,145,184,180,192,191,192,173,151,194,189,185,183,199,177,194,167,159,200,135,196,161,202,198,194,204,168,188,205,197,208,202,145,145,212,212,210,196,214,212,205,217,218,133,168,181,215,197,201,223,183,205,226,211,221,167,190,225,205,171,202,170,224,140,171,172,223,221,197,226,201,176,205,137,226,189,167,193,200,226,210,214,185,206,146,181,223,225,220,180,172,225,216,170,173,225,204,217,115,209,211,222,207,176,224,216,198,178,209,185,182,102,178,163,152,210,142,155,169,144,182,175,227,136,190,179,219,222,151,223,205,179,172,180,201,156,170,154,223,153,154,221,159,106,183,130,175,180,161,187,153,158,178,126,168,147,145,183,207,161,204,188,146,189,147,126,199,195,174,177,145,187,169,124,160,130,188,146,184,134,138,184,184,180,146,143,0,176,123,173,169,98,155,175,127,177,179,177,100,128,175,124,173,157,126,126,137,179,144,158,176,158,174,131,170,179,169,148,93,175,143,176,166,139,159,120,89,174,171,176,174,145,179,157,177,174,178,177,164,172,167
150,143,87,165,170,155,165,166,114,159,154,158,118,158,145,135,155,150,154,153,140,134,120,147,144,106,117,117,137,117,112,141,138,103,136,134,135,131,130,129,123,125,124,71,116,121,117,121,121,91,120,0,101,117,106,116,115,112,113,110,108,107,107,105,44,99,101,99,99,95,94,94,92,93,86,91,80,0,88,83,75,89,87,90,90,91,89,90,88,89,89,85,86,90,90,89,90,89,88,85,90,89,89,89,86,90,89,87,85,85,82,80,80,78,76,75,74,73,72,70,68,66,63,62,58,57,57,56,54,52,51,49,47,46,43,43,41,39,37,33,34,31,30,29,27,26,24,24,22,20,19,16,15,13,9,10,8,6,4,2,0,0,0,0,0,0,0,2,4,6,8,10,12,14,16,18,20,21,23,25,27,29,31,33,35,36,38,40,42,44,45,47,46,50,51,53,54,57,59,61,61,64,65,67,69,71,71,72,75,76,77,79,81,78,83,84,86,88,88,89,91,91,93,94,96,96,99,100,102,103,105,107,107,110,112,112,99,113,116,118,116,120,121,119,123,120,125,124,121,123,126,128,130,129,132,133,131,137,134,135,139,136,106,143,143,144,145,146,141,149,145,149,151,149,153,152,153,156,158,157,161,158,162,163,148,154,165,168,159,162,166,167,170,138,172,173,174,142,172,177,180,183,180,181,177,182,188,162,190,189,147,186,182,193,192,193,176,153,195,191,187,185,201,181,197,171,163,202,138,200,164,204,202,197,208,172,191,209,200,212,206,150,150,217,217,215,201,219,217,209,223,222,140,173,185,220,203,206,229,190,211,232,216,228,176,197,234,215,181,214,183,236,155,186,188,239,237,214,244,220,196,225,156,247,211,189,215,224,250,235,240,211,234,174,210,253,255,251,212,204,257,248,203,206,256,236,250,146,241,245,253,241,210,256,248,231,210,242,218,215,134,211,196,185,243,175,188,202,177,215,208,259,171,223,212,253,255,186,256,237,213,206,214,236,192,205,191,258,190,191,256,196,141,219,167,211,216,197,222,189,194,214,164,204,182,182,218,243,198,240,224,184,225,185,164,237,233,212,216,185,227,207,164,199,170,228,188,224,175,179,225,226,222,188,186,178,219,167,215,210,140,194,215,166,214,215,211,135,161,207,156,202,185,155,155,164,205,168,181,200,180,196,152,190,199,186,165,110,190,156,189,177,149,167,129,98,181,178,181,177,148,181,158,178,172,177,174,161,167,162
171,164,108,186,191,176,187,188,136,181,175,181,142,180,167,157,178,173,178,177,165,158,145,173,170,131,144,142,162,144,138,167,165,128,163,161,162,159,157,157,150,152,153,124,146,151,148,150,151,146,148,130,129,144,134,143,142,140,141,139,137,138,138,136,115,130,133,132,131,128,127,127,125,126,119,124,112,120,121,116,121,120,118,119,117,117,114,114,111,111,110,104,104,106,104,101,101,99,97,93,96,95,93,92,88,91,90,88,86,86,83,81,81,79,78,76,76,74,73,72,70,68,65,64,60,59,59,58,57,55,54,52,50,49,46,46,44,42,40,36,37,34,33,32,30,29,27,27,25,23,22,19,18,16,12,12,10,8,6,4,2,0,0,0,0,0,0,0,2,4,6,8,10,12,14,16,18,19,21,23,25,27,29,31,33,34,36,38,40,41,42,43,0,46,48,50,51,53,55,57,57,60,61,63,65,67,68,68,71,72,73,75,77,74,79,80,82,84,84,86,88,89,91,92,93,91,95,96,98,99,101,103,103,105,107,107,94,109,112,114,113,116,118,114,119,116,121,120,117,117,122,123,125,125,127,128,126,132,128,130,134,132,101,137,137,138,139,140,135,142,141,143,145,143,145,145,146,149,151,149,153,151,154,156,140,147,155,158,149,150,152,152,154,122,155,154,155,124,152,155,156,159,157,155,152,155,160,132,160,159,118,154,149,160,157,157,140,115,157,152,148,144,159,139,153,127,118,155,92,151,116,155,151,147,154,119,137,153,143,153,147,91,90,154,154,151,136,154,150,142,153,152,68,99,112,145,127,129,150,111,129,151,135,144,92,111,147,127,94,124,92,144,62,93,93,142,139,114,143,0,93,122,46,144,109,87,114,125,150,135,142,113,135,78,112,156,159,154,118,111,163,155,113,115,168,147,162,59,155,160,170,159,128,175,169,151,131,165,143,140,59,137,126,112,172,105,117,134,109,146,142,192,105,161,148,191,194,126,197,179,157,148,157,182,136,151,138,206,139,141,206,148,92,172,121,164,172,152,178,145,152,172,125,166,143,145,181,208,163,207,190,149,193,152,133,208,205,184,191,159,202,183,139,175,147,208,166,204,154,159,208,209,207,172,172,164,207,154,205,199,129,185,206,159,208,209,207,131,156,205,154,200,184,156,155,165,208,171,185,204,185,202,160,197,207,195,175,122,202,169,203,192,165,183,144,115,200,195,199,196,167,200,178,196,191,197,194,180,187,182
161,154,100,179,184,171,183,183,133,179,174,180,142,182,169,160,183,179,184,185,173,166,155,183,181,143,155,154,173,155,150,178,176,139,174,172,173,170,169,168,162,164,163,133,155,160,157,160,160,155,157,139,138,153,143,152,151,148,149,146,144,145,145,143,122,137,140,138,138,134,133,133,132,133,126,130,118,127,127,123,127,126,124,125,123,123,120,120,117,117,116,109,109,112,110,107,107,105,103,99,102,100,98,96,91,95,94,92,90,90,87,85,85,83,81,80,79,77,76,74,72,70,67,66,62,61,61,60,59,57,56,54,52,51,48,48,46,44,42,38,39,36,35,34,32,31,29,29,27,25,24,21,20,18,14,14,12,10,8,6,4,2,0,0,0,0,0,0,0,2,4,6,8,10,12,14,16,17,19,22,24,26,28,30,32,33,35,37,39,41,42,44,43,47,49,51,52,55,57,59,59,62,63,65,67,69,69,70,73,74,74,77,79,76,81,82,85,87,87,89,91,92,94,94,97,97,99,100,102,103,105,107,107,110,112,112,99,115,117,119,118,121,123,122,125,122,127,128,124,127,129,131,133,132,135,136,134,140,138,138,142,141,109,146,147,147,148,149,144,152,151,152,154,153,157,156,158,160,162,161,165,161,165,167,0,158,167,168,161,163,167,168,171,138,173,174,175,145,172,178,181,184,181,182,178,183,189,163,191,190,150,187,183,194,193,194,179,154,196,192,189,186,202,183,198,173,166,203,141,201,167,205,203,200,209,175,192,210,201,213,207,153,153,218,218,216,202,220,218,211,224,223,142,174,186,222,204,207,230,192,212,233,218,229,179,198,235,216,184,217,186,237,158,189,191,240,238,215,245,220,199,226,157,248,212,191,217,227,251,236,242,212,235,178,210,253,255,249,212,204,254,246,203,203,255,234,247,143,239,243,252,239,208,253,246,227,206,241,217,212,130,208,195,182,242,172,185,199,174,212,205,257,170,222,209,250,252,184,253,235,211,202,211,234,188,201,189,255,188,189,253,194,136,217,165,207,214,193,218,185,190,210,162,202,179,180,215,241,196,238,221,180,222,181,159,235,231,209,214,183,224,204,158,195,164,225,185,220,170,174,222,223,219,184,182,175,216,162,212,206,134,190,211,162,210,211,207,131,155,203,152,197,180,151,150,158,201,163,176,195,174,191,148,185,194,182,160,105,185,150,184,172,0,161,121,93,177,174,179,177,148,182,161,182,176,183,181,167,176,172
185,175,122,199,204,190,199,200,149,193,188,194,154,192,180,168,190,185,190,189,175,167,154,184,181,140,154,151,171,154,148,177,175,136,173,171,172,169,168,166,160,162,161,0,154,160,155,161,161,155,159,141,140,155,145,154,153,150,151,148,146,147,147,144,123,139,142,140,140,136,135,135,133,134,127,132,118,128,128,124,128,127,125,126,124,124,121,121,118,118,117,111,111,113,111,108,108,106,104,100,103,101,99,97,93,96,95,93,92,92,89,86,87,85,83,82,81,79,78,76,74,72,69,68,64,63,63,62,61,59,58,56,54,53,50,50,48,46,44,40,41,38,37,36,34,33,31,31,29,27,26,23,22,20,16,16,14,12,10,8,6,4,2,0,0,0,0,0,0,0,2,4,6,8,10,12,14,15,17,20,22,24,26,28,30,31,33,35,37,39,40,42,42,45,47,49,50,53,55,57,57,60,61,63,65,67,68,68,71,72,73,75,77,74,79,80,83,85,85,87,89,90,92,93,96,95,98,99,101,102,104,106,106,109,111,111,98,113,116,118,117,120,122,121,124,121,126,126,123,125,128,130,132,131,134,135,133,139,136,137,141,139,108,145,146,146,147,148,143,151,149,151,153,152,156,155,156,159,161,159,164,161,165,166,151,160,168,170,163,166,170,171,174,141,176,176,178,149,176,181,184,187,185,186,181,187,192,165,194,192,154,190,186,197,196,197,182,157,199,196,191,190,206,188,202,178,170,207,146,205,172,209,207,204,213,180,197,214,205,217,211,158,158,221,221,219,205,223,221,213,227,226,147,176,188,224,207,210,233,196,214,236,220,232,182,200,238,219,188,220,188,239,159,189,190,238,236,212,241,217,193,220,150,240,204,182,206,217,241,224,229,199,221,163,195,238,240,234,197,188,239,229,188,187,238,218,231,0,225,230,238,229,197,243,236,218,199,234,210,207,123,204,192,180,240,170,184,199,175,214,209,259,175,228,215,257,261,193,262,244,222,214,223,247,202,216,204,270,205,206,270,213,155,237,186,229,236,216,242,209,215,236,189,229,206,208,243,271,226,269,252,212,254,214,193,269,265,242,249,217,259,238,192,229,200,260,220,255,204,209,258,258,255,219,217,211,252,197,248,241,170,225,248,199,247,248,244,169,191,240,189,233,216,190,188,195,239,200,213,233,212,229,187,223,232,220,198,145,224,188,223,210,183,199,160,132,215,211,214,211,183,215,193,212,204,211,208,193,201,197
186,175,123,200,205,191,201,201,151,194,189,194,156,194,180,168,192,187,192,191,177,167,155,186,183,141,156,152,170,156,150,179,177,137,175,173,174,171,168,168,162,164,164,135,156,162,159,162,162,157,159,141,140,155,145,154,153,150,151,147,145,147,147,144,123,139,142,139,140,136,135,135,133,134,127,132,116,128,128,124,127,127,125,126,124,124,121,121,118,117,117,111,111,113,111,108,108,106,103,100,103,101,99,97,93,96,95,91,92,92,89,86,87,85,83,82,81,79,78,77,75,73,70,70,66,65,65,64,63,61,60,58,56,55,51,52,50,48,46,42,43,40,39,38,36,35,33,33,31,29,28,25,24,22,18,18,16,14,12,10,8,6,4,2,0,0,0,0,0,0,0,2,4,6,8,10,12,13,15,18,20,22,24,26,28,29,31,33,35,37,38,39,37,39,39,39,38,39,39,39,0,40,40,43,45,47,49,48,51,53,53,55,56,0,58,59,62,64,64,66,68,69,71,72,75,75,77,78,80,81,84,85,86,88,90,90,77,93,95,97,96,99,101,100,103,100,105,106,103,105,107,109,111,110,113,115,112,118,116,117,120,119,88,124,125,125,126,127,123,130,130,130,132,133,135,135,136,139,141,140,144,142,145,148,126,141,149,152,145,148,152,152,156,123,158,158,160,133,159,163,166,169,168,168,165,170,175,148,177,176,139,173,169,181,179,180,166,140,182,179,176,173,189,172,185,162,155,190,131,188,157,192,190,189,196,165,180,197,188,200,194,143,143,205,205,203,189,208,205,199,211,212,133,162,175,210,192,195,218,183,200,222,207,218,169,187,224,205,176,207,177,227,149,180,182,229,228,204,235,212,190,216,147,237,202,180,206,219,242,225,232,202,224,170,200,244,246,241,207,199,249,241,200,200,252,231,246,142,238,246,253,244,213,258,251,233,214,249,226,221,139,217,208,193,254,185,198,213,189,227,222,273,189,243,228,270,273,208,275,258,237,226,236,262,214,229,219,283,220,221,283,228,167,251,199,239,248,226,250,217,223,242,197,237,211,214,248,275,230,273,253,212,255,213,192,270,265,242,250,218,260,238,192,229,199,261,221,255,204,209,259,259,256,219,217,212,253,197,249,241,169,225,249,200,248,249,245,170,191,241,190,233,216,191,189,195,240,200,213,233,212,230,188,224,233,220,199,146,225,189,224,210,184,199,160,133,216,212,215,212,184,216,194,213,204,212,209,192,201,198
157,146,96,174,179,166,177,178,129,174,170,175,138,177,164,153,178,174,180,181,168,159,147,179,177,135,152,147,168,154,149,179,177,137,175,173,175,171,170,169,162,165,164,136,156,163,160,163,163,158,160,142,141,156,146,155,154,151,153,150,148,149,149,146,126,141,144,142,142,138,138,137,137,138,131,135,119,132,132,128,130,131,129,130,128,128,125,125,122,120,121,114,114,117,115,112,112,110,107,104,107,105,103,101,97,100,99,95,96,96,93,90,91,89,87,86,85,83,82,80,78,76,73,72,68,67,67,66,65,63,62,60,58,57,53,54,52,50,48,44,45,42,41,40,38,37,35,35,33,31,30,27,26,24,20,20,18,16,14,12,10,8,6,4,2,0,0,0,0,0,0,0,2,4,6,8,10,11,13,16,18,20,22,24,26,28,30,32,34,36,37,39,39,42,44,46,47,50,52,54,54,57,58,60,62,64,65,65,68,69,70,72,74,71,76,77,80,82,82,84,86,87,89,90,93,93,95,96,98,99,101,103,103,106,108,108,95,111,113,115,114,117,119,118,121,118,123,124,120,123,125,127,129,128,131,132,130,136,134,133,138,137,103,142,143,143,144,145,140,147,147,148,150,149,153,152,154,156,158,157,161,158,162,165,150,158,166,167,159,162,166,167,170,136,172,173,174,148,171,177,179,182,180,180,176,181,187,161,189,188,152,185,181,192,191,192,179,150,194,190,186,184,199,182,195,172,166,200,142,197,167,202,199,199,205,174,189,206,197,209,203,153,153,213,213,211,197,215,213,206,218,216,139,165,177,212,194,196,218,182,198,219,204,213,165,181,217,198,168,199,168,216,138,169,169,216,213,189,219,195,173,198,127,218,182,159,185,197,218,202,208,177,199,144,173,216,218,212,177,168,217,209,167,166,217,196,209,103,201,207,213,203,171,215,207,188,167,204,179,172,0,169,158,144,207,135,149,165,140,179,174,226,142,195,181,223,226,161,228,211,190,179,189,215,167,182,172,237,173,175,237,181,120,205,154,194,203,180,205,172,177,197,151,191,165,169,202,230,185,227,208,167,209,168,146,224,219,196,203,172,213,191,144,182,151,214,174,207,157,161,212,212,208,171,169,164,205,148,201,193,120,177,200,151,199,200,196,120,140,191,140,183,166,139,138,144,189,147,162,182,159,178,134,172,181,168,145,91,172,0,173,161,135,152,112,88,172,169,174,172,144,177,156,177,169,178,176,160,170,167
162,150,101,178,183,170,181,182,133,177,173,178,142,179,167,155,179,175,181,181,168,158,145,178,175,131,148,142,162,148,141,172,169,128,168,164,167,164,162,160,154,157,157,129,148,156,154,155,156,152,153,136,135,150,140,149,148,146,147,145,143,143,143,140,121,136,139,137,137,134,133,133,132,133,126,130,112,127,127,123,123,126,124,125,123,123,120,120,117,113,115,109,108,112,111,108,108,106,103,100,103,102,100,99,95,98,97,94,94,94,92,89,90,88,86,85,84,82,81,78,78,74,74,74,69,69,69,67,67,65,64,62,60,59,55,56,54,52,50,46,47,44,43,42,40,39,37,37,35,33,32,29,28,26,22,22,20,18,16,14,12,10,8,6,4,2,0,0,0,0,0,0,0,2,4,6,8,9,11,14,16,18,20,22,24,26,28,30,32,34,35,37,38,40,42,44,45,48,49,51,51,54,55,57,58,60,62,61,64,65,66,68,70,67,71,72,75,77,77,79,81,81,83,84,86,85,87,88,90,90,93,94,94,96,98,97,84,100,101,103,102,105,107,105,108,105,110,111,108,109,112,113,115,115,117,118,116,121,119,120,123,122,89,126,127,127,128,129,125,132,132,132,134,134,136,136,137,140,142,140,144,142,145,147,135,142,148,151,143,146,148,149,152,118,154,155,156,131,155,159,161,164,163,162,159,162,167,140,167,166,131,161,157,168,166,165,152,122,165,161,156,153,168,151,161,139,133,165,107,161,130,165,161,159,165,133,148,164,154,163,158,108,107,164,164,160,147,165,160,153,164,164,87,111,123,158,140,143,163,129,144,164,149,160,111,126,164,144,114,145,113,162,84,114,114,161,159,133,163,141,117,141,71,162,124,103,127,140,161,145,149,119,140,85,114,158,159,153,117,109,157,148,108,104,155,134,147,40,138,145,149,140,108,151,142,124,102,140,115,108,20,103,92,75,137,0,75,92,0,107,102,153,71,125,110,152,156,92,159,142,123,112,122,148,101,116,107,171,109,111,173,119,53,143,92,133,143,121,147,115,122,142,98,139,112,118,152,182,138,182,162,122,166,127,105,184,180,157,167,136,179,157,110,150,119,185,144,179,130,134,187,188,186,148,148,144,186,130,184,175,104,161,186,139,187,188,186,112,131,184,133,176,160,136,135,141,187,147,161,183,161,181,140,176,187,175,155,103,182,145,182,169,146,160,121,98,180,176,181,178,152,184,163,182,174,183,181,164,174,172
187,173,125,201,206,192,202,203,153,196,190,195,159,195,182,168,193,189,194,193,180,168,155,189,186,141,161,152,172,161,153,183,181,138,180,177,179,176,175,172,166,169,169,141,160,168,165,167,167,163,165,147,146,162,151,161,160,157,158,154,153,153,153,150,131,146,149,147,146,143,142,142,141,142,135,139,120,136,136,131,130,134,133,134,132,132,129,129,126,120,124,117,117,121,119,116,115,114,110,107,111,109,107,105,100,104,103,99,100,100,96,94,94,93,91,90,89,87,86,84,81,79,77,76,72,71,71,70,69,67,66,64,62,61,57,58,56,54,52,48,49,46,45,44,42,41,39,39,37,35,34,31,30,28,24,24,22,20,18,16,14,12,10,8,6,4,2,0,0,0,0,0,0,0,2,4,6,7,9,12,14,16,18,20,22,24,26,28,30,32,33,35,36,38,40,42,43,46,48,50,51,53,54,56,58,60,62,61,64,65,66,68,70,68,72,73,76,78,78,80,82,83,85,86,89,89,91,92,94,95,97,99,100,102,104,104,91,107,109,111,110,113,115,114,117,114,119,120,117,119,121,123,125,124,127,129,126,132,130,131,134,133,100,138,139,139,140,141,137,144,144,144,146,147,149,148,150,152,154,153,156,154,157,160,148,154,161,164,157,159,163,163,166,132,168,169,170,147,170,173,176,180,178,178,175,180,185,158,187,186,152,182,177,188,186,185,174,141,185,181,177,173,188,172,182,160,155,185,128,182,151,185,181,181,186,155,168,185,174,186,179,130,129,187,186,183,168,186,182,176,187,186,108,0,145,182,164,168,190,157,172,194,180,190,143,158,196,177,151,181,152,200,123,155,157,203,201,177,208,187,165,189,119,211,175,153,180,194,215,199,206,176,198,145,174,218,220,215,182,173,220,212,172,169,220,199,213,110,204,212,217,208,177,218,211,191,171,209,185,177,96,172,163,146,209,135,148,163,137,175,169,220,137,190,172,214,215,151,217,198,178,164,172,199,148,162,153,216,152,153,214,158,0,182,129,168,180,155,182,149,155,176,133,174,146,152,185,216,171,215,195,154,197,157,136,217,211,189,199,169,211,188,142,181,151,217,177,210,160,165,218,220,218,178,178,175,217,160,215,205,133,191,217,168,218,219,217,142,161,215,164,206,190,167,165,171,218,177,191,214,191,212,171,207,218,205,185,134,212,175,213,198,174,189,149,128,210,206,211,208,181,214,193,212,202,212,209,190,200,198
193,178,132,207,212,198,208,208,160,201,196,200,164,201,187,172,199,194,199,198,184,171,158,194,191,144,164,155,174,164,157,187,185,140,183,180,182,179,176,175,169,172,171,142,162,169,166,169,169,164,166,148,147,162,152,161,160,157,158,154,152,154,154,150,131,146,149,146,147,143,142,142,141,142,134,139,119,135,136,131,0,135,133,134,132,132,129,129,126,119,124,118,117,121,119,116,115,114,110,108,111,109,107,105,101,104,103,98,100,100,97,94,95,93,91,90,89,87,86,84,82,79,77,77,74,73,73,72,71,68,68,66,64,63,59,60,58,56,54,50,51,48,47,46,43,43,41,41,39,37,36,33,32,30,26,26,24,22,20,18,16,14,12,10,8,6,4,2,0,0,0,0,0,0,0,2,4,5,6,9,11,13,15,17,19,21,23,25,27,29,30,32,33,35,37,39,40,43,45,47,48,50,51,53,54,56,57,0,59,61,62,64,66,64,68,69,72,74,74,76,78,79,81,82,85,85,87,88,90,91,93,95,96,98,100,100,87,103,105,107,106,109,111,110,113,110,115,116,114,115,117,119,121,120,123,125,122,128,126,127,130,130,96,134,135,135,136,137,134,140,140,140,142,143,145,144,146,148,150,149,153,152,154,157,147,151,158,161,155,158,162,162,165,131,168,167,169,147,168,172,176,178,177,178,174,179,184,157,186,185,153,183,179,190,189,190,179,148,192,189,186,183,199,184,195,175,169,200,145,198,170,202,200,201,206,177,190,207,198,210,204,157,157,215,215,213,199,218,215,209,221,221,147,173,185,220,202,205,228,195,210,232,217,228,182,196,234,215,188,220,190,237,162,192,194,239,238,214,245,225,203,226,156,247,212,190,216,231,251,235,242,212,234,182,210,254,256,251,219,211,259,251,213,210,262,241,256,155,248,259,263,256,226,268,261,242,223,262,238,231,152,227,220,203,267,196,207,223,200,237,232,283,201,255,238,280,283,220,285,268,249,236,246,274,224,239,230,292,230,230,290,236,173,258,207,244,255,231,255,222,228,247,204,244,215,221,253,282,237,280,258,217,260,218,197,277,270,247,257,226,267,243,196,234,204,268,229,260,209,214,266,266,263,224,222,220,260,201,256,246,173,230,256,207,255,256,252,178,196,248,197,239,221,198,196,200,247,204,218,241,216,237,195,231,240,228,206,155,232,195,231,215,191,204,163,142,223,219,222,219,192,223,201,220,209,219,216,197,206,205
168,150,110,185,190,177,188,189,142,184,180,184,149,187,175,159,188,184,190,191,177,165,152,189,187,140,160,151,170,160,153,184,181,136,180,176,179,176,174,172,166,169,168,141,159,167,164,167,167,162,164,147,146,160,151,159,158,155,157,152,152,152,153,150,131,146,149,146,146,142,142,141,141,142,135,139,118,136,136,131,128,134,133,134,132,132,129,129,126,118,0,118,118,121,121,118,117,116,112,109,112,111,109,107,102,106,105,100,102,102,98,96,96,95,92,92,91,89,88,86,83,81,79,79,75,74,74,73,72,70,70,68,66,65,61,62,60,58,56,52,53,50,49,48,45,45,43,43,41,39,38,35,34,32,28,28,26,24,22,20,18,16,14,12,10,8,6,4,2,0,0,0,0,0,0,0,2,2,5,7,9,11,13,15,17,19,21,23,25,27,29,31,32,34,36,38,39,42,44,46,47,49,50,52,54,56,57,57,60,62,63,65,67,65,69,70,73,75,75,77,79,80,82,83,86,86,88,89,91,92,94,96,97,99,101,101,88,104,106,108,107,110,111,111,114,111,116,117,114,116,118,120,122,121,124,126,123,129,127,127,131,131,96,135,136,136,137,138,135,140,140,141,143,143,146,145,147,149,151,150,154,153,155,157,149,152,158,160,154,157,159,159,163,128,166,165,167,145,166,170,174,176,175,176,173,177,182,155,184,183,151,180,177,188,187,188,178,144,190,186,181,180,195,181,190,171,165,196,141,194,166,198,196,197,202,174,185,203,194,204,200,154,153,209,209,207,194,212,209,202,214,215,142,167,179,212,195,199,220,188,202,223,208,220,174,187,226,207,181,212,183,228,155,185,186,230,228,202,233,213,191,211,141,232,195,174,198,213,233,216,221,191,212,161,187,230,232,227,193,185,231,222,185,179,231,211,224,124,216,225,228,221,190,231,222,204,183,222,198,189,111,185,176,158,223,151,160,175,152,189,182,233,151,203,186,226,229,165,229,211,192,178,187,214,163,177,168,229,167,168,227,173,112,196,145,182,193,168,194,160,165,185,141,181,151,158,188,219,174,216,194,152,194,154,131,212,204,180,190,160,200,175,128,166,135,201,161,191,140,143,197,197,193,152,150,148,189,129,186,174,0,161,187,140,189,191,189,115,132,187,136,178,162,139,139,142,191,149,163,188,163,185,144,181,191,180,159,108,186,150,187,172,151,163,122,105,185,182,187,185,158,190,169,189,178,189,188,168,179,179
194,177,134,208,213,199,209,209,161,202,197,199,165,202,188,171,200,195,200,199,186,171,158,196,193,144,166,155,174,166,159,189,187,140,185,182,184,181,179,177,171,173,173,144,164,171,168,171,171,166,168,150,149,164,154,163,162,159,160,154,154,156,155,152,133,148,151,147,148,145,144,144,143,144,137,141,119,138,138,133,130,137,135,136,134,134,131,131,128,119,126,120,119,123,121,118,0,116,112,109,114,112,110,108,103,107,106,102,103,103,99,97,97,96,94,93,92,90,89,87,84,82,80,80,76,76,76,75,74,71,71,69,67,66,63,64,62,60,58,54,55,52,51,50,46,47,45,45,43,41,40,37,36,34,30,30,28,26,24,22,20,18,16,14,12,10,8,6,4,2,0,0,0,0,0,0,0,2,4,6,8,10,12,14,16,18,20,22,24,26,28,30,31,33,35,37,38,41,43,45,46,48,49,51,53,55,57,57,59,61,62,64,66,64,68,69,72,74,74,76,78,79,81,82,85,85,87,88,90,91,93,95,96,98,100,100,87,103,105,107,106,109,111,110,113,110,115,116,114,115,117,119,121,120,123,125,122,128,126,127,130,130,95,134,135,135,136,137,134,140,140,140,142,143,145,144,146,148,149,149,153,152,154,157,149,151,158,161,155,158,162,162,165,130,168,167,169,149,168,172,176,178,177,178,175,179,184,157,186,185,154,183,179,190,189,190,181,147,192,189,186,183,199,186,195,177,170,200,146,198,171,202,200,201,206,179,190,207,198,210,204,159,159,215,215,213,199,217,214,207,218,218,144,169,0,212,194,196,220,189,202,224,209,220,175,187,226,207,182,213,184,229,156,186,188,231,230,206,237,219,197,218,147,239,204,182,208,225,244,227,234,204,226,176,202,246,248,243,213,205,251,243,206,202,254,233,248,150,240,253,255,250,220,260,253,234,215,255,232,223,147,219,214,195,260,190,199,215,194,229,224,275,195,249,230,272,275,214,277,260,243,228,238,268,216,231,225,285,226,227,285,234,173,257,208,243,256,230,254,221,227,246,205,245,214,222,252,283,238,281,257,216,259,217,196,278,269,246,258,227,268,242,195,233,203,269,230,259,208,213,267,267,264,223,221,221,261,200,257,245,172,229,257,207,256,257,253,179,194,249,198,237,220,199,196,199,248,204,217,241,216,238,196,232,241,228,207,156,233,196,232,214,192,203,162,144,224,220,223,220,193,224,202,221,208,220,217,196,205,206
186,170,127,200,205,192,201,202,154,195,189,192,158,194,181,164,192,188,193,192,179,164,151,189,186,136,160,148,168,160,152,183,181,133,179,176,178,175,173,171,164,169,168,140,160,167,164,166,166,162,164,147,146,160,151,159,158,156,157,152,152,154,154,151,133,147,150,146,147,144,144,143,143,144,137,141,118,138,138,133,129,136,135,136,134,134,131,131,128,117,125,119,118,122,121,118,116,116,112,109,112,111,109,108,103,107,106,101,103,103,99,97,97,96,93,93,92,90,89,87,84,82,80,80,76,75,75,74,73,71,71,69,67,66,62,63,61,59,57,53,54,51,50,49,0,46,45,45,44,42,41,38,37,35,31,31,29,27,25,24,22,20,18,16,14,12,10,8,6,4,2,0,0,0,0,0,0,0,2,4,6,8,10,12,14,16,18,20,22,24,26,28,29,31,33,35,36,39,41,43,44,46,47,49,51,53,55,55,57,59,60,62,64,62,66,67,70,72,72,74,76,77,79,80,83,83,85,86,88,89,91,93,94,96,98,98,85,101,103,105,105,107,109,107,110,107,112,113,111,111,114,115,117,118,119,121,119,124,122,123,126,126,91,131,131,132,132,134,131,137,137,137,139,138,142,141,143,145,147,145,148,148,150,153,147,148,154,157,152,155,157,158,160,126,163,162,164,145,164,167,170,173,171,170,167,170,174,146,174,173,143,170,166,175,173,172,164,129,172,169,165,161,175,162,169,151,144,171,118,168,141,171,168,168,172,144,155,170,160,170,165,119,118,171,171,168,153,173,168,161,171,170,97,123,133,165,146,149,169,139,149,171,156,165,120,130,169,149,123,154,123,167,93,123,123,166,163,137,167,148,125,144,0,165,127,104,132,150,169,153,160,129,152,102,128,173,176,171,141,134,180,172,137,131,185,164,179,81,172,184,187,181,152,192,186,167,146,188,166,156,82,153,148,128,196,125,132,149,128,163,158,209,129,183,164,207,210,148,212,195,179,164,173,204,152,167,161,222,162,164,222,171,111,194,144,180,194,168,193,161,167,187,147,187,156,166,196,229,184,228,205,163,208,167,146,229,222,199,212,182,223,198,151,190,160,229,189,219,168,173,229,230,228,186,186,187,227,168,225,213,141,199,227,180,228,229,227,154,168,225,174,214,198,177,176,178,228,184,199,224,198,222,181,217,228,215,195,146,222,186,221,204,183,193,151,135,214,210,213,210,184,214,193,212,199,211,209,187,197,198
105,0,45,121,127,115,126,126,80,122,119,121,89,127,116,98,129,126,131,132,119,105,92,132,131,80,106,94,115,109,102,134,133,85,133,131,134,132,131,130,125,130,130,104,124,132,131,134,136,131,134,118,117,133,124,134,133,131,134,128,129,132,133,132,114,129,133,128,132,129,131,130,132,134,127,132,110,130,131,126,121,129,128,129,127,128,125,124,121,112,119,113,114,118,116,114,113,112,108,105,109,107,106,104,100,104,103,100,100,100,97,95,96,95,0,92,92,90,90,88,85,84,82,82,78,78,78,77,76,73,73,72,70,69,66,67,65,63,61,57,58,55,54,53,49,50,48,48,46,44,43,40,39,37,33,33,31,29,27,26,24,22,20,18,16,14,12,10,8,6,4,2,0,0,0,0,0,0,0,2,4,6,8,10,12,14,16,18,20,22,24,26,27,29,31,33,34,37,39,41,42,44,45,47,48,50,52,53,54,56,57,59,61,59,63,64,67,69,69,71,73,74,76,77,79,80,81,82,84,85,88,89,90,92,94,94,81,96,98,100,99,102,103,102,105,102,107,107,105,107,108,110,112,112,114,115,114,119,118,117,121,120,85,125,126,126,127,128,125,130,129,131,132,133,135,134,136,138,140,139,143,142,144,146,142,142,147,149,143,145,149,149,152,117,154,154,155,137,154,158,162,164,162,163,160,164,169,142,171,170,141,168,164,175,174,175,168,131,177,173,169,167,182,170,178,162,155,183,131,181,156,185,184,185,190,164,172,190,181,192,187,144,143,197,197,195,181,200,197,190,202,203,132,158,169,200,182,186,208,179,190,211,196,207,164,174,213,195,171,202,173,215,145,175,176,217,216,190,220,204,181,199,128,219,183,162,186,203,220,203,209,179,200,151,175,217,219,214,183,175,218,210,175,167,219,198,211,115,203,216,216,211,181,218,210,191,171,210,188,176,103,172,166,146,212,142,148,163,143,176,169,221,142,193,173,214,217,156,217,199,182,166,175,205,151,165,159,218,158,159,216,164,105,187,136,170,184,156,181,147,153,173,132,172,139,149,177,210,165,207,183,140,183,142,119,203,193,170,182,153,192,165,117,156,124,193,154,181,130,134,190,191,187,144,142,145,184,122,180,166,92,151,179,130,177,178,174,101,113,170,119,157,140,119,117,116,167,120,135,160,133,155,113,149,158,143,123,72,148,112,147,128,108,117,74,59,139,134,137,133,106,137,115,133,119,132,129,106,115,115
196,180,137,210,215,201,210,211,163,204,199,199,167,204,190,171,202,197,202,201,188,171,158,198,195,143,168,155,174,168,161,191,189,139,187,184,186,183,180,179,173,176,176,148,167,174,171,173,174,169,171,154,153,167,158,166,165,162,163,155,155,159,159,156,137,152,155,148,152,148,148,147,147,148,141,145,119,142,141,136,132,140,139,140,138,138,135,135,132,119,129,123,122,126,125,122,120,120,116,113,116,115,113,111,105,110,109,104,106,106,102,100,100,99,96,96,95,93,92,90,87,85,83,83,0,78,78,77,77,75,75,73,71,70,66,67,65,63,62,58,59,56,55,54,50,51,49,49,47,45,44,42,41,39,35,35,33,31,29,28,26,24,22,20,18,16,14,12,10,8,6,4,2,0,0,0,0,0,0,0,2,4,6,8,10,12,14,16,18,20,22,24,25,27,29,31,32,35,37,39,40,42,43,45,47,49,51,52,53,55,56,58,60,58,62,63,66,68,68,70,72,73,75,76,79,80,81,82,84,85,88,89,90,92,94,94,81,97,99,101,101,103,105,104,107,104,109,110,108,110,111,113,115,115,117,119,117,122,121,122,124,124,89,129,130,130,130,132,129,133,131,131,132,131,133,0,132,134,135,135,139,138,140,143,139,138,144,147,142,145,148,148,151,116,154,153,155,138,155,158,162,164,163,164,161,166,170,143,172,171,143,169,166,177,175,176,170,133,178,176,173,170,185,174,181,166,159,186,135,185,160,188,187,188,193,168,177,193,184,196,191,148,148,201,201,199,185,205,201,196,207,208,138,165,176,207,189,193,214,187,196,218,204,215,172,181,221,202,179,210,181,224,154,183,185,226,225,200,232,216,194,212,142,234,198,177,202,222,239,222,229,198,220,174,196,241,243,238,210,202,246,238,203,196,249,228,243,148,235,250,250,247,217,255,248,229,209,250,229,218,146,214,211,189,256,189,193,209,192,224,219,270,192,246,225,267,270,211,272,255,240,223,233,265,211,226,222,281,223,224,281,231,172,255,204,238,254,226,251,219,225,245,207,247,213,224,252,285,240,283,257,215,259,217,194,280,269,246,260,230,270,242,194,233,202,271,232,259,207,212,269,269,266,222,220,224,263,200,259,245,173,229,259,209,258,259,255,182,193,251,200,237,220,201,198,198,250,203,217,243,215,240,198,234,243,228,209,159,235,199,234,214,195,203,161,147,226,222,225,222,196,226,204,223,208,222,219,196,205,208
173,158,117,190,195,182,193,194,148,189,184,186,154,192,179,160,193,189,195,196,182,167,153,194,192,139,165,151,171,165,158,189,186,136,185,181,184,181,178,177,171,174,173,147,164,172,169,172,172,167,169,153,152,165,157,164,163,160,162,154,154,157,158,155,137,152,156,147,153,148,149,147,148,149,142,146,119,143,142,137,133,141,140,141,139,139,136,136,133,119,130,123,123,127,127,124,122,122,118,115,118,117,115,113,107,112,111,106,108,108,104,102,102,101,98,98,97,95,94,93,90,88,86,86,81,81,81,80,79,77,77,75,73,72,68,69,67,65,63,59,60,57,56,55,51,52,50,50,48,46,45,43,42,40,36,36,34,32,30,29,27,25,23,21,19,17,15,13,11,9,7,5,2,2,0,0,0,0,0,0,0,2,4,6,8,10,12,14,16,18,20,22,23,25,27,29,30,33,35,37,38,40,41,43,45,47,49,50,51,53,54,56,58,56,60,61,64,66,66,68,70,71,73,74,77,78,80,81,83,84,87,88,89,91,93,93,80,96,98,100,100,102,104,103,106,103,108,109,106,109,110,112,114,114,116,118,116,121,120,120,123,123,88,128,129,129,130,131,128,134,134,134,136,137,139,139,140,143,145,144,148,146,149,151,149,147,152,155,148,151,155,153,158,123,161,160,162,146,161,165,168,171,170,171,168,172,176,150,178,177,151,176,172,182,181,182,178,139,184,181,178,175,190,180,185,171,166,191,141,189,166,193,192,193,198,174,180,198,189,200,195,154,153,204,204,202,189,208,204,198,209,210,142,168,179,209,190,194,215,188,198,218,205,215,173,182,221,203,181,210,182,221,152,182,182,221,220,193,224,209,187,202,132,223,186,165,190,209,224,207,214,182,203,157,178,221,223,218,189,181,223,215,181,170,223,202,215,121,207,221,220,217,186,222,216,195,0,216,194,180,110,178,174,152,221,152,155,173,154,187,181,232,155,207,185,227,229,169,229,211,196,177,186,218,162,176,172,230,171,172,227,177,117,199,147,180,196,166,191,158,163,183,144,184,149,161,188,222,177,219,193,150,194,152,128,215,204,180,194,164,204,175,125,166,134,205,165,192,139,143,202,202,198,152,150,153,194,129,191,175,0,162,192,145,194,196,194,121,132,192,141,179,163,144,144,142,196,148,164,193,164,190,149,186,196,182,164,114,191,156,192,174,156,164,122,111,190,187,192,190,164,195,174,194,179,194,193,169,181,184
189,173,131,202,208,194,203,205,157,197,192,191,161,196,184,162,195,190,196,195,181,163,149,192,189,134,163,146,167,163,154,186,184,131,182,179,181,178,174,174,166,170,170,143,162,170,167,169,169,165,167,150,149,163,154,162,161,159,160,151,151,157,156,154,136,150,153,145,150,147,147,146,146,147,139,144,116,140,139,135,0,140,140,140,139,139,136,136,133,118,130,124,123,127,126,123,121,121,117,113,117,117,115,114,108,113,112,107,109,109,105,103,103,102,99,99,98,96,95,94,91,89,87,87,82,82,82,81,81,78,79,77,75,74,70,71,69,67,65,61,62,59,58,57,53,54,52,52,50,48,47,45,44,42,38,38,36,34,32,31,29,27,25,23,21,19,17,15,13,11,9,6,5,4,2,0,0,0,0,0,0,0,2,4,6,8,10,12,14,16,18,20,22,24,26,28,29,32,34,36,37,39,40,42,44,46,48,49,50,52,53,55,57,55,59,60,63,65,65,67,69,70,72,73,76,77,79,80,82,83,86,87,88,90,92,92,79,95,97,99,99,101,103,101,104,101,106,107,105,106,108,109,111,112,113,115,113,118,117,118,120,120,85,125,125,126,126,128,126,131,131,131,133,133,136,136,137,139,141,140,143,143,145,148,146,143,149,152,147,150,152,153,155,120,158,157,159,144,159,162,165,168,166,166,163,166,170,142,170,169,142,166,162,171,169,168,164,124,168,165,161,157,171,159,165,151,143,167,117,164,140,166,163,164,167,143,150,165,155,165,160,118,117,166,166,163,148,168,163,156,166,165,96,122,132,160,141,144,164,138,144,166,151,160,116,125,164,144,122,150,122,162,93,122,122,161,159,132,162,147,124,139,0,160,122,99,127,148,164,148,155,124,147,101,123,168,171,166,139,132,175,167,135,126,180,159,174,81,167,183,182,181,151,187,181,162,141,183,164,151,82,148,146,123,191,125,127,144,127,158,153,204,128,181,159,202,206,148,208,190,177,159,168,202,147,162,159,217,160,162,217,169,111,192,143,175,192,163,188,156,162,182,145,185,150,164,191,227,182,226,200,158,203,162,140,227,217,194,210,181,221,193,146,185,155,227,187,214,163,168,227,228,226,181,181,186,225,163,223,208,140,194,225,178,226,227,225,153,163,223,173,209,193,176,174,173,226,179,194,222,194,220,180,215,226,210,194,145,220,186,221,201,185,192,149,138,216,211,215,212,187,216,196,213,198,213,210,186,196,199
199,183,142,213,218,204,214,214,167,207,202,200,170,207,193,171,205,200,205,204,190,172,158,201,198,142,171,155,174,171,164,194,192,139,190,186,189,186,181,182,176,179,179,152,170,177,174,176,177,173,174,158,157,171,162,170,169,165,167,156,156,162,162,159,141,156,159,149,156,151,152,151,151,152,145,149,120,146,145,140,136,144,143,144,142,142,139,139,136,120,133,126,125,130,129,126,124,124,119,116,120,119,117,115,109,114,113,108,110,110,106,104,104,103,100,100,99,97,96,95,92,90,88,88,83,83,83,82,82,79,80,78,76,75,71,72,70,68,66,62,63,60,59,58,54,55,53,53,51,49,48,46,45,43,39,40,38,36,34,33,31,29,27,25,23,22,20,18,16,14,12,9,7,6,4,2,0,0,0,0,0,0,0,2,4,6,8,10,12,14,16,18,20,22,24,26,27,30,32,34,35,37,38,40,42,44,46,47,48,50,51,53,55,53,57,58,61,63,63,65,67,68,70,71,74,76,77,78,80,81,84,85,86,88,90,90,77,93,95,97,97,99,101,100,103,100,105,106,104,107,107,109,111,111,113,115,113,118,117,118,120,120,85,125,126,126,127,128,126,131,131,131,133,135,136,137,137,140,142,142,145,144,147,150,148,145,151,154,148,151,154,153,157,0,159,159,161,147,160,164,167,170,169,170,167,171,175,149,177,176,152,175,171,182,180,181,178,138,183,181,178,174,191,179,185,173,167,191,143,189,168,193,192,193,198,176,182,198,189,201,196,156,156,206,206,203,190,210,205,200,211,212,146,172,183,211,192,197,217,192,200,220,207,217,175,184,223,205,184,213,187,226,160,188,190,228,227,202,233,220,199,213,146,237,199,178,205,226,240,224,231,199,222,178,198,243,245,241,214,206,247,239,205,195,246,225,240,147,231,247,243,242,212,246,239,219,197,239,220,204,136,200,198,174,241,174,176,191,175,203,197,248,172,225,200,243,244,187,245,227,214,194,203,237,179,192,191,247,190,191,245,196,137,219,167,199,216,184,210,177,182,201,164,204,168,180,207,242,197,240,211,170,213,172,147,236,223,198,215,185,225,193,0,187,117,229,190,216,164,169,230,232,229,184,183,189,229,164,227,211,142,196,229,180,230,231,229,156,165,227,176,213,195,179,178,175,231,182,196,227,197,225,184,221,231,214,199,149,226,191,227,206,190,196,154,145,224,220,225,222,197,227,206,225,207,224,222,195,206,211
190,174,134,205,211,198,207,209,161,201,195,193,165,200,187,164,199,194,200,199,184,165,151,196,192,135,166,148,169,166,158,190,187,133,186,181,185,182,176,178,170,175,175,148,165,174,171,173,173,170,171,155,154,168,159,167,165,163,164,153,153,160,160,158,140,155,158,146,155,151,152,151,151,152,145,149,118,146,145,140,136,143,143,144,142,142,139,139,136,119,133,127,125,131,130,127,125,125,118,117,121,121,119,117,111,116,115,109,112,112,108,106,106,105,102,102,101,99,98,97,94,91,90,90,85,85,85,84,84,81,82,80,78,77,73,74,72,70,68,64,65,62,61,60,56,57,55,55,53,51,50,48,47,45,41,42,40,38,36,35,33,31,29,27,25,24,22,20,18,16,14,11,9,8,6,4,2,0,0,0,0,0,0,0,2,4,6,8,10,12,14,16,18,20,22,24,25,28,30,32,33,35,36,38,40,42,44,45,46,48,49,51,53,51,55,56,59,61,62,64,66,67,69,70,73,75,76,77,79,80,83,84,85,86,88,87,0,90,92,94,94,96,98,97,100,97,102,103,102,104,104,106,109,110,111,113,111,116,115,117,118,118,82,123,124,123,124,126,125,129,129,129,131,132,134,135,135,137,139,139,141,140,143,146,144,141,147,150,145,147,149,150,153,118,156,155,157,144,157,160,162,166,165,165,163,167,170,145,173,172,149,171,168,178,176,177,175,134,179,177,174,171,186,176,181,169,163,184,138,182,160,184,182,182,186,164,168,184,174,185,180,141,140,186,186,182,168,188,182,177,187,186,121,146,156,183,163,166,186,161,167,187,174,183,140,148,187,168,147,174,147,185,118,147,147,184,183,156,187,173,153,165,98,187,149,126,153,174,186,170,176,143,166,121,139,184,185,179,152,144,183,176,143,130,183,161,175,83,166,181,179,177,146,180,173,153,132,173,153,137,68,132,130,104,172,106,0,122,106,134,130,182,109,162,138,182,185,129,187,170,159,140,150,185,129,144,143,200,144,146,201,154,96,178,127,159,178,146,173,140,145,166,131,171,137,148,177,214,169,213,185,143,189,147,125,214,203,179,197,168,208,178,131,171,140,214,175,201,149,154,215,216,214,167,167,174,214,149,212,195,128,181,214,166,215,216,214,142,150,212,162,196,180,165,163,160,215,165,181,211,181,209,169,204,215,198,183,134,209,175,210,189,174,179,137,130,207,203,208,205,181,211,191,209,193,210,208,183,194,199
192,176,137,207,213,200,211,212,165,204,198,196,169,203,190,167,202,197,203,202,186,168,153,199,196,137,171,150,171,171,162,193,191,135,189,186,188,185,179,181,174,179,179,153,169,178,175,176,177,174,175,159,158,173,163,172,170,166,168,155,155,163,164,160,143,158,162,147,159,154,155,155,155,154,149,153,120,150,149,143,140,147,147,148,146,146,143,143,140,120,137,129,128,134,133,130,128,128,120,119,124,123,121,118,112,117,117,111,114,114,109,108,107,107,104,104,102,101,100,99,95,93,92,92,87,87,87,86,86,83,84,82,80,79,75,76,74,72,70,66,67,64,63,62,58,59,57,57,55,53,52,50,49,47,43,44,42,40,38,37,35,33,31,29,27,26,24,22,20,18,16,13,11,10,8,6,4,2,0,0,0,0,0,0,0,2,4,6,8,10,12,14,16,18,20,22,23,26,28,30,31,33,35,37,39,41,43,44,45,47,49,51,53,51,55,56,59,61,62,64,66,67,69,70,73,75,76,77,79,80,83,84,85,87,89,89,76,92,94,96,96,98,100,99,102,99,104,105,104,106,106,108,111,112,113,115,113,118,117,119,120,120,85,125,126,126,127,128,126,131,131,131,133,135,136,138,137,140,142,142,145,144,147,149,148,145,150,153,147,149,153,152,156,120,157,156,157,144,154,157,160,161,159,158,154,158,161,133,161,160,136,156,152,162,158,160,156,0,161,157,155,151,167,156,162,152,146,168,122,166,147,170,169,170,175,155,159,175,166,178,173,135,135,183,183,180,167,187,182,178,188,189,125,152,162,189,170,175,195,172,178,198,186,195,153,162,201,183,165,191,167,205,140,169,170,206,207,180,211,201,179,191,128,216,177,157,183,205,219,202,209,177,199,155,173,218,219,214,188,179,219,211,179,167,220,197,212,122,203,218,217,216,185,218,211,190,171,211,192,176,109,171,171,145,212,147,149,162,148,174,168,220,145,197,171,214,216,159,217,198,185,163,173,207,148,161,161,216,160,160,213,166,107,188,136,166,185,151,178,144,149,168,133,171,0,147,175,213,168,212,185,143,188,147,124,214,202,179,197,168,209,178,133,171,139,214,175,200,148,153,215,217,215,167,167,175,214,148,212,195,128,181,214,166,215,216,214,142,149,212,162,197,180,165,164,159,215,166,181,212,182,210,170,206,217,199,185,136,211,177,212,190,176,180,138,133,210,205,210,207,182,214,193,211,194,213,211,184,195,202
202,186,146,214,221,207,216,216,170,209,202,200,174,209,194,170,208,202,208,207,190,171,156,204,200,140,175,153,173,175,167,197,195,137,193,189,192,189,181,185,178,182,183,156,173,181,178,179,181,177,178,162,161,175,166,174,172,168,170,155,155,165,166,162,145,160,163,147,160,155,156,155,155,155,149,153,118,150,149,143,140,147,147,148,145,146,143,143,140,118,137,129,128,134,133,130,128,128,118,119,124,123,121,118,112,116,117,111,114,115,110,109,108,108,105,105,103,102,101,100,96,94,93,93,88,88,88,87,87,84,85,83,81,80,76,77,75,73,71,67,68,65,64,63,59,60,58,58,56,54,53,51,50,48,44,45,43,41,39,38,36,35,33,31,29,28,26,24,22,20,18,15,13,12,10,8,6,4,2,0,0,0,0,0,0,0,2,4,6,8,10,12,14,16,18,20,21,24,26,28,29,31,33,35,37,39,41,42,43,45,47,49,51,49,53,54,57,59,60,62,64,65,67,68,71,73,74,75,77,78,81,82,83,85,87,86,72,88,88,88,86,88,88,0,88,58,90,91,90,92,92,94,97,98,99,101,99,104,103,105,106,106,65,111,112,112,112,114,112,116,115,0,118,119,121,122,122,124,127,127,130,130,132,135,133,130,136,139,134,137,141,140,143,107,146,145,147,136,147,150,154,157,156,158,154,159,163,136,165,164,142,163,159,170,168,169,166,126,171,169,166,163,179,168,174,164,158,180,135,178,159,182,181,181,187,167,171,187,178,190,185,148,148,195,195,192,179,199,194,189,200,201,138,164,174,201,182,187,207,185,190,211,199,208,166,176,214,196,178,204,181,219,155,183,185,220,220,194,226,215,194,206,143,230,192,171,199,221,234,217,225,194,215,174,191,237,239,234,210,202,242,234,203,192,244,223,239,150,231,248,245,247,217,251,244,224,207,246,229,213,148,209,211,185,252,190,192,205,193,220,214,265,193,246,220,263,266,212,267,251,240,218,229,265,206,221,222,277,223,224,277,231,174,255,204,235,254,221,248,214,221,241,208,245,213,222,250,289,244,287,256,214,259,217,193,284,269,245,264,234,274,241,196,233,201,275,236,259,206,211,273,273,270,221,220,229,267,199,263,245,178,228,263,213,262,263,259,187,192,255,205,236,219,206,203,197,254,202,216,247,215,244,203,238,249,228,215,165,239,205,238,215,201,203,160,155,232,227,230,227,200,231,210,228,208,228,225,196,206,214
201,185,145,212,220,206,214,213,169,207,199,197,173,206,191,167,205,200,206,205,189,170,153,204,200,137,175,151,171,175,167,197,195,135,193,189,192,189,180,185,176,181,182,156,174,182,179,180,182,178,179,163,162,177,167,175,174,170,172,157,157,167,167,165,148,162,166,148,161,158,159,158,158,158,152,156,119,153,152,145,143,150,150,151,147,149,146,146,143,119,140,132,130,137,136,133,131,131,120,121,127,126,124,121,114,117,120,112,117,117,111,111,109,110,107,107,105,104,103,102,97,96,95,95,90,90,90,89,89,86,87,85,83,82,78,79,77,75,73,69,69,67,66,65,61,62,60,60,58,56,55,53,52,50,46,47,45,43,41,40,38,37,35,33,31,30,28,26,24,22,20,17,15,14,12,10,8,6,4,2,0,0,0,0,0,0,0,2,4,6,8,10,12,14,16,18,19,22,24,26,28,30,32,34,36,38,40,41,42,44,46,48,50,48,53,54,57,59,60,62,64,65,67,68,70,72,74,75,77,78,81,82,83,85,87,87,74,90,92,94,94,96,98,97,100,97,102,103,102,104,104,106,109,110,111,113,111,116,115,117,118,118,0,123,124,124,125,126,125,129,129,129,131,133,134,135,134,137,139,139,142,142,144,147,145,143,148,151,146,150,152,152,154,122,158,157,159,149,159,162,166,168,167,168,165,169,173,147,175,175,154,174,171,181,179,178,176,134,178,176,172,168,182,171,176,165,159,178,133,176,155,178,175,175,180,159,162,178,167,179,173,136,135,180,179,176,161,181,175,169,179,178,114,140,149,174,154,157,177,154,157,178,164,172,113,0,176,157,140,166,142,179,116,145,146,182,182,156,188,177,157,169,105,192,155,132,160,184,196,180,188,156,178,137,154,199,201,196,173,166,205,198,169,155,209,188,203,116,195,212,210,212,182,215,210,189,172,212,194,178,115,174,176,149,218,155,157,170,158,184,179,230,158,211,185,229,232,177,233,216,205,184,193,231,172,186,188,242,188,190,242,196,140,220,169,199,219,185,212,179,185,206,174,210,178,187,215,254,209,253,223,181,227,185,161,254,240,216,236,207,247,215,172,207,176,252,213,237,185,189,253,254,252,203,202,213,251,183,249,230,166,216,251,203,252,253,250,180,184,248,199,231,214,201,198,191,248,196,211,242,210,239,199,233,244,223,211,162,234,201,234,210,197,198,154,152,228,222,226,223,195,228,208,224,204,226,223,192,204,211
178,163,126,194,200,187,198,196,154,193,186,184,160,196,181,157,197,193,199,200,182,165,149,199,197,135,173,149,171,174,166,197,194,135,193,189,192,189,180,185,178,182,182,158,172,181,178,179,181,177,178,163,162,175,167,174,172,168,171,155,155,165,167,163,148,162,166,146,163,157,159,157,158,159,153,156,118,154,153,146,144,150,151,151,147,150,147,147,144,118,141,131,131,136,137,134,132,132,119,122,126,127,125,122,115,116,121,113,118,119,113,113,111,112,109,109,107,106,105,104,99,98,97,97,92,92,92,91,91,88,89,87,84,84,80,81,79,77,75,71,71,69,68,67,63,64,62,62,60,58,57,55,54,52,48,49,47,45,43,42,40,39,37,35,33,32,30,28,26,24,22,19,17,16,14,12,10,8,6,4,2,0,0,0,0,0,0,0,2,4,6,8,10,12,14,16,17,20,22,24,26,28,30,32,34,36,38,39,40,42,44,46,48,46,51,51,54,56,57,59,61,62,64,65,68,70,72,73,75,76,79,80,81,83,85,85,74,88,90,92,92,95,96,95,98,95,100,101,98,101,102,103,106,107,108,110,108,113,112,113,115,115,82,120,121,121,122,123,121,126,126,126,128,130,131,133,132,135,137,137,140,140,142,145,143,140,146,148,142,145,149,148,152,119,155,154,156,146,155,159,163,165,164,166,162,167,171,144,173,172,151,170,166,178,176,177,174,135,179,175,173,169,185,174,179,171,166,186,142,183,166,188,187,187,193,174,175,193,184,195,190,155,155,200,200,197,185,203,199,194,204,205,144,170,181,204,185,190,210,189,193,213,200,210,168,179,216,198,181,206,184,219,158,186,188,221,221,195,226,217,197,206,145,230,192,172,199,222,233,216,223,190,212,172,186,231,233,227,203,195,232,224,195,180,233,211,225,139,217,232,230,230,200,231,224,204,186,224,208,189,127,185,186,159,226,164,166,176,164,189,182,235,162,213,186,228,231,176,231,213,202,178,188,224,163,177,178,231,177,178,228,183,125,205,152,181,202,166,193,159,165,184,151,187,122,162,190,229,183,226,195,152,196,155,128,222,206,183,201,172,211,178,133,169,134,212,172,194,141,0,211,213,211,161,160,171,209,139,206,186,120,171,205,156,204,204,200,122,0,196,145,178,162,148,147,140,200,146,163,196,163,193,153,189,201,181,169,120,195,161,196,172,161,161,118,118,195,191,196,194,165,200,179,198,177,199,198,167,180,189
157,141,102,170,176,162,171,168,125,164,154,151,127,163,146,120,161,155,160,159,139,120,102,155,151,87,126,99,121,126,117,148,145,0,142,139,141,141,132,139,133,139,140,115,133,143,141,143,146,142,145,129,129,145,136,146,144,142,146,130,130,143,145,143,127,142,146,126,143,138,139,138,138,138,132,136,94,133,133,127,124,131,131,132,127,130,127,127,124,0,121,115,115,123,124,123,122,123,111,116,123,123,122,119,114,112,119,110,116,117,112,111,111,112,109,109,107,105,105,104,99,98,97,97,92,92,92,91,90,88,89,87,84,84,80,81,79,78,76,72,72,70,69,68,64,65,63,63,61,59,58,56,55,52,49,50,48,46,44,43,41,40,38,36,34,33,31,29,28,26,24,21,19,18,16,14,12,10,8,6,4,2,0,0,0,0,0,0,0,2,4,6,8,10,12,14,15,18,20,22,24,26,28,30,32,34,36,37,38,40,42,44,46,44,49,51,53,55,56,58,60,61,63,64,67,69,71,72,74,75,78,79,80,82,84,84,75,87,89,91,91,94,95,94,97,94,99,99,99,100,100,102,105,106,107,109,107,112,111,114,114,114,83,119,120,120,121,122,122,125,124,125,127,128,130,131,130,133,135,135,138,138,140,142,141,138,143,146,140,144,147,146,149,118,152,151,153,145,153,156,160,162,160,162,158,163,167,140,169,168,148,167,164,173,172,173,170,133,175,174,169,168,182,172,178,171,164,184,141,183,165,186,185,185,191,173,174,191,182,194,189,155,155,199,199,197,183,202,199,192,205,205,145,171,180,204,186,189,211,190,193,215,200,211,167,180,217,198,182,206,185,219,159,186,188,222,220,196,227,217,198,207,146,230,192,171,199,223,234,218,225,193,216,176,192,236,239,234,211,204,241,233,206,191,243,224,238,153,230,246,242,244,215,245,238,219,201,238,223,204,142,200,201,173,240,179,181,190,179,204,197,247,177,228,201,243,244,192,245,227,218,195,203,241,181,194,196,248,195,196,246,201,144,224,171,199,221,185,211,178,183,202,171,205,174,181,208,248,203,245,213,172,215,174,148,242,225,201,221,192,232,196,155,189,155,233,194,214,162,165,230,231,227,176,174,186,224,153,220,199,136,183,220,170,219,220,216,145,146,212,162,191,174,162,160,150,210,155,170,204,169,200,159,194,204,182,170,122,195,160,194,168,157,155,112,112,187,183,186,182,152,186,165,183,160,183,180,148,159,169
112,95,57,124,130,116,125,120,79,117,107,103,80,115,97,71,112,106,111,110,90,71,0,105,102,2,78,0,74,81,74,106,105,17,105,103,107,105,96,104,98,104,106,81,98,108,107,109,112,110,112,98,98,112,105,114,112,110,114,97,99,111,114,112,97,113,116,96,115,111,115,113,116,117,113,116,78,115,116,110,108,116,117,119,114,119,117,117,116,90,114,107,107,115,116,115,114,115,102,107,114,114,114,113,107,108,114,105,111,111,107,106,106,107,103,104,102,101,101,100,95,95,94,94,89,89,88,88,86,85,86,84,82,81,78,79,77,76,74,70,70,68,67,67,63,64,62,62,60,58,58,56,55,52,49,50,48,47,45,45,43,42,40,38,36,35,33,31,30,28,26,23,21,20,18,16,14,12,10,8,6,4,2,0,0,0,0,0,0,0,2,4,6,8,10,12,13,16,18,20,22,24,26,28,30,32,34,35,36,38,39,41,42,41,45,46,48,50,51,53,55,56,58,59,61,63,65,66,68,69,72,73,74,76,78,78,71,80,82,84,83,87,88,88,90,87,92,92,92,93,93,95,98,99,100,101,100,104,104,106,107,106,77,111,112,112,113,114,114,116,115,118,118,120,121,122,122,124,126,126,129,129,131,133,132,130,134,136,131,134,137,136,139,110,142,141,143,137,142,146,150,152,150,152,148,153,157,130,159,158,140,157,154,163,162,163,161,124,165,163,159,157,171,161,167,161,154,172,131,171,155,174,173,174,179,163,162,179,170,182,177,145,145,186,187,184,170,191,186,180,192,192,133,160,168,192,173,176,198,179,180,201,188,198,155,169,204,186,171,194,174,206,148,175,176,209,208,182,213,204,184,191,132,212,174,153,175,204,213,196,203,170,192,152,167,210,212,207,184,176,211,204,177,159,212,191,204,121,196,211,209,209,180,211,204,184,169,204,189,169,109,165,167,138,206,146,148,155,146,169,162,214,144,194,166,208,210,157,210,192,183,159,168,206,144,158,160,212,159,160,210,165,109,188,134,162,184,148,174,140,146,165,135,169,138,144,171,212,166,208,177,134,178,136,110,205,188,164,184,155,194,159,118,150,116,195,156,176,123,123,192,193,189,137,136,148,186,115,182,161,99,145,181,132,180,181,177,105,103,173,123,152,135,123,120,109,170,114,130,164,129,159,118,153,163,140,129,79,153,118,152,126,115,112,68,69,146,140,143,139,107,144,122,139,115,139,136,102,115,124
179,164,125,192,198,184,193,189,148,186,176,173,150,186,168,142,184,178,184,183,162,144,127,179,176,111,150,124,145,150,142,172,170,108,168,165,167,164,154,160,153,157,157,131,147,155,152,154,155,151,152,137,136,149,141,148,146,142,144,126,126,138,139,135,119,134,137,115,134,128,130,128,129,129,121,127,0,124,125,119,117,125,126,128,122,128,126,127,125,90,124,116,117,124,126,125,124,125,111,118,124,125,124,122,116,84,121,110,118,119,114,113,112,113,110,110,108,106,106,105,100,99,98,98,93,93,93,92,91,89,90,88,0,85,63,82,81,80,79,75,75,73,72,71,67,68,66,66,64,61,61,59,58,55,52,53,51,49,47,46,44,44,41,40,38,37,35,33,32,30,28,25,23,22,20,18,16,14,12,10,8,6,4,2,0,0,0,0,0,0,0,2,4,6,8,10,11,14,16,18,20,22,24,26,28,30,32,33,34,36,38,40,42,40,45,47,49,51,52,54,56,57,59,60,63,65,67,68,70,71,74,75,76,78,80,80,75,83,85,87,87,90,91,91,93,90,95,96,96,97,97,99,102,103,104,106,104,109,108,111,111,113,84,116,117,117,118,119,119,122,123,123,124,125,127,128,129,130,132,132,135,135,137,139,138,136,140,143,139,142,145,144,147,120,150,149,153,146,152,154,158,160,161,161,157,164,165,138,167,166,149,165,162,171,170,171,169,135,173,172,169,166,181,171,177,172,165,182,142,181,166,184,184,184,189,174,174,189,180,192,188,156,156,197,197,195,181,201,197,192,203,203,146,173,181,203,184,188,209,191,191,213,200,210,167,183,216,198,183,206,187,219,161,188,190,221,221,195,227,217,200,207,149,230,192,170,199,224,234,217,225,192,215,178,191,236,239,234,213,205,242,234,207,191,245,223,239,157,231,248,246,248,218,251,244,224,212,246,232,213,155,209,214,184,252,196,198,205,198,219,214,266,196,249,220,262,265,213,265,247,239,213,223,262,199,213,217,267,216,217,265,222,167,244,190,220,241,204,231,196,203,222,191,225,196,200,228,269,223,266,234,190,235,193,167,263,245,222,242,214,253,217,178,208,174,254,214,234,182,187,251,252,248,196,195,207,245,173,241,220,159,204,241,190,240,241,237,167,169,233,183,213,195,184,181,172,232,177,192,226,191,222,181,216,226,203,192,145,217,183,216,189,180,176,134,134,209,204,207,204,173,209,187,205,181,205,202,169,180,191
185,170,132,201,207,195,206,200,161,201,189,188,168,203,185,161,204,200,206,207,186,168,153,206,203,138,180,153,174,181,173,203,201,139,199,195,198,195,183,191,184,188,189,163,179,187,184,185,187,183,184,169,168,181,173,180,178,174,176,157,156,171,172,168,152,167,170,147,166,161,164,162,163,163,157,161,121,158,157,150,148,155,155,156,148,154,151,151,148,121,145,136,136,141,141,138,136,136,121,127,131,131,129,126,120,117,125,114,122,123,118,117,116,117,113,114,112,110,110,109,104,103,102,102,97,97,97,96,95,93,94,92,89,89,85,86,84,83,81,77,77,75,74,73,69,70,68,68,66,64,63,61,60,57,54,55,53,51,49,48,46,46,43,42,40,39,37,35,34,32,30,27,25,24,22,20,18,16,14,12,10,8,6,4,2,0,0,0,0,0,0,0,2,4,6,8,8,11,13,15,17,19,21,23,25,27,29,31,32,34,36,38,40,38,43,45,47,49,50,52,54,55,57,58,61,63,65,66,68,69,72,73,74,76,78,78,74,81,83,85,85,88,89,89,90,0,92,93,93,94,94,96,99,100,101,103,101,106,105,107,108,110,82,113,114,114,115,116,115,119,121,120,121,123,124,126,126,128,130,130,133,133,135,138,136,135,139,142,138,141,144,143,146,120,149,148,152,147,151,153,157,159,160,160,157,163,165,138,167,166,151,165,162,172,170,171,170,137,173,172,170,166,181,171,177,172,167,182,144,181,168,184,184,185,189,176,174,189,180,192,188,158,158,197,197,195,181,201,197,192,203,203,148,175,182,204,184,188,209,192,191,213,201,210,168,185,216,199,185,207,189,219,163,190,192,221,221,195,227,217,202,207,151,230,192,170,201,226,234,217,226,192,214,180,191,236,239,234,215,207,242,235,209,191,245,223,239,159,231,248,246,248,218,250,245,223,212,247,234,212,157,209,214,182,251,194,196,200,194,213,206,258,191,241,210,254,255,205,256,237,231,204,213,253,189,203,209,258,208,209,256,214,159,236,180,210,233,194,221,186,193,212,183,216,188,191,219,261,215,258,224,180,226,183,157,255,236,212,234,205,245,207,169,199,164,246,207,225,172,178,243,244,240,186,185,199,237,163,233,210,150,194,232,181,232,233,229,158,159,225,175,202,185,175,173,161,223,166,181,217,180,213,172,207,217,193,183,135,208,173,207,179,170,166,0,125,200,197,201,199,168,205,185,204,180,206,204,171,183,196
163,148,109,175,182,168,177,171,132,170,158,155,134,169,150,124,168,163,168,167,147,127,112,165,161,0,137,111,131,140,132,164,163,101,162,160,162,161,149,159,152,158,159,134,151,161,159,161,163,160,162,148,147,162,154,163,161,159,162,144,145,160,162,159,145,160,163,141,161,157,160,158,159,159,153,157,117,154,154,146,145,152,152,153,145,151,148,148,145,119,142,134,133,139,139,136,134,134,118,124,129,130,128,126,119,118,125,113,122,123,119,117,117,118,115,115,114,111,111,111,106,105,104,104,99,99,99,98,96,95,96,94,91,91,87,88,86,85,83,79,79,77,76,74,71,72,70,70,68,66,65,63,62,59,56,57,55,53,51,50,48,48,45,44,41,41,39,37,36,34,32,29,27,26,24,22,20,18,16,14,12,10,8,6,4,2,0,0,0,0,0,0,0,2,4,6,8,10,12,14,16,18,20,22,24,26,28,30,31,33,35,37,39,37,42,44,46,48,50,52,54,55,57,58,61,63,65,66,68,69,72,73,74,76,78,78,75,81,83,85,85,88,89,89,91,88,93,94,94,94,95,96,99,100,101,103,101,106,105,108,108,109,83,113,113,114,114,116,116,119,120,120,121,122,124,125,125,127,129,129,131,132,134,137,135,134,138,141,136,139,141,141,143,118,145,145,147,144,147,149,152,155,154,154,152,156,159,133,160,160,146,160,157,165,164,163,163,130,163,162,159,154,167,157,162,156,151,163,126,162,148,164,162,163,165,151,149,163,152,164,160,129,128,165,165,162,146,167,161,156,165,164,107,134,140,161,140,144,163,147,142,164,152,159,115,133,163,144,131,150,131,161,103,130,130,158,157,129,159,149,132,136,80,158,118,96,0,154,162,145,154,119,144,107,120,166,169,165,146,139,174,167,142,123,178,156,172,92,165,181,180,182,152,185,180,159,149,182,170,148,93,145,152,119,189,134,136,141,136,154,150,202,135,187,156,201,204,154,206,188,183,156,166,207,144,159,165,216,166,168,216,174,121,198,142,172,197,157,186,152,159,179,152,184,157,161,189,232,187,230,197,154,200,159,132,231,214,190,213,185,225,188,152,181,147,230,191,210,158,166,230,232,229,175,174,188,226,153,222,199,141,183,221,171,221,222,219,148,150,215,164,192,175,165,163,151,213,156,172,207,171,204,163,198,208,184,174,127,199,165,198,171,162,157,115,117,192,186,190,187,154,192,171,188,163,189,186,150,163,174
197,180,143,208,214,202,210,204,166,203,191,188,169,202,183,158,201,196,203,202,179,161,147,199,195,130,171,144,162,171,161,193,191,129,189,185,188,185,171,180,172,177,178,153,169,178,175,176,177,174,175,160,159,172,164,171,169,166,167,148,148,164,164,160,146,160,163,139,159,155,157,155,156,156,150,154,114,151,150,143,141,148,148,149,139,147,144,144,141,114,138,129,128,134,134,131,129,129,111,119,124,124,122,119,112,0,118,79,115,118,115,116,117,119,115,116,114,112,112,111,106,105,104,104,99,99,99,98,97,95,96,94,91,91,87,88,86,85,83,79,79,77,76,75,71,72,71,71,69,67,66,64,63,60,57,58,56,54,52,51,49,49,46,45,42,42,40,38,37,35,33,30,29,28,26,24,22,20,18,16,14,12,10,8,6,4,2,0,0,0,0,0,0,0,2,4,6,8,10,12,14,16,18,20,22,24,26,28,29,31,33,35,37,36,40,42,44,46,48,50,52,53,55,56,59,61,63,65,67,68,71,72,73,75,77,77,76,80,82,84,84,87,88,88,90,88,92,93,93,94,94,96,99,100,101,103,101,106,105,108,108,110,85,113,114,114,115,116,116,119,121,120,121,122,124,125,126,127,129,129,131,132,134,137,135,134,138,141,138,140,142,142,145,122,148,147,151,147,151,152,155,158,159,158,157,162,163,137,166,165,151,165,161,171,169,170,169,139,172,172,170,165,179,169,173,169,164,176,139,174,161,176,176,175,178,165,162,176,166,177,174,144,143,178,178,175,160,180,174,170,178,178,123,150,156,175,154,159,177,162,157,178,166,173,129,149,177,159,145,165,148,177,120,145,145,174,173,145,177,165,151,154,99,177,136,114,145,169,176,156,165,129,0,118,128,175,178,174,155,148,183,175,150,131,187,164,181,102,174,190,189,190,160,194,188,168,158,190,179,156,103,153,161,128,198,144,146,150,146,163,158,211,143,196,164,209,212,162,213,197,191,164,175,214,151,167,173,223,174,176,223,182,130,206,149,180,205,165,194,160,167,187,159,191,166,168,196,240,195,239,205,162,208,167,140,240,222,199,223,195,234,198,162,190,156,240,200,219,167,175,240,241,239,185,185,201,238,165,236,212,157,199,236,187,239,240,238,169,171,236,186,213,198,189,187,176,239,182,199,235,199,233,194,228,239,214,206,159,230,198,229,201,195,188,148,150,223,218,222,218,186,224,203,220,195,220,218,183,194,207
173,158,118,186,192,177,188,0,142,181,166,164,147,183,164,138,185,181,187,188,166,147,135,188,185,119,161,135,153,163,156,187,186,125,185,182,186,184,170,182,176,181,183,158,175,184,183,184,187,184,186,171,170,183,175,183,180,177,179,158,158,174,176,172,156,171,174,148,170,165,167,165,166,166,160,164,125,161,160,153,151,158,158,159,149,157,154,154,151,125,148,139,138,144,144,141,139,139,121,130,135,134,132,129,123,121,129,114,126,127,122,120,120,121,117,118,116,114,114,113,108,107,106,106,101,101,101,100,99,97,98,96,93,93,89,90,88,87,85,81,81,79,78,77,73,74,73,73,71,69,68,66,65,62,59,60,58,56,54,53,51,51,48,47,43,44,42,39,39,37,35,32,31,30,28,26,24,22,20,18,16,14,12,10,8,6,4,2,0,0,0,0,0,0,0,2,4,6,8,10,12,14,16,18,20,22,24,26,27,29,31,33,35,34,38,40,42,44,46,48,50,51,53,54,57,59,61,63,65,66,69,71,72,74,76,76,76,79,81,83,83,86,87,87,89,87,91,92,92,94,93,95,98,99,100,102,100,105,104,107,107,109,86,112,113,113,114,115,115,118,120,119,120,123,123,125,125,127,129,129,132,132,134,137,135,135,138,141,138,140,143,142,146,124,148,148,152,149,151,153,156,159,160,159,157,162,164,137,166,165,153,165,162,171,169,170,170,141,172,172,169,166,180,171,177,172,169,181,146,181,170,184,184,185,188,178,173,188,179,191,187,160,159,196,196,194,179,200,196,191,201,202,148,175,183,202,182,187,207,193,188,210,199,207,164,184,212,194,182,201,185,212,157,184,184,211,210,183,214,204,190,192,138,214,174,152,185,210,214,197,204,169,194,157,167,212,213,208,189,181,212,205,178,158,213,190,204,126,196,211,209,210,172,211,204,0,175,206,196,172,119,169,178,143,213,160,162,165,162,178,174,227,162,214,181,226,229,180,230,213,208,180,191,230,168,182,190,239,191,192,239,199,146,223,165,195,222,180,209,175,182,202,176,207,182,184,212,256,212,255,220,177,223,182,154,256,236,212,237,207,247,208,171,199,164,248,209,226,172,181,246,246,243,187,185,202,240,163,236,211,154,195,233,182,235,236,232,162,163,228,178,203,186,178,176,161,226,166,182,220,181,216,175,210,220,194,186,139,211,176,210,180,173,166,126,128,203,198,201,198,163,202,181,199,171,199,196,159,171,185
190,176,139,206,212,199,210,202,168,205,192,190,173,207,187,161,207,202,207,207,184,165,153,204,201,136,177,150,166,177,167,198,196,135,194,191,193,190,176,186,179,184,184,160,175,184,182,183,184,181,182,167,166,179,171,178,176,172,174,153,153,169,171,167,152,167,170,143,167,162,164,163,164,163,158,162,123,159,158,151,149,155,156,157,145,155,152,152,149,123,146,136,135,142,143,140,138,138,118,129,134,134,132,129,122,120,128,112,125,125,121,120,119,120,116,117,115,113,113,112,107,106,105,105,100,100,100,99,98,96,97,95,92,92,88,89,87,86,84,80,80,78,77,76,72,73,72,72,70,68,67,65,64,61,58,59,57,55,53,52,50,50,47,46,0,43,42,37,39,38,36,33,32,31,29,27,25,23,22,20,18,16,14,12,10,8,6,4,2,0,0,0,0,0,0,0,2,4,6,8,10,12,14,16,18,20,22,24,25,27,29,31,33,32,36,38,40,42,44,46,48,49,51,52,55,57,59,61,63,63,66,68,69,71,73,73,74,76,78,80,80,83,84,84,86,85,88,89,89,91,90,92,95,96,97,99,97,102,101,104,104,106,85,109,110,110,111,112,112,115,117,116,117,120,120,122,122,124,126,126,128,128,130,133,131,131,134,137,134,135,138,137,141,121,143,143,147,144,147,148,152,155,156,156,154,160,161,133,163,162,150,162,158,168,166,167,166,137,169,168,166,161,176,167,171,168,165,177,142,175,166,179,180,180,183,174,169,183,175,186,184,157,156,191,191,189,175,195,191,187,196,197,145,172,179,198,177,183,202,189,184,204,193,200,157,178,204,186,175,193,177,205,150,176,176,202,202,174,206,195,182,183,131,207,166,144,177,202,206,188,197,161,187,150,158,204,206,200,181,173,204,197,169,150,205,181,197,119,188,203,201,201,170,203,196,177,165,196,184,158,105,153,162,126,196,141,143,144,141,156,150,203,136,188,153,198,199,150,199,180,175,145,154,193,128,143,150,198,149,149,195,154,98,176,114,145,173,0,160,126,133,153,127,159,134,136,164,208,165,209,174,131,178,136,108,211,192,168,194,165,206,168,133,161,125,212,173,191,138,148,213,215,213,156,156,173,212,135,210,185,129,171,209,159,213,214,212,142,145,210,160,187,170,163,162,147,214,154,172,211,172,208,168,204,215,190,183,137,209,176,209,181,175,169,131,134,208,204,208,206,170,212,192,210,183,212,210,173,187,201
197,182,144,209,216,202,211,203,167,203,189,185,169,203,181,155,202,196,203,202,176,157,146,198,194,129,169,143,157,169,161,191,189,127,187,183,186,183,166,179,171,175,176,151,167,175,172,174,175,171,172,157,156,169,161,168,166,162,164,140,140,159,159,156,140,154,159,0,157,154,157,156,158,159,154,159,121,158,158,152,151,158,158,159,147,157,154,154,152,126,149,139,139,145,145,142,140,140,119,130,136,135,133,130,123,122,130,112,127,128,122,121,120,122,118,119,116,115,115,114,108,108,107,107,102,102,102,100,100,98,99,97,94,94,90,91,89,88,86,82,82,80,79,78,74,75,74,74,72,71,70,69,68,65,62,63,61,59,57,56,54,54,51,50,46,47,45,39,42,40,38,35,34,33,31,29,27,25,24,22,20,18,16,14,12,10,8,6,4,2,0,0,0,0,0,0,0,2,4,6,8,10,12,14,16,18,20,22,23,25,27,29,31,30,34,36,38,40,42,44,46,47,49,50,53,55,57,59,61,63,65,67,69,70,72,72,73,75,77,79,79,82,83,83,85,84,87,88,88,90,90,91,94,95,96,98,96,101,100,103,103,105,86,108,109,109,110,111,112,114,116,115,116,119,119,121,121,123,125,125,128,128,130,133,131,131,134,137,134,137,140,139,142,123,145,144,148,146,148,149,153,156,157,157,155,161,162,134,164,163,152,164,160,168,167,168,168,141,170,170,168,164,178,169,175,171,168,179,145,179,169,182,183,183,187,177,173,187,177,190,186,160,160,195,195,193,178,200,195,191,201,202,150,177,183,201,181,183,204,191,0,207,195,204,161,183,210,192,182,201,187,215,161,187,189,215,216,189,222,212,200,201,150,225,185,164,198,223,230,211,220,185,212,177,185,232,234,229,212,204,237,229,203,185,239,217,234,157,226,243,240,243,212,246,239,221,212,241,231,207,156,203,213,177,247,196,198,199,198,212,208,260,195,248,214,258,261,214,262,245,242,213,224,263,200,216,224,271,225,226,271,233,180,256,198,227,255,215,242,208,215,232,208,237,212,212,240,282,239,282,244,202,247,205,176,279,257,233,259,230,269,229,195,220,185,270,231,247,194,205,268,268,265,209,207,225,262,184,258,232,177,216,254,203,257,258,254,185,187,250,200,224,207,202,198,183,249,188,205,242,204,239,199,232,243,216,210,164,234,201,233,202,196,188,152,153,226,221,224,221,185,225,205,222,193,223,220,181,193,208
211,197,158,223,230,216,225,217,181,218,203,199,184,218,195,169,217,211,217,216,191,172,162,213,208,145,185,159,172,185,176,206,204,143,202,198,201,198,180,194,187,191,192,167,182,191,188,188,191,187,188,173,172,185,177,184,182,177,179,155,155,174,175,171,156,171,174,145,170,165,167,165,166,166,160,164,125,161,160,152,151,157,158,159,145,157,154,154,151,125,148,137,137,144,144,141,138,139,117,129,134,134,132,129,122,120,128,110,125,126,121,120,119,120,116,117,115,113,113,112,107,106,105,105,100,100,100,99,98,96,97,95,92,92,0,89,88,87,86,82,82,80,79,78,74,75,74,74,72,71,70,69,68,65,62,63,61,59,57,56,54,54,51,51,48,49,47,39,44,42,40,37,36,35,33,31,29,27,26,24,22,20,18,16,14,12,10,8,6,4,2,0,0,0,0,0,0,0,2,4,6,8,10,12,14,16,18,20,21,23,25,27,29,28,32,34,36,38,40,42,44,45,47,48,51,53,55,57,59,61,63,65,67,68,70,70,71,73,75,77,77,80,81,81,83,82,85,86,86,88,87,89,92,93,94,96,94,99,98,101,101,103,85,106,107,107,108,109,110,112,114,113,114,116,116,118,0,119,122,122,125,125,127,130,128,128,131,134,132,134,137,136,139,122,142,141,145,143,146,146,150,153,154,154,153,158,159,131,161,160,151,161,157,166,164,165,165,139,167,167,166,161,175,167,172,168,167,176,144,176,168,179,180,180,184,176,170,184,174,187,184,158,158,192,192,190,175,197,192,189,198,199,149,177,183,201,180,186,205,194,187,209,199,206,164,188,212,195,187,204,191,218,166,192,194,218,220,192,225,215,204,204,155,229,189,168,204,227,233,215,225,190,218,182,189,236,238,233,218,210,241,234,207,189,244,221,238,163,230,247,245,248,216,250,244,227,218,246,237,211,162,207,219,182,252,202,204,203,204,217,212,265,201,254,218,263,266,220,267,250,248,217,228,268,204,220,230,277,231,232,277,239,187,263,202,233,262,221,247,213,220,240,216,245,223,222,250,294,252,295,256,213,259,216,187,292,269,245,272,242,282,241,208,232,196,283,244,259,205,218,281,281,278,220,218,237,275,195,271,245,190,228,266,215,270,271,267,197,200,262,213,237,219,214,211,194,262,199,216,255,215,252,211,244,257,228,223,176,247,215,246,215,210,201,166,166,240,235,238,235,199,238,218,236,206,236,233,194,207,222
208,194,155,220,227,213,222,214,178,215,199,195,181,215,191,165,214,208,214,213,187,168,159,210,205,142,182,156,168,182,173,203,201,140,199,196,198,195,177,191,184,188,189,164,179,188,185,186,188,184,185,170,169,182,174,181,179,174,176,151,151,171,172,168,153,168,171,141,167,162,164,162,163,163,157,161,122,158,157,150,148,154,155,156,141,154,151,151,148,122,145,133,134,141,141,138,136,136,113,126,132,131,129,126,119,118,126,106,123,124,118,117,116,118,113,115,112,111,111,110,104,104,103,103,97,98,98,0,98,97,99,98,95,95,91,92,91,90,88,84,84,82,81,80,76,77,76,76,74,73,72,71,69,68,65,66,64,62,60,59,57,57,54,53,50,51,49,39,46,44,42,39,38,37,35,33,31,29,28,26,24,22,20,18,16,14,12,10,8,6,4,2,0,0,0,0,0,0,0,2,4,6,8,10,12,14,16,18,19,21,23,25,27,26,30,32,34,36,38,40,42,43,45,46,49,51,53,55,57,59,61,63,65,67,69,69,70,72,74,76,76,79,80,80,82,81,84,85,85,87,87,88,91,92,93,95,93,98,97,100,100,102,85,105,106,106,107,108,109,111,113,112,113,116,116,118,118,120,122,122,125,125,127,130,128,128,131,134,131,134,137,136,139,123,142,141,145,143,145,146,150,152,153,153,151,157,158,130,160,159,150,160,156,165,163,164,164,139,166,166,165,160,174,165,171,167,166,175,143,175,167,178,179,179,183,175,169,183,173,186,183,158,158,191,191,189,174,196,191,188,197,198,148,177,183,200,179,185,204,194,187,208,197,205,162,188,211,194,186,202,190,217,165,191,193,217,219,191,224,214,204,203,155,228,187,166,204,226,232,214,223,188,217,181,188,235,237,232,217,209,240,232,206,188,243,220,237,163,229,246,244,246,215,249,242,226,217,244,236,210,162,206,218,180,250,202,204,202,204,214,211,264,200,253,217,261,265,219,266,249,247,216,227,267,203,219,229,275,230,231,275,238,187,262,201,231,261,220,246,211,219,238,215,243,222,220,249,291,249,292,253,210,256,213,183,289,265,242,269,239,279,238,205,229,192,280,241,255,201,215,278,278,275,216,214,234,272,191,268,241,187,225,263,212,267,268,264,195,197,259,210,233,216,211,208,190,259,195,213,252,212,249,208,241,254,224,220,174,244,212,243,211,207,197,163,163,237,232,235,232,0,235,216,234,203,234,231,191,203,220
213,199,160,226,232,218,228,220,184,220,204,200,187,221,196,170,220,214,220,219,192,173,165,216,209,148,189,162,174,189,179,210,208,147,206,201,205,202,183,198,191,195,195,171,185,195,192,192,195,191,192,177,176,189,181,188,186,181,183,157,157,178,179,175,160,175,178,149,174,169,171,169,170,170,164,168,129,165,164,157,155,161,162,163,149,161,158,158,155,129,152,139,141,148,148,145,143,143,119,133,138,138,136,133,126,125,133,112,130,131,125,124,123,125,120,122,119,118,118,117,111,110,110,110,105,105,105,103,103,101,102,100,97,97,93,93,93,92,90,86,86,84,83,82,78,79,78,78,76,75,74,73,71,69,66,67,65,63,61,60,58,58,55,54,51,52,50,38,47,45,43,40,39,38,36,34,32,30,29,27,25,23,21,19,17,15,13,11,8,8,6,4,2,0,0,0,0,0,0,0,2,4,6,8,10,12,14,16,17,19,21,23,25,24,28,30,32,34,36,38,40,41,43,44,47,49,51,53,55,57,59,61,63,65,67,67,68,70,72,74,74,78,78,78,80,0,82,83,83,85,85,86,89,90,91,93,91,96,95,98,98,100,84,103,104,104,105,106,106,109,111,110,111,114,114,116,116,118,120,120,123,123,125,128,126,127,129,132,129,131,134,133,137,122,140,139,143,141,144,144,148,151,152,152,151,156,157,129,159,158,151,159,155,164,162,163,164,139,165,164,164,159,173,165,170,166,167,174,144,174,168,177,178,179,182,176,168,182,172,185,182,158,159,190,190,188,173,195,190,187,196,197,149,178,183,199,178,184,203,193,185,206,196,203,161,187,209,192,185,201,190,215,164,191,193,215,217,189,222,212,203,201,155,226,185,164,203,224,229,212,221,185,216,180,186,232,234,230,215,207,236,229,202,182,236,213,229,156,220,235,233,235,202,235,229,212,203,229,220,192,145,187,199,159,230,180,182,178,180,191,184,238,175,225,188,232,234,189,234,215,214,181,190,231,166,180,192,236,190,192,234,197,144,219,156,185,216,175,198,163,170,188,167,193,172,168,196,239,197,239,201,157,202,161,0,239,216,193,222,194,233,191,162,184,147,238,200,214,160,176,239,241,240,178,178,200,239,157,237,208,157,194,232,182,240,241,239,169,173,234,187,210,193,190,189,169,240,176,194,236,195,233,195,226,241,212,209,163,235,203,236,203,201,190,158,160,234,228,233,231,195,234,217,236,204,237,235,193,207,224
195,181,144,210,216,203,214,206,170,207,189,185,173,206,182,155,205,200,206,205,178,158,151,202,195,135,174,148,159,174,165,196,193,134,192,188,191,188,168,184,176,181,182,157,172,182,179,180,181,178,179,164,163,176,168,175,173,169,171,145,145,166,167,164,149,164,167,138,163,159,161,160,161,160,155,159,120,156,155,147,146,152,154,154,0,153,150,151,148,122,146,132,134,143,143,140,138,138,113,128,134,134,132,130,123,122,130,108,127,128,122,121,120,122,118,119,117,116,116,116,110,110,109,109,104,104,104,102,102,100,101,99,96,96,92,93,92,91,89,87,87,85,84,82,80,81,80,81,79,77,77,76,74,71,69,70,68,66,64,63,61,61,58,57,53,55,53,39,50,48,46,43,42,41,39,37,35,33,32,30,28,26,24,22,20,18,16,14,11,10,8,6,4,2,0,0,0,0,0,0,0,2,4,6,8,10,12,14,15,17,19,21,23,22,26,28,30,32,34,36,38,39,42,43,46,48,50,52,54,56,58,60,62,64,66,66,67,69,71,73,73,77,78,77,80,78,82,83,83,84,85,85,88,89,90,92,90,95,94,97,97,99,84,102,102,102,103,104,105,107,109,108,109,111,112,113,114,115,118,117,120,120,122,125,123,123,126,129,127,129,131,131,132,119,136,134,138,137,139,139,142,145,146,145,144,149,150,122,150,149,142,149,144,151,148,148,148,124,148,147,145,139,151,143,146,142,142,148,117,146,139,149,148,147,149,143,133,146,135,146,143,119,118,147,147,144,128,150,144,139,147,146,97,125,130,144,122,127,145,136,127,146,135,141,97,123,144,126,118,132,119,142,91,116,116,137,137,108,139,128,119,114,63,137,0,74,113,135,141,123,133,96,129,93,99,146,149,145,132,125,154,147,121,103,159,136,153,81,146,163,161,164,132,166,161,146,137,163,157,128,83,125,139,99,171,123,125,122,125,135,130,183,122,175,136,182,185,141,187,169,170,137,147,188,124,140,152,197,153,155,197,162,110,186,123,153,185,144,168,134,141,160,140,166,146,143,172,216,174,217,179,136,183,141,112,220,197,173,203,174,214,172,142,164,129,220,180,194,141,156,220,221,219,158,158,180,219,138,217,188,138,174,212,162,220,221,219,150,154,214,167,189,173,170,168,149,220,155,174,216,174,214,174,205,221,191,188,144,214,182,215,182,180,169,138,140,213,208,213,210,175,213,196,214,183,216,214,173,187,205
210,197,161,225,231,219,229,221,186,222,203,200,189,221,196,170,220,215,221,220,192,173,167,217,210,151,190,164,174,190,180,211,208,150,208,203,207,204,183,199,192,196,196,173,186,197,194,194,196,193,194,179,178,191,183,190,187,183,184,157,157,179,181,176,162,177,180,151,176,171,173,171,172,172,166,170,131,167,166,159,157,162,164,165,151,163,160,160,157,131,154,139,142,150,150,147,145,145,119,135,140,140,138,135,128,127,135,112,132,133,127,126,126,128,123,125,122,121,121,120,114,113,113,113,107,108,107,105,106,104,105,103,100,100,96,97,96,95,93,90,90,88,87,85,83,83,83,83,81,79,79,78,76,73,71,72,70,68,66,65,63,63,60,59,55,57,55,39,52,49,48,45,44,43,41,39,37,35,34,32,30,28,26,24,22,20,18,16,13,12,10,8,6,4,2,0,0,0,0,0,0,0,2,4,6,8,10,12,13,15,17,19,21,20,24,26,28,30,32,34,36,37,40,41,44,46,48,50,52,54,56,58,60,62,64,64,65,67,69,71,71,75,76,76,78,78,80,81,81,83,83,84,87,88,89,91,89,94,93,96,96,98,85,101,102,102,103,104,105,107,109,108,109,112,112,114,115,116,118,118,121,121,123,126,124,125,127,130,128,129,133,132,135,123,138,137,141,139,142,142,146,149,150,150,149,154,155,127,157,156,151,158,153,162,160,161,162,140,163,162,162,157,171,163,168,164,166,172,144,172,168,175,176,177,180,176,166,180,170,183,180,158,159,188,188,186,171,193,188,185,194,195,149,178,183,197,176,183,201,193,185,204,194,201,158,187,207,190,185,199,188,212,164,189,191,212,213,186,218,208,202,197,153,222,181,160,201,221,225,208,217,180,214,177,182,228,230,226,213,205,232,225,198,178,232,209,225,154,216,231,229,231,198,231,225,210,200,225,218,188,143,183,196,155,226,178,180,175,178,0,182,236,175,227,188,233,234,191,235,216,217,182,191,233,167,181,194,237,193,194,235,199,147,222,157,186,218,177,199,164,171,189,168,194,173,169,197,240,199,241,201,158,203,161,129,239,213,188,218,188,228,182,154,175,0,231,192,205,151,168,232,234,232,170,170,193,232,149,230,200,151,186,225,175,233,234,232,163,166,227,180,202,185,183,182,161,234,168,187,230,187,228,188,220,235,205,203,158,229,197,230,196,195,183,153,155,228,223,228,225,190,228,211,230,197,231,230,187,201,221
134,121,83,150,156,144,155,146,112,149,132,128,119,154,129,102,156,152,158,159,130,111,107,158,151,93,134,108,117,137,128,160,158,99,158,154,158,156,135,154,148,154,155,132,147,158,156,157,160,157,159,145,144,159,151,160,158,154,158,130,131,155,157,154,141,156,160,132,158,154,157,156,158,158,153,157,120,154,154,147,145,151,152,153,140,151,149,149,146,122,143,128,133,140,141,138,137,137,110,129,134,134,132,129,124,123,131,106,128,128,124,121,123,126,119,123,120,119,119,118,112,112,112,111,107,107,106,105,104,103,104,102,100,99,96,95,95,95,93,90,90,88,87,85,83,83,83,83,81,79,79,78,76,74,71,73,71,69,67,66,63,64,61,61,57,59,57,39,54,51,50,47,46,45,43,41,39,37,36,34,32,30,28,26,24,22,20,18,15,14,12,10,8,6,4,2,0,0,0,0,0,0,0,2,4,6,8,10,11,13,15,17,19,18,22,24,26,28,30,32,34,35,38,39,42,44,46,48,50,52,54,56,58,60,62,62,63,65,67,69,69,73,73,74,76,75,78,79,78,80,80,81,84,85,86,87,86,90,90,92,92,94,83,97,97,98,98,99,100,101,103,103,103,106,106,108,109,109,112,112,115,115,117,119,118,119,120,122,120,122,124,123,126,116,128,128,131,130,131,132,136,139,138,140,137,142,144,115,145,144,140,146,143,149,148,150,151,129,152,151,149,145,158,150,156,151,153,159,132,158,155,162,162,164,166,162,152,166,156,169,166,144,146,174,174,171,156,178,173,169,179,179,134,162,168,180,159,165,184,176,170,188,176,184,141,170,190,174,168,181,171,192,145,170,170,190,191,163,194,185,177,171,128,194,155,132,171,190,195,177,185,150,181,144,148,192,194,189,175,167,194,186,160,140,194,171,186,117,178,193,191,192,160,193,186,172,163,186,180,150,106,146,159,118,188,141,143,136,141,150,143,195,134,185,145,190,191,149,192,173,174,139,149,188,123,138,151,193,150,151,191,156,103,177,112,141,172,133,154,118,126,144,124,149,129,123,151,193,152,193,155,111,157,114,82,191,166,141,171,141,180,135,106,126,88,179,141,151,96,113,175,175,172,108,106,130,167,0,163,131,81,118,157,108,168,170,168,99,102,162,118,138,122,122,121,97,173,105,125,169,127,167,129,158,175,144,142,95,166,133,165,129,128,112,83,83,157,150,153,150,113,147,133,152,0,154,153,108,124,145
211,198,159,224,230,216,226,218,183,219,199,195,186,218,192,165,217,212,218,217,188,168,164,214,205,148,188,161,169,188,177,208,206,147,205,200,204,201,178,196,188,193,194,170,185,195,192,192,193,191,192,177,176,189,181,188,185,182,183,155,155,179,180,176,163,177,180,152,175,172,174,172,173,173,167,171,133,168,167,158,158,163,165,166,152,164,161,161,158,133,155,138,143,151,151,148,146,146,117,135,141,142,140,138,130,130,138,112,135,136,130,129,128,130,125,127,124,123,123,122,116,115,115,115,110,110,110,108,108,106,107,105,102,102,98,99,98,97,95,92,92,90,89,86,85,85,85,85,83,81,81,80,78,75,72,74,72,70,68,67,64,65,62,61,57,59,57,0,54,51,51,48,47,46,44,42,40,38,37,35,33,31,29,28,26,24,22,20,17,16,14,12,10,8,6,4,2,0,0,0,0,0,0,0,2,4,6,8,9,11,13,15,17,15,20,22,24,26,28,30,32,33,36,37,40,42,44,46,48,50,52,54,56,58,60,60,61,63,65,67,67,71,72,72,74,75,76,77,78,79,79,80,83,84,85,87,85,90,89,92,92,94,84,97,98,98,99,100,102,103,105,104,105,108,108,110,111,112,114,114,117,117,119,122,120,122,123,126,125,127,128,128,131,122,134,133,137,136,139,138,141,144,146,145,145,149,150,122,152,151,147,154,150,157,155,157,158,137,159,160,159,154,167,160,165,160,162,168,141,169,165,171,172,172,174,169,159,172,161,173,170,147,148,175,175,172,155,177,171,167,175,175,128,156,161,173,151,156,174,167,158,175,164,170,125,155,174,156,150,163,152,174,125,150,150,171,171,142,174,162,157,151,105,174,133,109,151,169,173,153,163,0,158,122,125,172,175,171,160,153,180,173,147,128,184,161,178,108,171,187,186,189,157,191,186,173,164,188,184,153,110,150,166,124,196,150,152,147,152,162,155,208,148,201,161,207,210,168,212,194,197,162,172,213,149,164,179,221,179,181,221,188,136,211,146,176,207,170,191,157,165,183,165,190,171,167,195,239,198,241,203,160,207,165,138,244,221,197,229,200,240,196,168,188,155,246,206,218,165,182,246,247,245,182,182,206,245,164,243,212,164,198,236,186,246,247,245,176,180,238,193,213,197,196,194,173,246,179,198,242,198,240,200,229,247,215,214,170,240,208,241,206,206,193,164,165,239,233,237,234,198,233,218,235,203,236,233,189,203,222
219,206,167,231,238,224,233,225,190,225,204,200,192,225,197,169,224,219,224,223,193,173,170,221,211,154,194,168,173,194,184,214,212,153,211,204,209,207,182,202,195,199,200,176,190,200,197,196,199,196,197,182,181,194,186,193,190,186,187,156,156,182,183,179,165,180,183,154,178,174,176,175,176,175,169,174,136,170,170,161,161,166,168,169,155,166,164,164,161,136,158,140,146,154,154,152,150,150,119,139,145,145,143,139,132,132,140,112,137,138,132,131,130,133,128,130,127,126,126,125,119,118,118,118,113,113,113,111,111,109,110,108,105,105,101,102,101,100,98,95,95,93,92,90,88,88,88,88,86,84,84,83,81,78,75,77,75,73,71,70,67,68,65,64,60,62,60,40,57,54,53,50,49,48,46,44,42,40,39,37,35,33,31,30,28,26,24,22,19,18,16,14,12,10,8,6,4,2,0,0,0,0,0,0,0,2,4,6,7,9,10,12,13,0,16,18,20,22,24,26,28,29,32,33,36,38,40,42,44,46,48,50,52,54,56,56,57,59,61,63,62,67,68,68,70,71,72,73,74,75,75,76,79,80,81,83,80,86,85,88,88,90,82,92,93,93,94,95,97,98,100,99,100,103,103,105,106,107,109,110,112,112,114,117,115,117,118,121,120,123,125,124,127,120,130,129,133,133,134,134,138,141,143,143,142,146,147,119,149,148,145,151,147,154,152,154,155,135,156,0,155,150,163,156,161,157,159,164,139,165,162,167,168,169,172,169,159,172,162,175,172,151,154,181,181,179,163,186,181,178,187,188,144,173,179,190,169,175,194,189,182,198,188,195,151,184,201,184,182,194,186,207,161,187,189,207,209,181,214,204,200,193,152,218,180,155,199,217,222,204,214,179,213,177,178,225,227,222,212,204,230,223,197,178,233,210,227,160,219,236,234,237,205,239,234,221,213,235,231,200,159,196,214,170,241,198,200,192,200,210,201,254,196,248,207,253,256,215,257,239,242,207,217,259,194,209,226,266,225,228,266,234,183,257,191,221,253,216,236,201,209,228,211,234,218,211,239,284,243,285,247,204,250,209,183,288,264,240,273,245,284,238,213,231,199,289,250,259,205,224,286,287,284,219,218,243,281,200,277,244,198,228,267,217,276,277,274,204,208,264,219,237,220,220,218,194,268,199,217,261,216,258,218,246,264,229,230,184,254,222,253,216,217,201,174,174,247,241,244,242,206,240,226,243,211,244,241,195,209,230
219,205,166,231,238,224,233,225,189,225,204,200,191,225,197,169,224,219,224,223,193,173,171,221,210,155,193,169,172,193,184,214,212,154,210,204,209,206,182,202,195,199,200,175,190,199,196,196,199,195,196,181,180,193,185,192,190,185,187,156,156,182,183,179,164,179,182,155,178,173,175,173,174,174,168,172,136,169,168,160,159,165,166,167,153,165,162,162,159,135,156,138,145,152,152,149,147,147,117,137,143,143,140,137,130,130,138,109,135,136,130,128,128,131,125,128,125,124,124,123,117,116,116,116,111,111,111,109,109,107,108,106,103,103,99,99,99,98,96,93,93,91,90,87,86,86,86,86,84,82,82,81,79,76,0,75,74,72,71,70,0,68,65,65,61,63,61,40,58,55,54,51,50,49,47,45,43,41,40,38,36,35,33,32,30,28,26,24,21,20,18,16,14,12,10,8,6,4,2,0,0,0,0,0,0,0,2,4,6,8,10,12,14,13,17,19,21,23,25,27,29,30,33,34,37,39,41,43,45,47,49,51,53,55,57,57,58,60,62,64,64,68,69,69,71,72,73,74,75,76,76,77,80,81,82,84,82,87,86,89,89,91,84,94,95,95,96,97,99,100,102,101,102,105,105,107,108,109,111,111,114,114,116,119,117,119,120,123,122,124,126,125,128,122,131,130,134,133,136,135,139,142,144,144,143,147,148,120,150,149,145,152,149,155,153,155,156,138,157,159,157,152,165,158,163,159,160,166,141,167,163,169,171,172,174,170,161,174,164,177,175,152,156,183,183,181,165,188,183,180,189,190,146,175,181,192,171,177,196,191,185,201,190,197,153,187,203,186,184,196,188,209,163,189,191,209,211,183,216,207,202,195,153,220,183,157,202,218,224,207,216,183,216,179,180,227,229,224,214,206,232,225,199,180,235,212,229,161,221,238,236,239,207,241,236,224,215,237,233,203,160,199,216,172,243,200,202,194,202,213,204,256,198,250,209,254,257,217,258,241,244,208,219,259,195,211,227,268,227,229,268,236,185,259,192,223,254,219,238,203,211,230,213,236,220,213,241,285,244,286,249,206,252,211,186,289,266,242,275,247,286,240,215,232,201,289,250,259,206,225,286,287,284,219,218,243,281,201,277,244,197,228,266,216,276,277,274,203,209,263,219,237,220,220,218,193,268,199,217,261,216,258,218,245,264,229,230,183,254,222,253,216,217,200,175,173,247,241,244,242,205,239,226,243,212,244,241,194,209,230
198,185,147,213,219,208,218,210,176,213,190,187,182,215,186,160,216,212,218,218,187,168,168,219,208,154,194,169,172,195,185,216,214,155,212,204,210,208,182,204,196,200,201,177,191,201,198,198,201,197,198,183,182,195,187,194,192,187,189,156,157,184,184,182,167,182,185,157,180,176,178,176,177,177,171,175,139,172,171,162,162,168,169,170,156,168,165,165,162,138,159,140,147,155,155,154,152,152,119,141,147,147,144,141,134,134,142,112,139,140,134,132,132,135,129,132,129,128,128,127,121,120,120,120,115,115,115,113,113,111,112,111,108,108,104,105,104,103,101,98,98,96,95,92,91,91,91,91,89,87,87,86,84,81,78,80,78,76,74,73,70,71,68,67,63,65,63,43,60,57,56,53,52,51,49,47,45,43,42,40,38,37,35,34,32,30,28,26,23,22,20,18,16,14,12,10,8,6,4,2,0,0,0,0,0,0,0,2,4,6,8,10,12,12,15,17,19,21,23,25,27,28,31,32,35,37,39,41,43,45,47,49,51,53,55,55,56,58,60,62,62,66,67,67,69,70,71,72,73,74,74,75,78,80,81,83,81,86,85,88,88,90,85,93,94,94,95,96,98,99,101,100,101,104,104,106,107,108,110,110,113,113,115,118,116,118,119,122,120,123,125,124,127,122,130,129,133,133,135,134,138,141,143,143,142,146,147,119,149,148,145,151,148,154,152,154,155,138,156,158,156,150,164,157,162,158,160,165,142,166,163,168,170,171,173,170,160,173,163,176,174,152,157,182,182,180,164,187,182,179,188,189,147,176,181,191,170,175,194,189,182,196,183,189,0,178,195,177,176,187,179,200,156,183,184,201,203,175,208,199,196,187,147,212,176,149,195,211,216,199,208,175,208,172,172,218,221,216,208,200,224,217,191,172,227,204,221,155,213,230,228,231,199,233,227,217,208,229,227,195,155,191,209,164,235,194,196,186,196,205,196,248,191,244,201,246,249,210,250,233,238,200,211,252,187,203,219,258,218,219,256,225,173,247,179,207,239,203,220,185,193,210,194,216,199,191,219,262,221,263,223,180,226,183,160,262,236,212,245,216,256,207,182,198,168,257,217,225,172,192,254,255,251,185,183,210,248,167,244,210,164,194,233,182,243,244,240,171,176,229,186,203,185,188,184,157,235,164,182,229,181,225,185,211,229,194,196,150,220,188,219,180,183,0,140,140,212,209,213,211,176,210,198,216,185,218,216,168,184,208
187,173,136,202,209,196,207,199,166,201,179,176,171,205,175,148,206,202,208,208,176,156,158,208,196,145,184,159,162,186,176,208,206,149,206,198,204,204,178,201,195,199,200,176,190,200,198,197,199,197,198,183,182,195,187,195,191,188,190,156,156,185,186,182,168,183,186,158,181,177,179,177,178,178,172,176,140,173,173,163,164,169,171,172,158,169,167,167,164,140,161,140,149,157,157,155,153,153,119,143,148,148,146,142,136,136,144,112,141,141,136,134,134,137,131,134,131,130,130,129,123,121,122,122,117,117,117,115,115,113,114,113,110,110,106,107,106,105,103,100,100,98,97,94,93,93,93,93,91,89,89,88,86,83,80,82,80,78,75,75,72,73,70,69,65,67,65,45,62,58,58,54,54,53,51,48,47,45,44,42,40,39,37,36,34,32,30,28,25,24,22,20,18,16,14,12,10,8,6,4,2,0,0,0,0,0,0,0,2,4,6,8,10,10,13,15,17,19,21,23,25,26,29,30,33,35,37,39,41,43,45,47,49,51,53,53,54,56,58,60,60,64,65,65,67,68,69,70,71,72,72,73,76,78,79,81,79,84,83,86,86,88,85,91,92,92,93,94,96,97,99,98,99,102,102,104,105,106,108,109,111,111,113,116,114,116,117,120,120,122,124,123,126,122,129,128,132,132,133,133,137,140,142,142,141,145,146,118,148,147,144,150,146,153,151,153,154,138,155,157,155,150,163,156,161,157,159,164,142,165,162,167,168,169,172,169,159,172,162,175,172,151,157,181,181,179,163,186,181,178,187,188,147,175,181,190,169,174,194,188,185,197,186,194,150,185,200,183,182,192,186,204,161,187,189,205,206,179,211,201,200,190,151,215,180,151,198,214,218,201,210,177,210,173,171,217,219,213,204,196,218,211,185,164,219,196,211,146,203,218,216,218,185,218,212,201,192,212,209,175,135,170,189,141,213,170,172,160,170,179,167,220,163,214,170,215,216,177,216,197,201,162,172,212,0,160,179,218,177,181,217,188,136,211,142,173,205,170,188,152,160,180,165,186,172,162,191,236,195,237,199,155,203,160,138,241,216,192,228,199,238,191,167,183,154,243,205,213,159,181,244,246,244,176,176,205,243,163,241,207,162,192,232,181,243,244,240,170,175,228,186,202,184,187,184,155,235,162,180,228,179,224,184,210,229,193,195,150,220,187,220,180,183,162,141,140,213,207,210,208,171,203,191,209,160,209,206,0,172,197
223,209,171,234,241,228,236,229,193,228,205,200,195,228,198,169,227,222,227,226,194,173,174,225,211,159,197,173,172,197,187,218,216,158,214,205,210,210,182,206,198,202,203,179,193,203,200,199,203,199,200,185,184,197,189,196,194,189,191,156,156,186,186,183,168,183,186,158,181,177,179,178,179,178,172,177,141,173,173,163,164,170,171,171,158,169,167,167,164,140,161,141,149,157,157,156,154,154,119,142,149,149,146,142,135,136,144,0,141,142,135,135,134,138,132,135,131,131,131,130,123,123,123,123,118,118,118,116,116,114,115,114,111,111,107,108,107,106,104,101,101,99,98,95,94,94,94,94,92,90,90,89,87,84,82,83,82,80,77,77,74,75,72,71,67,69,67,47,64,60,60,56,56,55,53,50,49,47,46,44,42,41,39,38,36,34,32,30,27,26,24,22,20,18,16,14,12,10,8,6,4,2,0,0,0,0,0,0,0,2,4,6,8,9,11,13,15,17,19,21,23,23,26,27,30,32,34,36,38,40,42,44,46,48,50,50,51,53,55,57,57,61,62,62,64,65,66,67,68,69,69,71,73,75,76,78,76,81,80,83,83,85,84,88,89,89,90,91,93,94,96,95,96,99,99,101,102,103,105,106,108,108,110,113,111,113,114,117,117,119,121,120,123,120,126,125,129,129,131,130,134,137,139,139,138,142,143,115,145,144,141,147,144,150,148,150,151,136,152,154,152,0,159,152,157,154,155,160,138,162,158,163,165,165,168,165,156,168,158,171,169,147,153,177,177,175,159,182,177,175,183,184,143,173,178,186,166,172,190,186,182,195,184,192,136,184,198,180,181,190,185,204,160,186,188,204,205,177,211,201,199,189,152,215,180,151,199,213,219,201,210,180,213,176,174,222,224,219,211,203,227,219,194,174,230,206,224,160,216,233,231,233,202,236,230,221,212,231,230,197,159,193,213,166,237,198,200,188,200,210,198,251,195,246,204,249,252,214,254,236,241,204,214,255,191,206,225,262,223,227,262,233,183,256,187,218,249,216,233,197,206,225,210,230,218,207,235,280,239,281,244,200,246,206,184,284,260,237,272,244,283,235,213,228,199,288,250,256,205,227,288,289,286,218,217,245,283,203,279,243,200,228,266,216,278,279,276,206,211,263,221,237,220,223,220,193,270,198,216,263,215,260,221,245,266,228,232,188,256,225,256,215,220,201,178,178,250,243,247,245,209,240,230,246,215,247,244,195,209,233
142,129,92,157,163,152,162,154,120,156,134,129,127,161,130,103,163,159,165,166,132,112,116,166,153,104,141,116,108,143,134,166,164,108,164,154,161,162,134,160,153,158,160,137,151,163,160,161,163,159,160,145,144,158,149,157,155,150,153,117,117,147,148,145,129,145,148,120,143,139,141,139,141,140,135,138,102,135,134,125,126,131,132,133,120,131,128,128,125,103,123,0,112,119,122,121,120,121,86,112,119,121,119,118,113,114,123,90,122,122,118,117,119,124,117,123,121,123,124,124,118,118,119,118,114,114,113,112,112,110,112,111,108,108,105,104,104,104,101,99,99,97,96,93,92,92,92,92,90,88,88,87,85,83,81,82,81,79,77,77,74,75,72,71,68,69,68,49,65,62,62,57,57,57,55,52,51,49,48,46,44,43,41,40,38,36,34,32,29,28,26,24,22,20,18,16,14,12,10,8,6,4,2,0,0,0,0,0,0,0,2,4,6,7,9,11,13,15,17,19,21,23,25,26,29,31,33,35,37,39,41,43,45,46,48,48,49,51,53,55,56,59,59,60,62,62,64,65,66,67,67,69,71,73,74,76,75,79,78,80,81,83,83,86,88,88,89,90,92,92,94,94,94,97,97,99,100,100,103,103,105,105,107,109,108,109,110,112,111,113,115,114,117,115,119,119,123,122,123,123,127,129,131,131,129,133,134,106,136,135,132,138,134,141,139,141,142,127,143,144,141,138,149,142,147,143,145,150,129,151,148,153,155,156,158,155,144,158,148,160,159,137,144,166,166,164,148,170,166,162,171,172,133,161,167,173,152,158,177,172,170,180,169,177,133,170,183,166,167,175,171,187,146,172,172,186,187,158,190,180,179,167,131,190,157,126,173,187,191,172,181,152,183,146,143,188,190,185,177,169,189,182,156,135,190,167,182,120,174,189,187,188,156,189,182,174,165,182,182,145,109,141,160,112,184,143,145,131,143,152,138,191,135,185,141,186,187,150,188,169,176,135,145,185,119,134,152,189,148,152,186,157,105,179,107,137,169,135,150,113,122,140,125,145,130,119,147,191,150,191,152,107,154,111,89,189,163,139,174,146,184,133,110,124,95,183,144,149,96,118,180,180,176,107,105,135,172,91,168,131,87,115,153,102,164,164,160,90,93,146,104,118,100,104,99,0,151,76,97,148,99,147,109,134,156,120,126,82,152,122,154,115,121,101,81,82,155,151,156,154,119,149,141,159,128,161,160,109,125,152
224,210,172,235,242,229,237,230,194,228,204,200,196,229,197,168,228,223,228,227,193,172,175,226,210,161,198,173,173,198,188,219,217,159,215,204,209,211,181,207,199,203,204,180,194,204,201,200,204,200,201,186,185,198,190,197,195,190,192,155,155,187,187,183,169,184,187,160,182,178,180,179,180,179,173,178,142,174,174,164,165,171,172,173,159,170,168,168,165,141,162,141,150,158,158,157,154,155,118,143,150,150,147,143,137,138,146,112,143,144,137,136,135,139,133,136,133,132,132,131,125,124,124,124,119,119,119,117,117,115,116,115,112,112,108,109,108,107,105,102,102,100,99,96,95,95,95,95,93,91,91,90,88,85,83,84,83,81,78,78,75,76,73,72,68,70,68,48,65,61,61,0,57,57,55,53,52,50,49,47,45,44,42,41,39,37,35,33,31,30,28,26,24,22,20,18,16,14,12,10,8,6,4,2,0,0,0,0,0,0,0,2,4,6,8,10,12,14,16,18,20,22,24,25,28,30,32,34,36,38,40,42,44,46,48,48,49,51,53,55,56,59,60,60,62,63,64,65,66,67,67,69,71,73,74,76,75,79,78,81,81,83,83,86,87,0,88,89,91,92,94,93,94,97,97,99,100,101,103,104,106,106,108,111,109,112,112,115,115,117,119,118,121,120,124,123,127,127,129,128,132,135,137,137,136,140,141,113,143,142,140,146,143,149,147,149,150,137,151,154,152,149,159,153,157,154,155,160,140,162,158,163,165,166,168,165,156,168,158,171,169,147,155,177,177,175,159,182,177,175,183,184,146,174,180,187,166,172,190,186,184,195,185,192,150,186,198,180,183,191,187,204,162,188,190,204,206,177,211,201,201,189,154,215,183,150,200,214,219,201,211,183,215,178,174,222,224,219,213,205,227,220,194,174,230,206,224,162,216,233,231,234,202,236,231,223,214,232,232,197,161,193,215,165,238,200,202,187,202,212,198,251,197,247,204,250,253,216,254,236,243,204,214,256,190,206,227,263,223,229,263,235,185,258,186,218,250,218,233,197,205,225,212,231,219,207,236,281,240,282,244,200,247,205,186,285,261,237,274,246,285,235,215,228,201,290,252,257,204,228,289,290,287,217,216,246,284,204,280,243,201,227,266,216,279,280,277,207,212,263,222,236,219,224,221,194,271,197,215,264,214,261,222,245,267,228,233,189,257,226,257,215,221,202,179,179,251,244,248,246,210,239,231,247,216,248,245,196,208,234
168,153,115,179,185,172,180,173,137,170,147,141,139,172,140,110,171,165,170,169,134,112,117,167,151,102,140,114,0,142,133,165,164,107,164,154,159,163,133,161,154,160,161,139,154,166,164,164,168,165,167,153,153,168,160,169,167,164,168,131,132,165,166,165,151,166,170,144,166,164,167,166,168,169,164,168,134,167,167,158,160,165,166,166,154,165,163,162,160,138,158,138,145,154,155,153,151,151,114,139,147,147,145,141,135,137,145,110,142,142,135,135,134,140,133,136,132,134,134,133,126,126,127,127,122,122,121,120,119,118,119,117,115,115,111,112,111,110,107,105,105,103,102,99,98,98,98,98,96,94,94,93,91,88,86,87,86,84,81,81,78,79,76,75,71,73,71,51,68,64,64,59,60,59,57,54,53,51,50,48,46,45,43,42,40,38,36,34,32,31,29,27,25,23,21,19,17,15,13,11,9,7,6,4,2,0,0,0,0,0,0,0,2,4,6,8,10,12,14,16,18,20,22,23,26,28,30,32,34,36,38,40,42,44,46,47,49,51,53,55,56,59,60,60,62,63,64,65,66,67,67,69,71,73,74,76,75,79,78,81,81,83,84,86,88,88,89,90,92,93,95,94,95,98,98,100,101,102,103,104,106,106,108,111,109,112,112,115,115,117,119,118,120,121,124,123,126,128,128,127,131,134,135,135,134,137,139,111,141,140,138,143,139,144,141,142,144,130,142,143,140,137,145,138,141,137,139,141,122,141,137,141,141,141,141,138,126,137,126,138,135,112,121,140,0,138,111,145,140,138,147,148,112,140,145,151,130,136,154,151,150,159,148,156,114,151,162,144,148,154,153,168,128,154,155,169,170,142,176,165,168,154,120,179,149,114,166,179,184,165,175,148,180,143,138,186,188,183,178,170,191,184,159,138,194,171,188,128,180,197,195,198,166,200,194,188,180,196,196,161,127,157,180,129,202,165,167,151,167,177,162,215,162,211,168,213,216,181,217,200,208,167,178,219,155,170,191,227,188,193,227,200,151,223,151,182,214,183,197,161,170,189,177,195,184,171,199,242,201,243,203,159,206,163,145,242,216,192,230,200,239,188,167,179,154,240,202,206,152,177,238,238,236,165,163,195,233,153,229,191,149,175,214,163,228,229,225,156,160,210,171,183,166,173,169,142,220,144,162,212,161,209,170,192,214,175,180,136,205,173,204,161,167,148,126,125,198,191,193,192,156,185,176,193,160,193,190,140,151,178
226,212,174,236,243,231,238,232,196,228,205,201,199,231,198,169,230,225,230,229,194,173,178,229,212,164,201,177,176,201,190,222,220,162,218,205,210,214,182,209,201,205,206,183,196,207,204,203,207,203,203,189,188,201,193,200,198,193,195,156,156,190,189,186,172,187,190,163,184,181,183,182,183,182,176,181,145,177,177,166,168,174,175,175,162,173,171,171,168,144,165,144,152,161,161,160,157,158,118,146,153,153,150,146,140,141,149,113,146,147,140,139,138,142,136,139,135,135,135,134,127,127,127,127,122,122,122,120,120,118,119,118,115,115,111,112,111,110,0,106,105,104,103,100,99,99,99,99,97,95,95,94,92,89,87,88,87,85,82,82,79,80,77,76,72,74,72,53,69,65,65,61,62,61,59,56,55,53,52,50,48,47,45,44,42,40,38,36,34,33,31,29,27,25,23,21,19,17,15,13,11,9,8,6,4,2,0,0,0,0,0,0,0,2,4,6,8,10,12,14,16,18,20,21,24,26,28,30,32,34,36,38,40,42,44,45,47,49,51,53,54,57,58,58,60,61,62,63,64,65,65,67,69,71,72,74,73,77,76,79,79,81,82,84,86,87,87,88,90,91,93,92,93,96,96,98,99,100,102,103,105,105,107,110,108,111,111,114,114,116,118,117,120,120,123,122,126,126,128,127,131,134,136,136,135,139,140,112,142,141,139,145,142,148,146,148,149,138,150,153,151,150,158,152,156,153,154,159,141,161,157,162,164,165,167,164,155,167,157,170,168,146,156,176,176,174,158,181,176,174,182,183,147,175,180,186,165,170,0,184,184,193,183,190,148,186,196,179,183,189,187,202,162,188,190,202,204,175,209,199,201,187,154,213,183,147,200,212,217,199,209,183,215,178,172,220,222,217,212,205,225,218,192,172,228,204,222,162,214,231,229,232,200,234,229,223,214,231,230,194,162,191,214,162,236,199,202,185,201,212,195,249,196,245,202,248,251,215,252,234,243,202,212,254,189,204,226,261,221,228,261,234,185,258,184,215,248,218,231,194,203,223,211,229,219,205,234,279,238,280,242,197,245,203,187,283,259,235,273,246,285,233,215,226,202,290,251,255,202,229,290,292,288,217,216,247,285,207,281,243,203,227,266,216,280,281,278,209,213,263,223,236,219,226,222,196,272,197,215,266,214,263,224,245,268,228,235,191,258,228,258,215,222,204,181,181,252,246,248,247,212,239,233,248,218,249,246,198,208,235
166,151,113,177,183,170,179,171,135,168,143,0,140,174,141,112,176,172,178,179,143,121,129,180,163,118,155,131,132,158,148,181,180,122,179,167,172,178,145,176,169,174,176,153,168,179,178,177,182,179,181,167,166,181,173,182,180,176,180,141,142,177,178,176,163,178,182,156,179,176,179,178,180,181,175,179,144,176,176,166,168,173,174,175,162,172,170,170,167,145,165,145,152,161,162,160,157,158,118,146,153,153,151,147,141,143,151,114,147,147,141,140,139,144,136,141,137,137,137,136,129,129,129,129,124,124,124,122,122,120,121,120,117,117,113,114,113,112,109,107,107,105,104,101,100,100,100,100,98,96,96,95,93,90,88,89,88,86,83,83,80,81,78,77,73,74,73,53,70,66,66,62,63,62,60,57,56,54,53,51,49,49,47,46,44,42,39,38,36,35,33,31,29,27,25,23,21,19,17,15,13,10,10,8,6,4,2,0,0,0,0,0,0,0,2,4,6,8,10,12,14,16,18,19,22,24,26,28,30,32,34,36,38,40,42,43,45,47,49,51,52,55,56,56,58,59,60,61,62,63,63,65,67,69,70,72,71,75,74,77,77,79,80,82,84,85,85,86,88,89,91,90,91,94,94,96,97,98,100,101,103,102,104,107,0,108,108,111,111,113,115,114,117,117,120,119,123,124,125,124,128,131,133,133,132,136,137,109,139,138,137,142,139,145,143,145,148,137,148,150,148,148,155,149,153,150,152,156,139,158,155,159,161,162,164,162,152,164,154,167,166,144,155,173,174,171,155,178,173,170,179,180,146,173,178,183,161,168,186,182,183,190,180,187,148,184,193,175,180,186,185,197,160,185,187,198,200,171,205,194,199,183,151,209,180,144,196,208,212,194,205,180,211,174,167,214,217,212,208,201,220,214,188,167,223,200,217,159,209,227,224,227,195,228,224,219,210,226,226,189,158,186,210,157,231,194,197,177,194,205,185,238,187,233,189,235,235,202,236,217,227,184,193,235,168,183,206,239,199,206,237,211,161,232,157,188,220,190,201,163,172,191,180,197,187,170,200,244,202,244,204,158,207,162,148,243,217,192,231,202,241,187,169,178,156,242,203,206,151,178,239,240,237,164,162,196,234,154,230,191,150,174,214,162,229,230,226,157,160,210,172,183,165,173,170,142,220,142,160,213,159,209,169,191,214,173,179,135,204,172,203,158,167,147,125,124,197,190,191,191,155,182,175,192,159,192,189,139,147,177
167,153,116,179,185,172,181,173,138,168,146,140,140,173,138,107,171,165,170,169,131,108,117,166,148,102,138,114,114,138,127,157,156,92,153,141,0,152,120,150,143,149,151,129,143,155,154,154,157,155,157,143,143,157,148,159,156,153,157,118,119,154,155,153,141,157,159,134,156,154,158,156,159,159,155,159,123,158,158,149,151,156,160,160,149,160,159,160,158,135,157,137,145,156,156,155,153,152,112,142,149,150,148,144,138,139,147,110,144,144,139,138,138,142,136,139,135,135,136,134,128,127,129,129,125,125,125,123,121,121,123,120,119,119,115,116,114,114,111,109,109,107,105,103,102,102,102,102,100,98,98,97,95,91,90,91,90,88,85,85,82,83,80,79,75,77,75,55,72,68,68,64,65,64,62,59,58,56,55,53,51,51,49,48,46,44,41,40,38,37,35,33,31,29,27,25,23,21,19,17,15,12,12,10,8,6,4,2,0,0,0,0,0,0,0,2,4,6,8,10,12,14,16,17,20,22,24,26,28,30,32,34,36,38,40,41,43,44,46,48,49,52,53,53,55,56,57,58,60,61,61,63,65,67,68,70,69,73,72,75,75,77,78,80,82,83,83,84,86,87,89,88,89,92,92,94,95,96,98,99,100,100,102,105,103,106,106,109,108,110,111,110,113,113,116,115,119,120,121,120,124,127,128,128,127,131,132,104,134,133,132,136,133,139,137,139,142,130,141,143,140,141,147,141,145,142,144,148,132,149,147,151,153,154,155,154,143,155,146,158,156,136,147,163,164,161,145,168,163,160,169,169,136,163,167,171,151,156,175,171,172,179,167,174,136,170,178,160,164,168,168,179,141,166,166,177,177,148,181,170,174,157,126,181,153,115,168,178,181,163,172,147,179,140,132,179,181,175,169,162,180,173,147,124,179,156,172,113,164,178,177,178,145,178,172,168,158,171,171,133,101,129,153,97,172,135,138,118,135,146,125,180,128,173,129,174,175,142,175,156,165,121,130,170,104,119,142,174,134,141,171,145,93,166,89,0,153,102,136,98,109,128,119,136,127,111,141,186,146,189,151,105,155,112,99,193,169,145,186,157,197,145,128,138,116,203,166,168,114,143,204,206,204,131,130,165,204,126,202,162,124,148,187,137,205,206,204,135,138,189,153,164,148,158,156,128,207,128,148,202,149,199,162,183,208,167,176,132,201,170,200,156,165,145,124,123,194,188,188,189,154,179,174,191,159,191,189,139,147,178
197,183,145,208,215,202,211,203,168,197,174,169,170,202,166,0,202,199,206,205,167,145,156,206,187,144,181,157,158,183,174,206,205,148,204,190,196,203,169,201,194,197,200,178,193,205,203,202,207,204,205,191,190,203,195,203,200,196,198,156,156,192,192,189,175,190,193,166,188,184,186,185,186,185,179,184,148,180,180,169,172,177,178,179,166,176,174,174,171,149,169,149,155,165,166,163,160,162,119,149,157,157,154,150,144,146,154,114,150,151,144,143,142,147,140,144,140,140,140,139,132,132,132,132,128,128,128,126,125,123,125,123,121,121,117,117,117,116,113,111,111,109,107,105,104,104,104,104,102,100,100,99,97,93,92,93,92,90,86,87,84,85,82,81,77,79,77,56,74,70,70,66,67,66,64,61,60,58,57,55,53,53,51,50,48,46,42,42,40,39,37,35,33,31,29,27,25,23,21,19,17,13,14,12,10,8,6,4,2,0,0,0,0,0,0,0,2,4,6,8,10,12,14,15,18,20,22,24,26,28,30,32,34,36,38,39,41,43,45,47,48,51,52,52,54,55,56,57,59,60,60,62,64,66,67,68,67,71,0,73,73,75,76,78,80,81,81,82,84,85,87,86,87,90,90,92,93,94,96,97,99,99,101,104,102,105,105,108,108,110,112,111,114,114,117,116,120,121,122,121,125,128,130,130,129,133,134,106,136,135,134,139,136,142,140,142,145,136,145,147,145,145,152,146,150,147,149,153,138,155,152,156,158,159,161,159,149,161,151,164,163,141,154,170,171,168,152,175,170,168,176,177,146,173,175,181,159,166,184,180,183,188,178,185,149,184,191,173,179,184,185,196,160,185,187,196,199,169,203,193,199,181,153,207,181,142,196,207,211,192,203,180,211,174,165,213,215,210,206,201,218,212,186,165,221,198,215,159,207,225,222,226,193,227,222,219,211,224,224,188,158,184,210,155,230,196,199,178,198,209,189,242,193,239,195,241,243,212,244,227,239,194,205,247,181,197,222,254,215,224,254,231,181,253,177,208,241,214,223,186,196,215,207,222,213,195,225,268,227,269,228,183,232,187,175,268,242,217,258,229,268,213,196,204,184,269,231,232,176,206,267,267,264,190,188,224,261,182,257,217,178,200,240,188,256,257,254,185,186,236,200,209,191,202,197,171,249,169,187,241,186,236,199,218,243,201,209,165,234,202,232,186,196,177,155,154,226,220,219,220,185,210,205,222,190,222,219,170,176,208
227,213,175,238,245,232,240,233,197,227,204,200,200,232,197,167,231,227,232,231,194,171,180,230,210,166,202,178,178,202,192,223,221,163,219,204,210,215,180,211,203,207,208,184,198,208,205,204,208,204,205,190,189,202,194,201,199,194,196,154,154,190,190,187,173,188,191,165,186,182,184,183,184,183,177,182,146,178,178,168,170,175,176,177,164,174,172,172,169,147,167,147,154,163,164,162,159,160,116,148,155,155,152,148,142,144,152,111,148,149,142,141,140,145,138,142,138,138,138,137,130,129,130,130,125,125,125,123,123,121,122,121,118,118,114,115,114,113,110,108,108,106,105,102,101,101,101,101,99,97,97,96,94,91,89,90,89,87,84,84,81,82,79,78,74,76,74,0,71,67,68,64,65,64,62,59,58,56,55,53,51,51,49,48,46,44,41,40,38,37,36,34,32,30,28,26,24,22,20,18,15,0,13,12,10,9,7,6,4,2,0,0,0,0,0,0,0,2,4,6,8,10,12,13,16,18,20,22,24,26,28,30,32,34,36,38,40,42,44,46,47,50,51,51,53,54,55,56,58,59,59,61,63,65,66,68,67,71,70,73,73,75,75,78,80,81,81,82,84,85,87,86,87,90,90,92,93,94,96,97,99,99,101,104,102,105,105,108,108,110,112,111,114,113,117,116,120,120,122,121,125,128,130,130,130,133,134,105,136,135,134,139,136,142,140,142,145,136,145,147,146,145,152,146,150,147,149,153,138,155,152,156,158,159,161,159,149,161,151,164,163,140,154,170,171,168,152,175,170,169,176,177,145,173,175,181,158,167,184,180,183,188,179,185,149,185,191,174,179,185,186,197,161,186,188,197,200,170,204,194,200,182,153,209,182,142,198,208,212,194,205,182,213,176,167,215,217,212,208,203,220,214,188,167,223,199,219,161,209,227,225,228,195,230,225,222,213,227,226,189,161,186,213,156,233,198,201,181,200,211,190,245,195,241,197,244,247,214,248,230,241,197,207,250,184,199,225,257,217,227,257,233,184,256,179,212,244,217,227,188,198,218,210,225,218,199,230,275,234,276,238,191,241,198,186,279,255,231,272,244,283,229,213,222,201,288,250,251,197,227,288,290,288,213,214,249,287,209,283,242,204,226,265,215,282,283,280,210,211,262,225,235,218,227,224,197,274,196,214,267,213,262,225,244,270,227,236,192,260,229,260,214,224,205,182,182,254,247,247,249,213,238,234,250,219,251,248,199,206,237
202,189,153,216,222,211,220,213,180,208,186,184,185,217,182,152,218,214,220,220,182,160,171,221,202,159,197,173,173,199,187,219,218,160,216,200,206,212,176,207,199,204,204,182,195,206,204,203,206,203,204,189,188,202,193,201,198,194,197,153,154,191,191,189,175,190,193,167,187,184,187,185,186,186,180,184,148,181,181,170,173,177,179,180,167,177,175,175,172,150,170,150,156,166,167,165,162,163,117,151,158,159,156,152,146,148,156,113,152,153,146,145,144,149,142,146,142,142,142,141,134,133,134,134,130,130,130,128,127,125,127,125,123,123,119,119,119,118,115,113,113,111,109,106,106,106,106,106,104,102,102,101,99,95,94,95,94,92,88,89,86,87,84,83,79,81,79,58,76,71,72,68,69,68,66,63,62,60,59,57,55,55,53,53,51,49,45,45,43,42,40,38,36,34,32,30,28,26,24,22,20,16,17,15,13,11,9,8,6,4,2,0,0,0,0,0,0,0,2,4,6,8,10,10,13,15,17,19,21,23,25,27,29,31,33,35,37,39,41,43,44,47,48,49,51,51,53,54,56,57,57,59,61,63,64,66,65,69,69,71,71,73,74,76,78,79,79,80,82,83,85,84,85,88,88,90,91,92,94,95,97,97,99,102,101,103,103,106,106,108,110,109,112,112,115,114,118,119,120,119,123,126,128,128,128,131,132,103,134,133,132,137,134,140,138,140,143,136,143,145,144,143,150,144,148,145,147,151,138,153,150,154,156,157,159,157,147,159,149,162,161,138,154,167,168,165,149,172,167,166,173,174,144,172,173,178,155,162,179,174,178,180,170,175,140,175,179,160,165,169,170,179,144,168,168,175,178,147,179,168,176,155,127,181,155,112,169,177,179,160,170,148,178,141,129,177,178,172,167,162,176,169,142,117,175,150,0,114,161,178,177,180,146,182,177,176,167,180,181,143,117,141,169,111,188,154,157,136,156,167,145,200,152,197,152,200,203,172,205,188,201,154,166,208,141,157,184,215,176,186,215,193,143,216,138,141,203,177,186,147,157,177,170,184,178,158,189,234,193,236,197,150,201,157,148,239,214,191,233,204,244,189,174,182,162,247,209,209,153,184,245,245,243,166,164,201,239,160,235,192,156,177,215,165,234,234,231,162,162,211,176,184,167,178,174,149,226,0,166,220,165,215,180,199,227,184,194,151,220,189,221,175,186,169,147,148,219,213,213,216,182,206,203,220,191,222,221,173,178,212
164,150,112,175,182,169,177,170,134,162,138,136,136,168,130,99,166,161,166,165,123,100,112,162,140,98,134,109,108,133,122,153,151,91,149,131,119,146,0,144,137,142,145,122,137,149,148,148,153,151,153,138,138,153,145,154,152,149,153,109,111,150,152,149,137,153,156,132,154,152,155,154,156,157,152,156,122,155,155,146,149,155,157,159,147,158,157,157,156,134,155,136,144,153,156,154,152,154,108,144,152,153,152,148,142,144,152,109,149,149,143,142,142,147,140,144,140,141,141,140,133,133,134,134,130,131,130,129,126,125,128,124,124,124,120,118,120,119,116,114,114,112,109,107,107,107,107,107,105,102,103,102,100,95,95,96,95,93,89,90,87,88,85,84,80,82,80,59,77,72,73,69,70,69,67,64,63,61,60,58,56,56,54,54,51,51,46,47,45,44,42,40,38,36,34,32,30,28,26,24,22,18,19,17,15,13,11,10,8,6,4,2,0,0,0,0,0,0,0,2,4,6,8,10,12,14,16,18,20,22,24,26,28,30,32,34,36,38,40,42,43,46,47,48,50,50,52,53,55,56,56,58,60,62,63,65,64,68,68,71,70,72,73,75,77,78,78,79,81,82,83,83,84,87,87,89,90,91,93,94,96,96,98,101,100,102,102,105,104,106,108,107,110,110,113,112,116,117,118,117,122,124,125,126,125,128,129,100,131,130,130,135,132,138,136,138,141,135,141,143,141,141,148,142,146,143,145,149,136,151,148,152,154,155,157,155,144,157,147,160,159,136,153,166,167,164,148,170,166,163,172,172,143,171,170,176,153,161,179,174,180,182,172,179,146,181,185,167,173,178,181,189,157,181,183,190,192,163,196,186,195,174,148,201,177,134,192,200,203,186,196,176,206,169,158,205,207,201,196,193,206,200,174,151,207,183,201,146,191,207,204,206,173,205,200,199,189,200,200,160,135,158,184,126,202,168,171,147,168,179,153,209,161,203,159,204,205,175,205,187,200,153,163,204,137,152,179,209,168,179,207,184,134,206,125,159,189,164,170,131,141,160,153,166,159,138,168,212,171,212,172,126,175,131,120,211,185,160,202,174,212,155,140,146,127,212,174,173,116,149,210,210,207,130,129,166,203,125,199,156,119,140,179,127,197,197,194,120,0,176,143,151,134,148,145,119,198,118,135,193,136,187,154,172,200,157,168,122,194,163,194,147,161,142,120,121,193,187,184,187,152,174,172,189,157,189,186,137,141,175
226,213,175,237,244,231,239,232,197,224,201,200,200,232,194,165,231,226,231,230,190,167,179,229,207,165,202,178,177,202,191,222,221,163,219,201,208,215,177,210,202,206,207,184,197,208,205,203,208,204,204,190,189,202,194,201,198,194,196,0,137,190,190,188,176,191,195,170,190,188,190,189,190,189,183,188,152,184,183,173,176,180,182,182,170,180,178,178,175,153,173,153,159,169,170,167,164,166,116,152,161,161,158,153,147,150,158,112,155,155,147,148,146,152,145,149,144,145,145,144,136,136,136,137,133,133,133,131,130,128,130,128,126,126,122,121,122,121,119,117,117,115,112,108,110,110,110,110,108,105,106,105,103,98,98,99,98,96,92,93,90,91,88,86,82,85,83,62,80,75,76,72,73,72,70,67,66,64,63,61,59,59,57,57,54,53,48,49,47,46,44,42,40,38,36,34,32,30,28,26,24,20,21,19,17,15,13,12,10,8,6,4,2,0,0,0,0,0,0,0,2,4,6,8,10,12,14,16,18,20,22,24,26,28,30,32,34,36,38,40,41,44,45,46,48,49,50,51,53,54,54,56,58,60,61,63,62,66,67,69,68,70,71,73,75,76,76,77,80,80,82,81,82,85,85,87,88,89,91,92,94,94,96,99,98,100,100,103,104,105,107,106,109,109,112,111,115,116,118,116,121,123,125,126,125,128,129,100,131,130,130,135,132,138,136,138,141,136,141,143,142,141,148,142,146,143,146,149,138,152,149,153,155,156,158,156,146,158,148,161,160,137,155,167,168,165,149,172,167,166,173,174,146,174,173,178,155,0,181,176,183,185,177,182,150,186,188,171,177,183,186,194,162,186,188,194,198,167,201,191,200,179,154,206,183,139,198,206,209,191,203,183,211,176,164,212,214,209,206,203,217,212,185,164,220,197,218,162,206,224,222,226,192,227,223,220,213,225,224,186,162,183,213,153,231,198,201,178,200,211,187,242,195,239,194,242,244,214,245,227,241,194,204,248,181,196,225,255,215,227,255,233,185,256,176,212,242,217,224,186,196,216,210,223,218,197,228,273,232,273,235,189,239,196,187,277,253,228,272,244,282,226,214,219,202,287,250,249,194,227,288,290,288,211,212,248,286,209,282,239,204,222,261,211,281,282,279,210,211,258,224,231,214,226,223,197,273,195,210,265,209,259,224,240,269,224,235,189,259,228,259,210,223,205,182,182,253,246,244,248,213,235,233,249,219,250,247,199,203,236
179,167,130,194,200,188,198,191,158,184,161,162,163,196,157,132,197,193,199,199,158,137,150,199,177,138,173,149,149,173,162,194,192,135,191,171,179,187,148,182,174,178,178,156,168,180,177,176,180,176,177,162,161,174,166,173,170,166,169,122,122,162,163,160,146,161,164,138,158,155,157,156,157,156,150,153,117,150,147,139,141,145,147,148,134,145,143,142,139,116,137,116,123,132,133,129,126,129,0,119,128,130,129,127,122,125,134,88,133,134,129,130,130,136,130,135,133,135,136,136,131,132,134,135,132,133,132,132,129,127,132,128,127,128,124,121,123,123,120,118,118,116,113,110,111,111,111,111,109,106,107,104,104,99,99,100,99,98,94,95,92,93,90,88,84,87,85,64,82,77,78,74,75,74,72,69,68,66,65,63,61,61,59,59,56,55,50,51,49,48,46,44,42,40,38,36,34,32,30,28,26,22,23,21,19,17,15,14,12,10,8,6,4,2,0,0,0,0,0,0,0,2,4,6,8,10,12,14,16,18,20,22,24,26,28,30,32,34,36,38,39,42,43,44,46,47,48,49,51,52,52,54,56,58,59,61,60,64,65,67,66,68,69,71,73,74,74,75,78,78,80,79,80,83,83,85,86,87,89,91,92,92,94,97,96,98,98,101,102,103,106,105,108,108,111,110,114,115,117,115,120,121,123,124,123,126,127,97,129,128,127,132,129,135,133,135,136,133,137,139,138,137,144,138,142,139,141,145,134,147,144,148,150,151,153,151,140,153,143,156,155,132,151,162,163,160,144,166,162,160,168,168,141,169,167,172,149,159,175,170,177,178,168,175,144,179,181,163,169,174,178,185,155,178,180,186,188,159,192,182,192,170,146,197,175,130,190,196,199,182,192,174,202,167,154,201,203,197,192,190,202,196,170,147,203,179,199,144,187,203,201,202,169,202,196,195,187,196,196,156,133,154,182,121,198,166,169,143,166,177,149,206,158,199,155,200,202,172,202,184,197,148,158,199,132,147,175,204,164,175,202,180,131,202,120,156,185,161,166,127,136,155,149,161,155,133,164,207,166,208,168,121,170,126,117,206,180,155,199,169,205,150,136,141,123,205,169,166,109,143,204,204,201,122,0,159,197,119,195,151,116,137,176,127,199,201,199,130,132,180,147,155,138,151,149,123,201,122,139,196,139,189,157,173,203,159,171,124,197,166,198,149,164,146,124,125,196,191,188,194,160,181,181,199,168,200,198,150,154,189
232,219,181,242,250,237,245,238,202,228,204,205,206,236,197,172,235,231,237,236,194,171,185,235,211,172,208,184,183,208,197,228,227,169,225,205,212,221,183,216,208,211,213,190,204,215,212,210,215,211,211,197,196,209,201,208,205,201,203,156,155,196,196,193,180,195,198,172,192,189,190,190,191,190,184,189,153,185,182,173,177,181,183,183,171,180,179,179,176,154,174,154,159,170,171,167,164,167,117,153,162,162,159,154,148,151,159,110,156,156,148,149,147,153,146,150,145,146,146,145,137,137,137,138,134,134,134,132,131,129,131,129,127,127,123,121,123,122,120,118,118,116,113,0,111,111,111,112,110,107,108,106,105,100,100,101,100,98,94,95,92,93,90,88,84,87,85,64,82,77,78,74,75,74,72,69,68,66,65,63,62,62,60,60,57,56,51,52,50,50,48,46,44,42,40,38,36,34,32,30,28,24,25,23,21,19,17,16,14,12,10,8,6,4,2,0,0,0,0,0,0,0,2,4,6,8,10,12,14,16,18,20,22,24,26,28,30,32,34,36,37,40,41,42,44,45,46,47,49,50,50,52,54,56,57,59,58,62,63,65,64,66,67,69,70,71,71,0,75,75,77,76,77,80,80,82,83,84,86,88,89,89,91,94,93,95,95,98,99,100,103,102,105,105,108,107,111,113,115,112,118,120,122,123,122,125,126,96,128,127,128,132,129,135,133,135,138,133,138,140,139,138,145,139,143,140,144,146,137,149,148,150,153,154,156,155,144,156,146,159,158,135,155,165,166,163,147,170,165,164,171,172,146,174,171,176,153,165,179,175,181,183,175,180,150,186,186,169,175,181,186,192,162,186,188,192,196,165,199,189,200,177,154,204,183,137,198,204,207,189,201,184,209,176,162,210,212,207,204,203,215,210,183,162,218,195,218,162,204,222,220,224,190,225,221,218,213,223,222,184,162,181,212,150,229,198,201,176,200,212,185,240,195,237,192,240,242,214,243,225,241,192,202,246,178,194,225,253,213,227,253,233,185,255,173,212,240,218,222,184,193,214,210,221,218,195,226,271,230,272,233,187,237,193,187,275,251,226,272,244,280,225,214,217,203,285,250,248,191,228,288,289,287,210,212,249,287,211,284,243,208,225,266,215,286,287,285,216,217,263,230,236,218,232,228,203,279,201,214,270,213,263,230,245,275,228,241,193,265,234,264,214,229,211,188,188,259,252,248,253,219,239,239,255,225,256,253,205,207,242
191,178,140,203,209,196,205,197,162,187,164,164,165,197,156,132,196,190,196,195,152,128,144,193,168,131,166,142,141,166,155,186,185,127,183,163,169,179,140,174,166,170,171,148,161,172,170,167,172,168,168,154,153,166,158,165,162,158,160,111,109,153,153,149,136,152,154,128,148,145,146,145,146,145,139,142,106,138,0,129,125,137,141,142,131,142,142,143,142,119,141,122,130,141,144,142,140,142,82,131,141,142,141,137,132,136,145,90,143,144,138,140,139,146,140,145,141,143,143,142,134,134,0,135,130,131,131,131,131,129,132,130,128,128,124,121,124,123,122,120,120,118,115,111,112,113,112,113,111,107,109,107,106,101,101,102,101,100,96,97,94,95,92,89,86,89,87,66,84,79,80,76,77,76,74,71,70,68,67,65,64,64,62,62,59,58,53,54,52,52,50,48,46,44,42,40,38,36,34,32,30,26,27,25,23,21,19,18,16,14,12,10,8,6,4,2,0,0,0,0,0,0,0,2,4,6,8,10,12,14,16,18,20,22,24,26,28,30,32,34,35,38,40,41,43,44,45,46,48,49,49,51,53,55,56,58,57,61,62,64,63,65,66,68,70,71,71,72,75,75,77,76,77,80,80,81,83,83,86,88,89,89,91,94,93,95,95,98,99,100,103,102,105,105,108,107,111,113,115,112,118,119,121,122,121,124,125,94,127,126,126,131,128,134,132,134,135,132,136,139,138,137,144,138,142,139,141,145,135,147,144,148,150,151,153,151,141,153,143,156,155,132,153,162,163,160,144,167,162,161,168,169,144,171,168,173,149,162,176,171,178,180,171,177,148,182,183,165,171,177,182,188,159,182,184,188,192,161,195,185,194,173,151,199,180,132,194,200,203,184,196,180,204,171,157,205,207,202,199,197,210,205,178,157,213,189,214,158,199,217,215,219,185,220,215,213,209,217,217,178,157,176,208,144,223,193,197,170,196,208,179,235,190,232,187,234,236,209,237,220,235,186,197,240,172,189,219,247,208,221,247,228,180,248,168,207,234,214,215,176,186,204,201,212,207,183,215,258,217,258,218,171,222,176,171,258,232,207,253,223,259,203,192,194,180,260,225,222,164,202,259,259,259,179,182,218,256,179,252,208,174,190,229,178,251,252,248,180,181,225,194,198,181,196,192,167,243,164,177,232,176,226,193,207,237,191,203,154,228,196,227,176,190,172,150,149,220,213,209,215,180,199,199,216,185,216,213,165,166,202
175,162,126,189,195,184,194,187,153,177,154,158,159,191,150,129,192,189,195,196,151,129,147,196,171,136,172,147,149,174,163,196,195,138,195,173,181,193,155,189,181,186,189,167,180,193,191,190,195,192,193,180,179,194,186,195,192,189,193,147,145,189,190,187,174,189,192,166,186,184,185,184,186,185,180,184,148,181,177,169,173,177,179,179,168,176,176,176,173,151,171,151,156,167,169,165,163,165,115,152,160,161,158,153,147,150,158,109,155,155,147,148,146,152,145,149,144,146,146,145,137,138,138,139,136,135,135,134,132,131,133,130,129,128,125,120,124,124,122,120,120,118,115,111,112,113,112,113,111,108,109,106,106,101,101,102,101,100,97,98,95,96,93,91,88,91,89,68,86,81,82,78,79,78,76,73,72,70,69,67,66,66,64,64,61,60,55,56,54,54,52,50,48,46,44,42,40,38,36,34,32,28,29,27,25,23,21,20,18,16,14,12,10,8,6,4,2,0,0,0,0,0,0,0,2,4,6,8,10,12,14,16,18,20,22,24,26,28,30,32,33,36,38,39,41,42,43,44,46,47,47,49,51,53,54,56,55,59,60,62,61,63,64,66,67,68,0,69,71,72,74,73,74,77,77,79,80,81,83,85,86,86,88,91,91,92,92,95,94,96,99,98,101,101,104,103,107,108,110,108,113,115,117,118,117,120,121,90,123,122,123,127,123,130,127,130,133,128,133,134,134,133,140,134,138,135,139,141,134,143,142,145,147,148,150,150,136,150,140,153,152,130,151,159,160,157,141,164,159,157,165,166,141,167,165,169,145,159,172,167,174,175,166,172,145,177,178,160,167,172,178,182,156,178,180,183,187,156,189,180,190,167,148,194,175,127,190,194,197,179,190,175,198,166,149,196,198,192,188,187,197,192,166,142,198,174,197,143,182,198,196,199,164,198,193,190,186,193,192,152,132,149,181,115,194,164,167,138,164,175,144,200,156,195,149,196,196,171,196,178,193,141,152,194,126,141,173,199,159,172,196,178,128,196,113,153,179,158,159,120,129,148,146,155,152,127,157,200,160,201,160,113,163,117,113,199,173,147,194,164,199,142,132,133,119,198,164,159,100,138,197,197,196,114,118,155,191,113,187,0,108,125,164,115,190,192,190,123,124,169,140,144,127,145,142,116,194,114,127,186,128,180,151,165,197,150,164,115,190,160,191,140,158,140,119,119,191,184,180,188,155,173,176,194,163,195,194,145,146,185
185,173,136,199,206,194,204,197,162,187,164,167,169,200,159,139,201,197,204,204,159,137,155,204,179,145,180,157,157,182,172,204,203,148,203,180,187,199,161,194,186,189,191,169,181,193,191,188,193,190,189,176,175,188,180,187,184,181,183,137,133,177,178,174,161,176,179,153,173,171,173,171,173,172,167,171,135,168,165,157,160,164,166,166,154,162,162,162,159,137,158,137,143,153,155,152,150,151,101,139,146,148,145,140,134,137,145,0,142,143,137,138,138,145,139,144,141,144,145,144,137,137,138,139,135,135,135,133,132,131,133,131,129,129,125,119,124,124,122,121,120,119,115,112,113,114,113,114,112,109,110,109,107,103,103,104,103,102,98,99,96,97,94,91,89,92,90,69,87,81,83,79,80,79,77,74,73,71,70,68,67,67,65,65,62,61,56,57,55,55,53,51,49,47,45,43,41,39,37,35,33,29,30,28,26,23,23,22,20,18,16,14,12,10,8,6,4,2,0,0,0,0,0,0,0,2,4,6,8,10,12,14,16,18,20,22,24,26,28,30,31,34,36,38,40,42,43,44,46,47,47,49,51,53,54,56,55,59,60,62,61,63,64,66,68,69,69,70,73,73,75,74,75,78,78,80,81,82,84,86,86,87,89,92,92,92,93,96,97,96,100,99,102,102,105,104,108,110,112,109,115,117,119,120,119,122,123,91,125,124,125,128,125,131,129,131,133,127,133,135,134,133,140,134,136,135,138,141,133,142,141,144,146,147,148,148,136,148,139,151,151,128,148,156,157,155,139,161,157,155,161,162,140,164,162,167,142,158,170,164,171,172,164,169,142,175,175,156,163,168,174,177,148,171,172,174,177,145,178,167,178,154,133,180,161,109,173,177,178,159,171,156,178,146,128,176,178,172,167,166,176,171,143,120,177,152,177,121,160,175,174,176,141,175,169,167,163,169,168,126,107,124,156,89,169,139,142,113,139,151,117,175,131,169,123,170,170,145,170,151,166,115,125,167,98,114,146,171,130,145,168,149,100,166,83,123,148,127,128,87,97,0,117,127,125,100,132,177,137,180,141,93,146,101,99,184,160,135,183,156,190,135,127,128,116,196,164,159,102,142,200,202,203,120,128,165,203,128,201,158,125,140,179,130,204,205,204,136,138,182,153,156,140,158,155,130,207,128,141,199,142,193,163,177,209,162,177,126,203,172,203,152,170,152,131,131,203,195,191,199,166,183,187,204,174,206,204,156,157,195
234,221,183,244,252,239,247,240,204,227,203,207,208,238,196,175,237,232,238,237,193,168,187,237,209,174,210,185,185,210,199,230,229,171,227,204,210,223,184,218,209,213,215,192,206,217,214,211,217,213,212,199,198,211,203,210,207,203,205,158,0,199,198,195,184,198,202,176,194,193,194,194,195,194,188,193,157,189,185,177,181,185,187,186,175,184,183,183,180,158,178,158,162,174,174,171,168,171,121,156,166,166,164,158,152,156,164,115,161,161,152,154,151,158,151,155,149,152,152,151,142,143,143,144,140,140,140,138,137,135,137,135,133,133,129,123,129,128,126,124,124,122,119,115,116,117,116,117,115,112,113,112,110,105,105,106,105,104,100,101,98,99,96,93,91,94,92,71,89,83,85,81,82,81,79,76,75,73,72,70,69,69,67,67,64,63,58,59,57,57,55,53,51,49,47,45,43,42,40,38,36,32,33,31,29,26,25,24,22,20,18,16,14,12,10,8,6,4,2,0,0,0,0,0,0,0,2,4,6,8,10,12,14,16,18,20,22,24,26,28,29,32,34,36,38,40,41,42,44,45,45,47,49,51,52,54,53,57,58,60,59,61,63,65,67,68,68,70,72,72,74,73,74,77,77,79,80,81,83,85,86,86,88,91,91,92,92,95,96,97,100,99,102,102,105,104,108,110,112,109,115,117,119,120,119,122,123,91,125,124,125,128,126,131,0,131,134,129,134,136,135,135,141,137,139,138,140,143,136,147,145,147,150,151,153,153,141,153,144,156,156,133,154,162,163,160,144,167,162,162,168,169,147,171,169,173,149,166,176,173,178,180,173,178,152,183,183,166,173,179,186,190,163,185,188,190,194,162,197,186,197,174,156,202,184,132,198,202,205,186,199,185,207,176,159,208,210,205,202,201,213,209,182,159,217,192,220,165,203,221,219,223,189,224,220,217,215,222,221,181,165,180,214,147,228,199,203,175,202,214,182,239,196,236,191,239,241,215,242,224,239,190,201,245,177,193,226,252,212,228,252,234,188,253,172,215,239,221,221,181,192,212,212,220,220,193,225,270,229,270,232,184,236,192,190,274,250,225,274,245,279,224,217,216,206,284,251,247,190,230,286,287,288,207,215,251,289,214,286,243,211,224,264,214,288,289,286,218,219,261,231,234,217,234,230,206,280,202,213,268,212,262,232,243,276,227,242,191,266,236,266,213,230,213,190,190,261,250,247,255,221,237,241,256,227,258,255,207,206,243
213,201,164,227,234,222,232,225,190,213,190,195,197,228,185,167,229,226,232,232,186,162,183,233,206,173,209,184,185,209,198,230,228,172,227,202,210,223,185,218,209,213,215,193,205,217,215,212,217,214,213,200,199,212,204,211,208,204,207,161,158,201,201,198,185,199,203,177,196,194,195,194,196,195,189,194,159,190,186,178,182,186,188,188,176,185,184,184,181,160,179,159,163,175,176,173,170,172,123,158,167,168,164,159,153,157,165,116,162,162,153,154,152,159,151,156,150,153,153,152,143,143,144,144,141,141,141,139,138,136,137,136,134,134,130,122,130,129,127,125,125,123,120,116,117,118,117,118,116,113,114,113,111,106,106,107,106,105,101,102,99,100,97,94,92,94,93,72,90,84,86,82,83,82,80,77,76,74,73,71,70,70,68,68,65,64,59,60,58,58,56,54,52,50,48,46,44,43,41,39,37,33,34,32,30,27,26,25,23,21,19,17,15,13,10,10,8,6,4,2,0,0,0,0,0,0,0,2,4,6,8,10,12,14,16,18,20,22,24,26,27,30,32,34,36,38,39,40,42,43,43,45,47,49,50,52,51,55,56,58,57,59,61,63,65,66,66,68,70,70,72,71,72,75,75,77,78,79,81,83,83,0,85,88,88,89,89,92,93,94,97,96,99,99,102,101,105,107,109,106,112,114,116,117,117,120,120,88,123,122,123,127,124,130,128,129,132,127,132,134,134,133,139,135,137,136,139,141,135,145,144,146,149,151,153,153,140,153,143,155,156,133,153,161,162,160,143,167,162,161,167,168,148,171,168,173,148,166,176,172,178,180,172,177,152,183,183,165,173,178,185,189,164,185,188,189,193,162,196,186,197,174,157,201,185,131,198,201,204,185,198,186,206,177,158,207,209,204,201,200,212,207,181,158,215,190,218,165,201,219,217,221,187,222,217,215,214,219,219,179,164,178,213,145,225,199,203,173,202,213,180,237,196,234,189,236,238,215,239,222,238,186,197,240,171,187,221,244,205,220,242,226,178,242,160,203,225,208,206,165,176,195,195,202,202,173,205,249,207,249,209,160,212,165,165,248,222,197,245,216,249,192,186,183,173,250,217,211,153,194,249,250,250,166,175,210,247,171,244,200,166,178,218,166,243,243,239,171,173,214,185,186,168,187,182,159,235,0,166,224,165,218,189,201,236,186,202,151,229,199,230,177,196,179,157,158,229,220,216,226,193,209,214,232,201,233,232,184,183,223
186,173,135,195,203,190,198,191,156,177,154,160,160,190,147,127,188,185,190,189,143,0,141,190,162,130,167,142,143,169,157,188,190,133,189,165,172,188,150,184,176,180,183,161,175,189,187,184,191,188,188,176,175,190,182,191,187,186,188,144,140,185,186,183,173,188,191,167,186,185,188,187,189,189,184,188,152,185,181,173,177,180,183,182,172,180,180,180,177,155,175,155,158,171,171,169,166,168,119,154,164,164,161,156,150,154,162,114,159,159,150,152,149,156,150,153,148,151,151,150,142,142,143,144,141,141,141,139,137,135,137,135,134,134,130,121,130,129,126,126,125,124,120,116,119,120,119,120,118,115,115,115,113,107,108,109,108,107,102,104,101,102,99,96,93,97,96,75,93,86,89,85,86,85,83,79,79,77,76,74,73,73,71,70,68,67,61,63,61,61,59,57,55,53,51,49,47,46,44,42,40,36,37,35,33,30,29,28,26,24,22,20,18,16,13,12,10,8,6,4,2,0,0,0,0,0,0,0,2,4,6,8,10,12,14,16,18,20,22,24,24,27,29,31,33,35,36,37,39,40,40,42,44,46,48,50,49,53,54,56,55,57,59,61,63,64,65,66,68,68,70,70,71,74,74,76,77,78,80,82,83,83,85,88,88,89,89,92,93,94,96,96,99,99,102,101,105,107,109,106,112,114,116,116,116,119,120,88,122,121,123,126,124,129,128,129,132,127,131,134,133,133,139,135,137,136,139,141,134,144,143,145,146,147,147,147,133,145,134,146,145,121,142,148,149,145,128,150,144,143,148,148,127,148,145,148,123,141,148,144,148,149,141,145,121,148,148,129,135,140,146,148,122,141,142,143,145,112,146,134,145,120,101,146,129,0,142,146,149,130,143,131,151,122,102,152,155,150,147,147,159,154,128,104,163,139,166,112,150,168,166,170,136,171,167,165,165,169,170,128,115,128,164,95,177,150,154,124,153,166,130,188,148,186,140,188,190,168,192,175,192,141,152,196,127,144,179,203,164,181,203,188,141,206,124,168,191,174,173,133,144,163,165,172,173,145,178,222,181,224,184,136,189,144,144,227,202,177,227,199,231,176,170,168,160,236,205,199,142,183,239,240,241,158,169,204,242,168,239,197,165,176,216,166,242,242,240,173,173,214,186,186,169,188,182,160,235,155,165,222,164,215,186,196,231,180,196,142,221,189,219,166,184,167,145,144,214,203,199,207,175,189,194,210,180,211,208,160,157,195
212,200,163,225,232,220,230,223,188,210,187,194,196,225,182,165,227,222,228,228,181,156,179,227,197,165,201,176,177,201,189,219,219,163,218,192,199,215,176,209,200,204,206,184,196,209,207,203,208,206,204,192,191,204,196,203,199,196,198,153,149,192,191,188,177,192,194,169,187,187,187,188,189,188,183,187,151,184,179,171,175,178,182,180,170,178,178,178,175,153,173,153,154,169,169,167,164,166,117,151,160,162,158,153,146,151,159,111,156,156,146,149,146,153,147,150,145,148,148,147,139,139,142,143,139,140,139,137,136,134,136,134,133,133,129,118,129,128,125,125,124,123,119,114,118,118,118,119,117,114,114,114,112,106,108,108,108,107,102,104,101,102,99,96,91,97,95,75,93,85,89,85,86,85,83,80,80,78,77,76,75,75,73,72,70,69,63,65,63,63,61,59,57,55,53,51,49,48,46,44,42,38,39,37,35,32,31,30,28,26,24,22,20,18,15,14,12,10,8,6,4,2,0,0,0,0,0,0,0,2,4,6,8,10,12,14,16,18,20,22,24,26,28,30,32,34,35,36,38,39,39,41,43,45,47,49,48,52,53,55,54,56,58,60,62,63,64,65,67,67,69,69,70,72,73,75,76,77,79,81,81,83,84,87,87,88,88,91,92,93,95,95,98,98,101,100,104,106,108,105,110,112,114,114,115,118,118,86,121,120,121,125,122,128,126,127,130,125,129,132,132,131,137,133,134,133,137,137,131,139,137,139,140,140,140,139,125,138,126,138,138,113,134,140,141,138,120,143,137,136,140,139,120,140,137,140,114,133,140,136,140,141,133,137,112,139,139,119,127,131,137,139,113,132,133,135,137,103,138,126,136,112,95,137,120,52,130,134,135,0,127,111,134,106,85,136,139,135,132,131,144,139,113,89,148,0,150,98,134,152,150,154,121,156,152,150,150,154,155,112,100,113,150,77,162,135,139,108,138,151,114,173,133,171,125,174,176,154,178,161,177,126,138,182,112,129,165,189,150,168,190,175,128,192,110,156,178,162,160,119,130,151,154,160,162,132,166,210,170,211,172,124,176,131,133,215,191,166,217,188,221,165,160,158,149,226,195,188,131,172,228,229,231,148,160,196,234,159,232,188,156,168,207,157,235,236,234,167,169,209,182,182,167,187,181,161,235,157,167,223,167,218,191,200,236,186,203,150,229,199,229,176,195,180,158,159,229,217,215,223,193,206,213,229,201,232,230,184,180,220
236,223,187,246,253,241,249,242,207,226,202,211,212,239,195,179,239,235,241,240,191,166,191,238,207,177,214,187,189,214,200,230,232,175,230,203,209,226,188,220,210,215,217,195,208,221,218,214,218,217,216,203,202,215,207,214,209,207,208,164,160,203,203,197,189,203,205,181,198,198,197,199,200,199,193,198,161,194,189,180,186,188,192,191,180,188,188,188,185,163,183,162,163,179,179,175,172,176,127,160,170,171,167,161,155,160,168,120,165,165,155,158,154,162,155,159,152,156,156,154,145,146,148,149,146,146,146,144,142,140,141,140,139,139,135,122,135,134,131,130,130,128,124,119,122,123,122,123,121,118,117,118,116,110,111,112,111,110,105,107,104,105,102,99,95,99,98,77,95,87,91,87,88,87,85,81,81,80,79,77,76,76,74,74,72,71,65,67,65,65,63,61,59,57,55,53,51,50,48,46,44,40,41,39,37,34,33,32,30,28,26,24,22,20,17,16,14,12,10,8,6,4,2,0,0,0,0,0,0,0,2,4,6,8,10,12,14,16,18,20,22,24,26,28,30,32,33,34,36,37,37,39,41,43,45,47,46,50,51,53,52,54,56,58,60,61,62,63,65,64,66,66,0,69,69,71,72,73,75,77,78,79,80,83,83,84,84,87,88,89,92,91,94,94,97,96,100,102,104,101,107,109,111,113,112,115,115,83,118,117,119,122,120,125,124,125,128,122,128,130,130,129,135,131,133,132,135,137,131,141,140,141,144,146,148,149,136,148,139,151,151,129,149,157,158,155,139,162,157,157,162,163,146,166,164,168,144,164,171,168,173,175,168,173,151,178,178,160,168,174,181,185,162,181,184,185,189,157,192,181,193,169,155,197,183,127,194,197,200,181,194,184,202,175,153,203,205,200,197,197,207,203,176,152,210,186,211,160,193,210,207,210,175,209,204,201,201,204,203,161,148,158,197,0,208,183,188,154,187,199,162,220,181,217,172,220,222,200,223,206,222,171,183,226,157,174,211,234,195,212,234,220,174,236,153,200,221,206,203,162,173,196,197,202,205,175,207,252,211,254,214,165,219,173,177,257,233,208,260,231,262,207,203,199,193,268,237,230,172,214,270,271,273,189,203,238,275,202,273,230,199,208,248,198,276,277,275,209,210,250,224,223,207,228,222,202,276,199,206,264,206,258,232,241,278,226,244,188,268,238,266,212,233,215,194,194,262,250,246,254,224,237,242,259,230,259,257,211,204,246
233,221,184,243,250,239,246,240,203,223,198,209,209,235,191,177,236,232,238,237,188,163,188,236,203,175,211,185,187,211,197,226,229,172,227,200,205,224,186,217,208,212,214,192,205,218,215,211,216,214,212,200,199,212,204,211,207,204,206,162,158,201,200,194,186,200,202,178,195,195,194,196,197,196,190,195,159,191,187,178,183,186,189,187,177,185,185,185,182,160,180,160,160,176,176,173,170,173,125,157,167,168,164,158,152,157,165,117,162,162,152,155,151,159,153,156,150,154,153,153,143,145,146,147,144,144,144,142,140,138,140,138,137,137,133,119,133,132,129,128,128,126,122,117,121,121,121,121,120,117,0,117,116,110,112,112,112,111,106,108,105,106,103,100,96,100,99,78,96,88,92,88,89,88,86,82,82,81,80,78,77,77,75,75,73,72,66,68,66,66,65,63,61,59,57,55,53,52,50,48,46,42,43,41,39,36,35,34,32,30,28,26,24,22,19,18,16,14,12,10,8,6,4,2,0,0,0,0,0,0,0,2,4,6,8,10,12,14,16,18,20,22,24,26,28,30,31,32,34,35,35,38,40,42,44,46,45,49,50,52,51,53,55,57,59,60,61,62,64,64,66,66,67,70,70,72,73,74,76,78,79,80,81,84,84,85,85,88,89,90,93,92,95,95,98,97,101,102,105,101,108,110,112,114,113,116,116,83,119,118,119,123,120,126,125,125,128,123,128,130,128,126,132,125,127,123,126,126,119,128,124,127,127,127,127,125,110,124,103,124,124,0,121,130,131,128,112,135,130,130,136,137,120,139,138,142,117,139,145,142,147,149,142,147,126,152,153,135,143,149,156,160,137,156,159,161,165,132,168,157,168,145,131,173,159,104,170,174,177,158,171,160,178,151,129,179,181,176,173,173,184,180,153,129,188,166,191,139,174,192,190,194,160,195,191,188,190,193,193,151,140,151,189,120,200,175,179,147,178,190,153,211,172,208,163,211,213,192,215,197,214,164,174,218,150,166,203,225,185,205,225,212,165,227,146,192,212,198,194,154,166,188,189,194,196,167,199,244,203,246,206,157,211,166,170,249,225,201,252,224,254,199,195,191,186,260,230,222,164,206,262,263,265,181,196,230,266,195,265,222,191,200,239,190,268,269,268,201,203,242,216,215,199,221,213,195,269,192,199,256,199,250,225,233,270,218,235,181,263,233,261,208,229,213,191,190,259,247,242,250,222,233,240,256,227,256,254,208,202,243
176,164,128,188,196,185,195,187,153,173,148,160,162,188,145,131,192,189,195,196,146,122,150,197,165,138,176,150,152,178,165,194,198,142,198,169,175,196,158,192,184,189,192,171,184,198,197,193,199,198,196,186,185,200,192,201,196,194,197,153,150,193,193,189,182,197,200,176,193,195,193,196,198,198,192,196,160,193,188,180,185,188,192,189,180,188,188,188,185,163,184,162,162,180,179,177,174,177,130,161,172,173,170,164,157,163,170,123,168,168,157,161,157,165,158,162,155,159,158,158,147,150,151,152,149,149,149,147,145,143,145,143,142,142,138,123,138,137,134,133,133,131,127,122,125,126,125,126,124,121,120,121,119,113,114,114,114,113,108,110,107,108,105,102,98,102,101,80,98,90,94,90,91,90,88,84,84,83,82,80,79,79,77,77,75,74,68,70,68,68,67,65,63,61,59,57,55,54,52,50,48,44,45,43,41,38,37,36,34,32,30,28,26,24,21,20,18,16,14,12,10,8,6,4,2,0,0,0,0,0,0,0,2,4,6,8,10,12,14,16,18,20,22,24,26,28,29,30,32,33,33,36,38,40,42,44,43,47,48,50,49,51,53,55,57,58,59,60,62,62,64,64,66,68,68,70,71,72,74,76,77,78,79,82,82,83,83,86,87,88,91,90,93,93,96,95,99,101,103,100,106,108,110,112,110,113,113,0,116,115,117,120,118,123,122,123,126,121,126,128,128,127,133,129,131,130,133,135,129,139,138,140,143,145,147,147,134,147,137,149,150,128,147,155,156,154,137,161,156,155,161,162,146,164,163,167,141,163,170,166,172,174,166,172,151,176,177,158,166,172,179,182,161,178,181,183,186,154,190,178,189,167,153,194,182,126,190,194,197,179,191,182,199,172,150,199,202,197,194,192,205,200,173,150,208,186,211,161,194,212,210,214,180,215,210,208,210,212,212,170,160,170,208,140,218,194,198,163,195,207,167,226,187,221,176,223,223,202,224,205,220,170,180,223,153,169,206,227,187,206,225,211,165,224,142,189,208,194,189,146,158,181,181,185,188,155,188,232,190,231,192,141,194,148,152,232,205,181,232,202,233,176,172,167,161,233,204,194,135,177,232,232,233,148,163,197,232,160,230,187,154,162,201,150,228,229,226,159,160,196,172,169,152,174,165,145,219,141,146,203,145,196,170,177,213,160,177,120,203,172,199,145,166,149,128,127,196,181,176,185,155,0,175,191,154,194,193,147,141,184
185,173,138,196,204,194,202,196,162,179,155,169,169,195,151,139,198,196,202,202,152,128,157,204,170,145,181,156,159,183,170,198,203,148,203,174,180,202,164,196,188,193,195,176,187,202,200,196,203,201,199,189,188,203,195,204,200,197,201,157,154,195,195,188,182,196,198,174,191,191,188,191,193,192,188,192,155,189,184,175,181,183,187,185,176,182,184,184,181,159,179,158,156,174,175,172,170,172,125,157,166,169,165,159,152,159,166,119,163,163,153,157,153,161,155,159,151,156,155,153,144,145,148,148,146,146,146,144,142,141,143,140,140,139,136,118,135,135,132,132,131,130,124,121,124,125,124,125,122,120,119,119,118,112,114,113,114,113,108,110,107,108,105,103,99,103,102,81,99,90,95,91,92,91,89,85,85,84,83,81,80,80,78,78,76,75,69,71,69,69,68,66,63,63,61,59,57,56,54,52,50,46,47,45,43,40,39,38,36,34,32,30,28,26,23,22,20,18,16,14,12,10,8,6,4,2,0,0,0,0,0,0,0,2,4,6,8,10,12,14,16,18,20,22,24,26,27,28,30,31,31,34,36,38,40,42,41,45,46,48,47,49,51,53,55,56,57,58,60,61,63,63,64,67,67,69,70,70,73,75,75,77,78,81,81,82,82,85,86,86,89,88,91,91,94,93,97,98,101,97,104,106,108,110,108,111,111,0,114,113,114,117,114,120,119,120,123,116,122,124,123,122,129,123,125,124,127,130,123,132,132,133,136,138,139,140,126,139,130,142,142,122,140,148,149,146,130,153,148,148,153,154,139,156,155,159,133,156,162,157,163,164,157,162,142,165,165,146,153,158,164,167,145,163,164,164,167,133,168,156,168,143,130,170,157,102,164,167,168,151,161,152,168,142,117,166,168,162,157,156,166,161,133,108,166,144,167,117,149,165,163,165,130,164,158,156,157,158,157,113,103,112,150,81,158,134,138,101,135,146,104,164,126,158,112,159,159,140,159,140,155,103,114,156,86,102,141,160,120,139,157,144,96,155,71,119,137,0,117,74,85,112,113,117,122,89,123,168,128,171,132,82,137,91,98,175,151,126,180,152,181,126,124,119,115,187,160,150,92,135,191,193,195,109,127,162,198,127,198,155,123,131,170,121,200,201,200,134,136,173,150,146,131,156,148,129,203,127,131,190,132,184,162,168,207,153,172,116,200,171,197,144,167,152,130,131,201,187,183,193,166,178,186,202,173,204,203,157,149,194
243,230,194,250,260,248,256,249,213,230,205,218,219,242,198,187,243,241,247,246,194,169,198,245,209,185,221,194,196,221,207,233,239,182,237,207,211,233,195,227,217,221,224,202,215,228,225,220,226,224,222,210,209,223,214,221,217,214,215,171,167,209,208,201,195,209,212,187,203,204,199,205,206,205,199,204,167,200,195,185,192,194,198,196,186,193,194,194,191,169,189,168,166,185,184,181,178,182,134,165,176,177,173,166,158,166,173,126,171,171,160,164,159,168,161,165,157,162,0,161,150,153,154,155,152,152,152,150,148,146,147,146,145,145,141,123,141,140,137,136,136,134,130,125,128,129,128,129,126,124,123,124,122,116,117,117,117,116,111,113,110,111,108,105,101,105,104,84,101,93,97,93,94,93,91,88,88,87,86,84,83,83,81,81,79,78,72,74,72,72,71,69,66,65,63,61,59,58,56,54,52,48,49,47,45,42,41,40,38,36,34,32,30,28,25,24,22,20,18,16,14,12,10,8,6,4,2,0,0,0,0,0,0,0,2,4,6,8,10,12,14,16,18,20,22,24,25,26,28,29,29,32,34,36,38,40,39,43,44,46,0,47,49,51,53,54,55,56,58,59,61,61,63,65,65,67,68,69,71,73,74,75,76,79,79,80,80,83,84,85,88,87,90,90,93,92,96,98,100,97,103,105,107,109,108,111,111,81,114,113,115,118,116,121,120,121,124,120,124,126,126,125,131,127,130,128,131,133,127,137,136,138,141,143,145,145,132,145,135,147,148,129,145,153,154,152,135,159,154,154,160,161,145,163,161,165,140,164,168,165,170,172,165,170,151,175,175,158,165,171,178,182,162,177,180,182,186,153,189,178,189,166,155,194,183,129,191,194,197,181,191,184,199,174,149,200,202,197,194,194,205,201,174,149,209,189,212,164,195,213,211,215,181,216,212,209,213,214,213,171,164,171,210,143,220,198,202,165,201,213,172,231,194,228,183,231,233,213,234,217,233,182,194,237,167,184,224,245,205,226,245,233,188,247,164,215,232,220,214,172,183,211,211,213,219,185,218,263,222,265,225,175,229,183,192,268,244,219,273,245,273,218,217,210,208,279,251,240,182,224,281,282,284,199,217,252,285,216,285,244,212,219,258,208,287,288,288,222,225,261,237,233,218,242,232,217,289,213,215,272,214,265,241,247,285,230,247,191,275,245,270,216,239,224,201,201,270,254,250,258,231,243,250,265,237,267,264,218,208,252
244,231,195,250,260,249,256,250,214,230,205,219,219,242,198,188,243,241,248,246,194,168,199,246,209,185,221,194,197,221,207,232,239,183,237,206,211,234,195,227,217,222,224,203,215,228,225,221,226,224,222,210,209,222,214,221,217,214,216,172,168,210,209,201,196,209,212,188,204,204,199,205,206,205,200,205,168,201,195,185,193,195,199,197,187,194,195,195,192,170,190,169,165,185,185,181,178,182,135,165,176,178,174,167,158,167,174,127,171,171,160,165,160,169,162,166,158,163,161,161,150,153,155,155,153,153,153,151,149,147,148,147,146,146,142,122,142,141,138,137,137,135,130,126,129,130,129,130,0,125,124,125,124,118,119,119,119,118,113,115,112,113,110,107,103,107,106,85,103,94,99,95,96,95,93,89,89,88,87,85,84,84,82,82,80,79,73,75,73,73,72,71,68,67,65,63,61,60,58,56,54,50,51,49,47,44,43,42,40,38,36,34,32,30,27,26,24,22,20,18,16,14,12,10,8,6,4,2,0,0,0,0,0,0,0,2,4,6,8,10,12,14,16,18,20,22,24,25,27,28,28,31,33,35,37,38,37,41,42,44,44,45,47,49,51,52,54,55,57,58,60,60,62,64,63,65,67,0,69,71,72,73,74,77,77,78,78,81,82,83,86,85,88,89,92,91,95,96,99,95,102,104,106,108,107,110,110,79,113,112,113,117,115,120,119,120,123,118,123,125,125,124,130,126,128,127,129,132,125,136,135,136,139,141,143,144,130,143,134,146,146,127,144,152,153,151,134,158,153,153,158,159,145,162,160,164,138,163,167,164,169,171,164,169,150,174,174,156,164,170,177,181,161,176,179,181,185,152,188,177,188,165,154,193,182,129,189,193,196,180,190,183,198,173,148,199,201,196,193,192,204,200,173,148,208,188,211,163,194,212,210,214,180,215,211,208,212,213,213,170,163,170,209,144,220,198,202,165,201,213,171,231,194,228,182,231,233,213,234,217,232,182,194,237,167,184,224,245,205,226,245,233,188,246,163,216,232,221,214,171,183,212,211,213,219,184,217,263,222,264,225,174,229,183,193,268,244,219,273,245,273,218,217,210,209,279,251,240,182,224,280,281,283,198,218,252,285,217,285,245,212,219,258,208,287,288,288,223,225,260,238,232,218,243,232,218,289,214,214,271,213,265,242,246,285,230,247,190,275,246,270,216,240,225,201,201,270,253,250,258,232,244,251,265,237,267,264,219,207,253
184,172,137,193,204,193,202,195,161,176,152,168,169,192,148,140,195,195,201,201,148,123,157,203,166,145,181,155,159,183,170,195,203,148,203,171,176,201,164,196,187,192,195,176,187,202,200,195,202,201,199,189,188,203,195,204,199,197,200,157,154,196,196,187,184,198,200,176,192,193,187,193,195,194,190,193,156,191,185,174,183,184,189,186,178,183,186,186,183,161,181,159,155,176,176,173,170,174,127,158,168,171,167,160,151,161,168,121,165,165,154,159,153,163,157,160,152,158,156,156,146,148,151,151,149,149,149,147,145,144,145,143,143,142,139,117,138,138,135,135,134,133,127,124,127,128,127,128,124,123,122,122,121,115,117,115,117,116,112,114,111,112,109,107,103,107,106,86,103,94,100,96,97,96,94,90,90,89,88,86,85,85,83,83,81,80,74,76,74,74,73,72,69,69,67,65,63,62,60,58,56,52,53,51,49,46,45,44,42,40,38,36,34,32,29,28,26,24,22,20,18,16,14,12,10,8,6,4,2,0,0,0,0,0,0,0,2,4,6,8,10,12,14,16,18,20,22,23,25,26,26,29,31,33,35,37,36,40,41,43,43,44,46,48,50,51,52,53,55,55,57,57,59,61,61,63,65,65,68,70,70,72,73,75,76,77,77,80,81,81,84,83,86,87,89,89,92,94,95,0,98,100,102,104,103,106,106,77,109,108,110,112,110,115,114,115,118,112,117,119,119,118,124,119,121,120,123,125,119,127,128,129,132,134,135,136,122,135,125,137,138,120,136,143,144,142,125,149,144,144,149,150,137,152,151,155,128,154,158,153,159,160,153,158,141,162,162,143,150,155,161,164,144,160,161,161,164,131,165,154,165,140,131,167,156,104,161,164,165,150,158,151,165,141,113,163,165,159,154,153,163,158,130,104,163,143,164,117,146,162,160,162,127,161,155,153,156,155,154,109,104,109,147,81,155,133,136,96,133,144,99,160,124,154,108,155,155,138,155,136,151,99,110,152,81,97,139,156,116,137,153,142,95,151,67,118,133,121,113,0,80,110,111,112,120,83,118,163,123,166,127,76,131,85,96,170,146,121,176,149,176,121,123,115,114,183,158,145,87,130,187,189,191,104,126,161,194,126,194,154,123,127,167,117,197,198,199,133,136,170,149,142,128,155,145,129,202,127,128,187,129,181,161,165,206,150,169,112,199,170,194,141,166,152,130,131,201,184,180,190,165,177,185,201,172,204,203,156,146,193
182,170,136,191,202,191,201,194,161,175,151,168,168,191,147,140,194,195,201,201,148,122,157,203,167,145,182,156,159,184,171,194,204,149,203,172,177,202,165,198,189,193,197,176,188,203,201,196,203,202,200,190,189,204,196,205,200,198,201,159,156,197,197,188,187,201,203,181,197,198,191,198,200,199,195,199,162,196,190,178,188,189,194,192,183,189,191,191,188,167,187,164,161,182,182,179,176,179,134,163,174,178,172,167,156,168,175,129,172,171,162,165,161,171,163,168,159,165,163,161,151,154,157,156,155,155,155,153,151,150,151,149,149,148,145,121,144,144,141,140,140,138,133,128,132,133,132,133,129,128,127,126,126,120,121,120,121,119,116,118,115,116,113,110,105,110,109,88,106,96,102,98,99,98,96,92,92,91,90,88,86,87,85,85,83,82,76,78,76,76,75,74,71,70,68,67,65,64,62,60,58,54,55,53,51,48,46,46,44,42,40,38,36,34,31,30,28,26,24,22,20,18,16,14,12,10,8,6,4,2,0,0,0,0,0,0,0,2,4,6,8,10,12,14,16,18,20,21,23,24,24,27,29,31,33,35,34,38,39,41,41,42,44,46,48,49,51,52,54,55,57,57,59,61,61,63,65,65,68,70,71,72,73,76,76,77,77,80,81,82,85,84,87,88,91,90,94,96,98,95,101,103,105,107,106,109,109,81,112,111,113,116,114,119,118,119,122,118,122,124,124,123,129,125,128,126,129,131,125,134,133,135,137,139,141,142,127,141,131,144,143,127,142,150,151,149,132,156,151,150,157,157,145,159,158,162,134,161,165,160,166,167,159,165,148,169,170,152,160,165,172,176,158,171,174,176,180,147,182,170,180,157,147,183,174,120,177,181,182,168,175,169,182,158,130,180,182,176,172,170,180,176,148,122,182,163,182,137,165,181,180,182,147,181,175,173,177,175,174,0,123,129,168,105,179,158,164,123,162,175,131,192,158,189,143,192,193,177,195,178,195,143,155,198,127,142,185,203,162,185,200,190,143,200,115,168,183,172,163,119,130,160,160,159,166,127,161,205,164,206,165,112,167,120,130,204,178,153,206,179,205,148,149,139,138,205,180,165,107,147,205,205,205,117,138,172,202,134,200,160,127,131,170,119,197,197,198,130,126,165,144,0,122,149,138,124,198,123,122,182,123,176,156,161,202,147,164,107,196,166,190,137,163,148,127,127,197,181,177,186,162,174,182,199,170,201,200,155,143,191
206,195,159,214,226,215,224,218,183,198,174,190,192,213,168,163,216,217,224,223,169,143,179,226,187,166,204,178,181,206,192,215,226,171,225,192,197,223,187,218,209,214,217,197,209,224,222,215,223,222,218,208,207,220,212,220,214,212,214,171,168,208,207,197,195,209,211,187,203,204,196,204,206,205,201,204,168,202,196,183,194,195,200,197,189,194,197,197,194,173,192,170,164,187,187,184,179,185,139,167,179,183,177,170,159,172,179,132,176,175,164,169,163,174,167,171,162,169,167,166,155,158,161,160,159,158,158,157,154,153,154,153,152,152,148,122,147,147,143,143,143,141,136,131,135,136,135,136,132,131,129,130,129,123,124,123,124,122,118,120,117,118,114,112,107,112,111,90,108,98,104,100,101,100,98,94,94,93,92,90,88,89,87,87,85,84,78,80,78,78,77,76,73,72,70,69,67,66,64,62,60,56,57,55,53,50,48,48,46,44,42,40,38,36,33,32,30,28,26,24,22,20,18,16,14,12,10,8,6,4,2,0,0,0,0,0,0,0,2,4,6,8,10,12,14,16,18,19,21,22,22,25,27,29,31,33,32,36,38,40,41,41,43,45,47,49,50,52,54,55,57,57,59,61,61,63,65,66,68,70,71,72,73,76,76,77,77,80,81,82,85,84,87,88,91,90,94,96,98,95,101,103,105,107,106,109,109,83,112,111,113,116,114,119,118,119,122,118,122,124,124,123,129,125,128,126,129,131,125,135,135,136,139,141,143,144,130,143,133,145,146,130,144,151,152,151,133,157,153,152,157,157,144,158,155,158,0,156,159,154,161,163,154,161,144,164,166,147,156,160,169,173,155,169,172,174,177,144,181,170,181,158,150,186,177,125,182,186,189,175,182,178,191,168,140,192,194,189,186,184,197,191,165,140,200,182,203,158,186,204,201,204,172,205,201,200,205,203,204,159,155,160,199,135,207,187,190,149,187,199,153,212,178,209,162,209,209,193,210,191,207,156,166,208,137,153,195,212,173,195,210,201,154,210,126,180,194,184,173,131,142,172,170,169,177,139,172,215,175,215,175,123,177,130,142,215,188,162,216,189,215,157,159,148,149,216,190,174,116,157,213,214,214,0,150,182,215,149,215,177,145,148,187,139,218,220,223,156,160,192,172,164,149,178,165,152,225,150,149,207,150,202,183,185,227,170,188,131,221,192,215,162,188,174,152,153,222,204,202,210,187,200,207,223,195,226,225,179,167,215
239,227,192,246,259,247,257,250,215,227,202,220,220,240,195,190,241,242,248,247,191,163,201,246,206,186,221,195,199,221,208,230,239,184,238,203,208,234,197,228,217,221,225,204,215,229,226,219,226,225,223,212,211,223,215,222,217,215,216,175,171,210,209,198,198,212,213,190,205,206,197,207,209,208,204,207,170,205,197,184,196,196,203,199,191,195,199,199,196,175,194,171,165,188,188,185,178,185,140,166,179,184,178,171,158,173,180,133,177,175,165,170,164,175,167,172,162,169,167,165,154,157,161,159,159,159,159,157,155,153,153,153,152,152,148,121,148,147,143,143,143,141,135,131,135,136,135,136,132,131,129,130,129,123,124,123,124,122,118,120,117,118,114,112,107,112,111,90,108,97,104,100,101,100,98,94,94,93,92,90,87,89,86,87,85,84,78,80,78,78,77,76,73,72,70,69,67,66,64,62,60,56,57,55,53,50,48,48,47,45,43,41,39,38,35,34,32,30,28,26,24,22,20,18,16,14,12,10,8,6,4,2,0,0,0,0,0,0,0,2,4,6,8,10,12,14,16,17,19,20,20,23,25,26,28,29,0,32,34,36,37,37,39,41,43,45,46,48,50,51,53,53,55,57,57,59,61,62,64,66,67,68,69,72,72,73,73,76,77,78,81,80,83,85,87,86,90,92,94,91,97,99,101,103,102,105,105,81,108,107,109,112,111,115,114,115,118,114,118,120,121,120,125,122,124,123,125,127,121,132,131,132,135,137,139,140,126,139,129,141,142,128,140,147,148,147,129,153,149,149,154,155,144,158,156,160,136,160,163,160,165,167,160,165,151,170,171,152,161,167,174,178,162,174,177,178,182,148,185,174,186,162,155,190,182,130,187,190,193,181,187,184,195,174,143,195,196,190,186,185,195,190,162,136,196,179,197,152,179,195,193,195,160,193,189,186,191,189,188,144,140,142,181,118,189,169,174,130,170,182,0,197,165,195,148,197,199,184,201,183,200,149,160,204,133,149,195,211,172,196,211,204,158,214,130,186,199,191,181,139,149,182,182,180,190,151,185,230,189,232,192,141,196,149,163,235,211,186,241,215,240,185,188,177,179,246,221,207,149,190,248,249,251,166,189,223,254,188,254,216,184,187,226,176,256,257,260,194,197,229,209,201,186,214,201,189,261,187,184,243,184,237,218,220,263,205,223,166,255,226,249,195,222,208,187,188,256,237,234,243,220,233,240,256,229,259,257,213,198,247
220,208,173,226,240,228,238,231,197,210,186,204,205,225,181,177,226,228,234,233,177,148,186,232,191,172,208,182,185,208,194,215,226,171,224,189,193,220,185,214,205,207,211,190,202,215,213,205,213,212,210,198,197,211,202,210,205,202,204,163,159,197,196,185,184,198,200,177,192,193,184,194,195,194,190,194,157,191,185,171,183,183,189,186,178,183,186,185,183,162,181,158,152,175,175,173,165,172,129,153,167,171,165,158,145,160,167,121,164,162,152,156,151,162,154,159,149,156,154,153,142,144,148,146,146,146,146,144,142,140,141,140,139,139,135,107,135,134,130,130,130,128,122,118,122,123,122,123,119,118,116,117,116,110,111,110,111,109,105,107,104,105,101,99,94,99,98,77,95,84,91,87,88,87,85,81,81,80,79,77,0,76,72,74,74,75,71,75,74,75,76,76,74,73,71,70,68,67,65,63,61,57,58,56,54,51,49,49,49,47,45,43,41,40,37,36,34,32,30,28,26,24,22,20,18,16,14,12,10,8,6,4,2,0,0,0,0,0,0,0,2,4,6,8,10,12,14,16,18,19,19,22,24,26,28,30,29,33,35,37,38,38,40,42,44,46,47,49,51,52,54,54,56,58,58,60,62,63,65,67,68,69,70,73,73,74,74,77,78,79,82,81,84,84,87,86,90,92,94,92,97,99,101,103,102,105,105,82,108,107,109,112,110,115,114,115,118,114,118,120,121,119,125,121,124,122,125,127,121,131,131,132,135,137,139,140,126,139,129,142,142,129,140,148,149,147,129,154,149,149,155,156,145,158,156,160,137,160,163,160,165,167,160,164,150,168,170,152,158,165,172,176,160,171,174,176,180,147,183,172,183,160,153,188,181,129,184,188,191,179,185,182,193,172,143,194,196,191,188,187,198,194,167,142,202,186,205,161,188,206,204,207,173,207,202,199,204,202,201,158,153,156,194,133,203,183,188,144,184,196,150,209,175,205,158,205,206,190,206,187,203,151,161,204,132,148,193,208,168,192,206,198,151,206,121,177,189,180,169,128,137,169,168,165,174,134,167,212,169,212,172,0,176,129,143,215,191,166,220,196,221,165,169,158,159,226,203,188,129,171,229,231,233,147,171,204,234,169,234,198,165,168,207,157,236,237,241,175,178,210,190,182,167,195,181,170,243,168,165,224,165,218,199,201,244,186,203,145,237,207,229,176,203,189,167,168,237,218,215,223,201,215,221,237,210,240,238,194,179,228
171,158,122,173,187,175,182,175,140,151,125,144,144,163,117,112,163,164,170,168,110,24,120,167,0,107,145,117,122,147,133,154,166,109,164,128,0,162,124,157,149,152,158,139,151,167,166,158,168,168,166,157,156,171,164,173,168,167,170,128,126,166,167,155,157,172,174,152,169,170,161,172,175,175,172,175,141,175,169,155,169,171,177,174,167,173,176,177,175,154,175,153,147,173,173,171,164,173,130,154,171,175,171,165,151,169,176,131,173,172,161,166,160,171,163,168,158,165,163,162,151,154,157,156,155,155,154,153,151,149,150,149,149,149,146,117,146,145,141,141,141,139,133,130,134,135,134,135,131,129,128,129,128,121,123,123,124,123,118,122,119,120,116,113,109,115,113,93,111,100,107,103,104,103,101,96,97,96,95,93,90,92,88,90,88,87,80,83,81,81,80,79,76,75,73,72,70,69,67,65,63,59,60,58,56,53,51,51,51,49,47,44,43,42,39,38,36,34,32,30,28,26,24,22,20,18,16,14,12,10,8,6,4,2,0,0,0,0,0,0,0,2,4,6,8,10,12,14,16,17,17,20,22,24,26,28,28,31,33,35,36,36,38,40,42,44,45,47,49,50,52,52,54,56,56,58,60,61,63,65,66,67,68,71,71,72,72,75,76,77,80,79,82,84,86,85,89,91,93,91,96,98,100,102,100,104,104,82,107,105,108,111,110,114,113,114,117,114,117,119,120,119,124,121,123,122,124,126,120,131,130,131,133,135,137,138,124,137,127,140,139,129,139,146,147,146,127,152,148,146,153,153,145,156,153,157,136,156,161,157,163,165,156,163,149,167,168,149,157,162,170,173,159,169,172,174,176,144,181,169,181,158,151,185,180,127,181,185,188,177,181,180,190,169,139,190,193,188,185,183,196,190,164,139,199,184,202,159,185,203,200,204,171,205,200,199,205,202,203,162,158,160,199,140,208,192,197,153,195,207,163,220,188,218,172,218,219,205,219,201,217,166,177,219,148,164,209,223,184,209,221,214,169,221,138,194,205,198,185,145,155,186,184,181,191,151,184,228,187,228,188,138,190,143,157,228,201,176,229,205,229,171,175,162,165,230,206,189,131,171,228,229,229,146,167,200,229,164,227,191,158,158,197,146,225,226,228,163,166,194,176,167,149,179,163,151,223,147,142,201,141,194,175,174,216,156,174,115,206,176,196,141,170,154,132,131,200,179,175,183,161,173,180,194,165,195,192,147,130,181
181,169,135,187,201,190,200,193,160,170,146,167,168,186,142,140,189,193,200,199,142,113,155,201,160,143,180,155,158,182,169,188,202,148,201,165,170,200,164,196,186,188,195,174,186,201,199,190,201,200,198,188,187,202,194,203,198,196,199,158,155,195,195,182,186,199,201,180,195,196,187,198,200,200,197,200,163,198,192,175,190,190,196,193,185,189,193,193,190,169,189,165,158,183,183,181,172,180,137,160,175,180,174,168,153,170,177,133,174,172,162,166,162,173,165,170,161,167,166,164,153,155,160,158,158,158,158,156,154,153,153,153,153,152,150,118,149,149,145,145,145,144,136,134,138,138,138,139,135,133,132,132,132,126,128,127,129,127,122,125,122,121,119,116,112,117,116,95,113,101,109,105,106,105,103,98,99,98,97,95,92,94,88,92,90,89,82,85,83,83,82,81,78,77,75,74,72,71,69,67,65,61,62,60,58,55,53,53,53,51,49,46,45,44,41,40,38,36,34,32,30,28,26,24,22,20,18,16,14,12,10,8,6,4,2,0,0,0,0,0,0,0,2,4,6,8,10,12,14,15,15,18,20,22,24,26,26,29,31,33,34,34,36,38,40,42,43,45,47,48,50,50,52,54,54,56,58,59,61,63,64,65,66,69,69,70,70,73,74,75,78,77,80,82,84,83,87,89,91,89,94,96,98,100,99,102,102,83,105,104,106,108,108,112,110,112,114,110,114,116,118,116,121,117,119,118,120,122,117,126,125,127,129,131,133,134,120,133,123,136,137,127,135,142,143,142,123,148,144,143,149,149,141,152,150,154,134,153,157,153,158,160,152,157,145,162,162,144,152,158,165,168,155,165,168,168,171,137,172,161,172,147,142,174,168,117,169,171,173,162,165,164,172,152,120,170,172,167,162,161,171,166,139,112,172,158,173,131,156,172,170,172,138,171,166,164,169,166,165,123,118,119,158,98,166,148,152,107,148,161,114,172,140,166,119,167,167,154,167,148,163,111,122,164,92,108,155,168,127,153,165,159,112,164,79,135,146,138,126,87,0,129,130,126,138,96,131,177,137,179,140,91,144,97,113,183,159,134,189,166,189,134,139,127,130,195,174,157,98,141,199,201,203,119,142,177,206,142,206,170,138,139,178,129,208,209,213,148,151,181,163,155,136,166,150,138,210,135,129,188,128,180,162,161,205,144,161,0,194,164,185,132,161,147,125,126,196,175,172,182,161,174,181,198,170,201,200,154,138,190
238,226,190,241,257,246,255,249,214,225,200,221,223,239,194,193,240,244,250,249,191,162,203,249,206,189,224,199,201,224,210,229,242,187,241,202,208,237,200,230,219,220,227,207,217,232,230,218,230,229,225,215,214,227,219,226,221,219,220,179,175,214,212,199,202,215,217,194,208,210,198,211,212,210,207,210,174,208,202,184,200,200,206,202,195,198,203,202,200,179,198,175,166,192,191,189,178,189,145,166,184,188,182,174,158,177,183,139,180,179,166,173,166,179,172,176,166,174,172,170,158,162,166,164,164,164,163,162,160,158,156,158,157,157,154,121,154,153,149,149,149,147,140,137,140,141,141,142,138,136,135,135,135,128,130,128,131,129,124,127,124,124,121,118,114,119,118,97,115,103,111,107,108,107,105,100,101,100,99,97,94,96,88,94,92,91,84,87,85,85,84,83,80,79,77,76,74,73,71,69,67,63,64,62,60,57,55,55,55,53,51,48,47,46,43,42,40,38,36,34,32,30,28,26,24,22,20,18,16,14,12,10,8,6,4,2,0,0,0,0,0,0,0,2,4,6,8,10,12,13,13,16,18,20,22,24,25,27,29,31,32,33,34,36,38,40,41,43,45,46,48,48,50,52,52,54,56,57,59,61,62,63,64,67,67,68,68,71,72,73,76,75,78,80,82,81,85,87,89,87,92,94,96,98,97,100,100,82,103,102,104,106,0,109,79,109,112,110,112,114,116,114,119,116,118,117,119,121,116,126,125,126,129,131,133,134,121,133,123,136,137,128,136,143,144,143,124,149,145,146,150,152,144,154,153,156,137,156,159,156,161,163,156,161,150,166,167,148,157,163,171,174,161,171,173,175,179,145,182,171,183,159,155,187,183,133,184,188,191,181,185,184,192,174,141,193,195,190,188,188,198,194,167,141,202,189,205,164,188,206,204,207,174,208,204,202,208,206,207,168,164,163,203,145,211,195,199,153,196,208,163,218,187,215,167,214,215,202,215,196,213,160,170,213,141,157,205,217,178,203,215,210,164,216,130,189,199,192,178,141,149,182,180,174,187,0,179,224,183,225,186,139,191,144,161,230,205,180,235,212,236,179,185,172,177,241,219,203,144,186,244,245,247,165,188,221,249,187,249,215,183,182,221,171,251,252,256,193,196,224,207,199,181,213,196,188,260,185,180,239,180,233,217,215,261,200,218,163,253,225,244,190,220,207,185,186,254,233,230,238,219,232,239,254,227,257,255,211,194,245
172,159,124,172,189,176,184,177,141,151,125,147,146,163,117,116,163,167,173,170,112,0,126,173,131,115,152,125,129,154,142,160,175,119,175,137,143,173,136,169,158,159,169,148,161,176,175,163,176,176,173,164,163,178,170,179,174,173,176,135,133,172,172,159,163,177,179,158,173,175,163,177,179,180,177,180,145,180,174,157,174,175,182,178,172,176,181,182,180,159,180,157,149,177,176,175,165,177,134,155,174,178,173,166,149,169,175,132,172,171,158,165,158,171,163,168,158,165,164,163,150,154,158,156,157,156,155,155,152,151,148,150,150,150,148,113,148,147,143,144,144,142,134,133,136,136,138,138,136,132,132,133,133,125,126,126,128,127,121,126,123,123,120,116,113,118,117,96,114,102,110,106,107,106,105,99,101,100,99,97,94,96,86,94,92,91,83,87,85,85,84,83,80,79,77,76,74,73,71,69,67,62,64,62,60,57,56,56,56,54,52,49,48,47,44,43,41,39,37,35,33,31,29,27,24,24,22,20,18,16,14,12,10,8,6,4,2,0,0,0,0,0,0,0,2,4,6,8,10,11,11,14,16,18,20,22,23,25,27,29,30,31,32,34,36,38,39,41,42,43,45,45,47,49,49,51,53,54,56,58,59,60,61,63,63,62,61,64,63,62,63,61,62,62,62,60,62,62,62,60,63,63,63,63,60,63,0,44,66,66,69,71,71,74,73,74,77,76,77,80,83,82,86,84,85,85,86,88,83,93,92,93,96,98,100,101,88,100,90,103,104,97,104,110,111,111,91,116,113,113,117,119,114,123,122,126,108,126,129,126,131,133,125,131,120,135,136,116,126,132,141,144,133,141,144,145,149,115,152,141,153,129,126,157,153,105,154,158,161,152,154,155,162,144,110,163,165,160,158,156,168,163,137,110,172,160,174,135,158,176,174,178,144,179,174,172,179,176,177,139,135,133,173,117,182,168,173,126,171,183,140,194,164,192,145,193,195,183,196,179,195,144,156,199,128,145,193,207,168,194,207,202,159,209,125,185,195,190,176,140,149,181,181,175,189,149,179,225,184,225,185,138,187,141,157,225,199,173,227,204,226,169,176,160,165,228,204,187,129,169,226,227,227,147,168,200,227,165,225,191,158,156,196,144,223,224,226,163,165,192,176,167,147,179,161,152,223,149,140,199,140,192,176,173,218,156,174,117,206,179,196,142,172,157,135,134,202,179,176,183,164,175,182,196,166,198,195,149,129,182
233,221,185,233,251,238,246,239,204,212,187,209,209,225,180,180,226,231,237,236,177,150,189,236,193,176,211,186,188,211,198,214,229,172,227,188,194,223,186,217,205,206,214,192,205,218,215,204,216,214,212,200,199,213,204,211,207,204,205,163,159,198,197,182,186,198,201,178,192,193,179,194,195,194,190,194,157,191,185,165,183,183,189,186,177,181,185,185,182,161,180,157,147,174,174,170,158,171,127,146,165,169,163,156,138,158,165,120,162,160,146,154,146,160,152,157,147,154,152,151,137,141,145,143,142,143,0,142,141,141,139,142,141,141,138,69,137,136,132,133,132,131,123,120,124,0,126,128,125,124,124,125,127,121,124,124,127,127,124,128,125,126,123,120,116,121,120,99,117,105,113,109,110,109,107,102,103,102,101,99,96,98,88,96,95,94,87,90,88,88,87,86,83,82,80,79,78,77,75,73,71,67,68,66,64,61,59,59,59,57,55,52,51,50,47,46,44,42,40,38,36,34,32,30,27,26,24,22,20,18,16,14,12,10,8,6,4,2,0,0,0,0,0,0,0,2,4,6,8,9,9,12,14,16,18,20,21,23,25,27,28,29,30,32,34,36,38,40,42,43,45,45,47,49,49,52,54,55,57,59,60,61,62,65,65,66,66,69,70,71,74,73,76,78,80,79,83,85,87,85,90,92,94,96,95,98,99,83,101,100,102,105,105,108,107,108,111,109,111,113,116,114,118,116,117,117,117,120,114,125,123,125,128,130,132,132,120,132,122,135,136,129,134,141,142,142,122,147,144,144,148,150,144,152,151,155,138,155,158,155,160,162,155,160,149,165,165,146,154,161,168,172,160,167,170,172,176,141,179,168,179,156,153,184,180,132,181,184,187,180,181,183,189,172,136,190,192,187,184,184,195,191,164,136,199,188,202,162,185,203,201,205,171,206,202,199,206,204,203,167,162,159,200,145,210,195,200,153,198,211,168,221,192,218,171,221,223,211,224,206,222,172,183,227,155,171,222,234,194,222,234,230,185,236,151,213,221,217,203,168,177,209,208,202,216,177,206,252,211,253,214,169,217,171,190,256,232,207,262,239,261,206,213,198,205,266,244,228,169,211,269,270,272,193,214,248,274,213,274,241,208,207,247,196,276,277,280,217,221,247,230,223,202,233,216,208,278,205,196,254,195,247,231,229,275,212,230,175,262,235,253,198,229,215,192,191,260,236,232,241,221,233,240,255,227,257,254,209,190,242
194,182,148,195,214,203,213,205,171,180,154,179,180,195,151,152,199,206,212,212,151,127,168,214,172,156,192,166,170,194,181,198,214,156,214,174,182,212,175,207,194,196,206,186,198,213,211,198,213,212,209,200,199,214,206,215,210,208,211,170,167,207,207,191,197,210,212,189,203,205,190,205,207,206,203,206,169,204,198,177,196,196,202,198,191,192,199,199,196,175,195,171,161,189,188,185,174,186,143,162,181,186,180,173,154,176,182,139,180,177,163,172,163,178,171,175,165,173,171,170,155,161,165,163,164,163,162,162,159,158,154,157,157,156,155,117,154,154,150,150,150,148,140,138,141,141,142,143,139,136,136,135,137,129,131,130,133,130,126,130,127,127,123,121,118,123,122,101,119,107,115,111,111,111,109,103,105,104,103,101,98,100,88,98,96,95,88,91,89,89,88,87,84,83,81,80,78,78,76,73,72,68,69,67,65,62,59,60,60,58,56,53,52,51,48,47,45,43,41,40,38,36,34,32,29,28,26,24,22,20,18,16,14,12,10,8,6,4,2,0,0,0,0,0,0,0,2,4,6,7,7,10,12,14,16,18,19,21,23,25,26,27,28,30,32,34,36,38,40,41,43,43,45,47,47,50,51,52,0,55,56,57,58,61,61,62,62,65,66,67,70,69,72,74,76,75,79,81,83,81,86,88,90,92,91,94,95,80,97,96,99,101,101,104,103,104,107,105,107,109,112,110,114,112,113,113,115,116,112,121,121,121,124,126,128,130,115,128,117,131,131,127,131,137,138,138,118,143,140,140,144,146,142,148,147,151,133,150,154,149,155,157,149,154,146,159,159,140,149,155,163,166,156,163,166,167,171,136,174,163,175,151,150,179,175,129,176,179,182,175,176,178,184,168,131,184,187,182,180,179,189,185,158,130,193,182,195,158,179,196,195,198,164,198,192,190,196,192,193,157,150,146,186,132,194,180,184,134,181,192,148,200,171,196,147,196,196,186,197,178,195,142,152,195,122,138,189,199,160,186,197,194,148,198,111,173,181,177,160,126,134,165,165,156,171,130,158,202,162,203,162,118,164,117,136,202,175,149,203,179,201,143,152,134,141,201,179,160,101,142,200,201,201,121,141,174,198,137,196,163,131,126,0,116,196,198,202,141,144,170,157,149,128,163,145,138,210,137,128,189,129,183,170,167,214,152,170,116,205,179,196,142,174,161,139,140,209,186,183,191,174,187,194,210,182,214,213,167,147,203
240,228,193,241,260,248,258,251,215,223,197,221,221,235,190,192,236,242,249,247,186,162,201,247,205,187,222,197,200,222,209,225,240,182,239,198,207,235,198,229,215,216,226,205,216,230,228,214,228,227,223,213,212,225,217,224,219,217,218,178,174,212,211,194,200,213,215,192,207,208,193,209,210,209,206,209,172,207,200,180,198,198,205,200,193,194,201,201,198,177,196,173,161,190,190,186,174,187,144,162,181,186,180,172,154,175,182,139,179,177,162,171,162,177,170,174,164,172,170,169,154,160,164,162,162,162,161,160,158,156,151,156,155,155,153,115,153,152,147,149,148,147,139,136,140,140,142,142,139,137,136,137,137,129,131,130,133,131,125,129,126,126,123,119,114,122,121,100,118,105,114,110,111,110,107,102,104,103,101,100,97,99,0,97,95,94,88,91,89,89,88,87,84,83,81,80,78,77,76,74,72,68,69,67,65,62,60,60,60,58,56,53,52,51,49,48,46,44,42,41,39,38,36,34,31,30,28,26,24,22,20,18,16,14,12,10,8,6,4,2,0,0,0,0,0,0,0,2,4,5,5,8,10,12,14,16,17,19,21,23,24,25,27,29,31,33,35,37,39,40,42,41,43,45,45,48,50,51,53,55,56,57,58,61,61,62,62,65,66,67,70,69,72,74,76,75,79,81,83,81,86,88,90,92,91,94,95,81,97,96,99,101,101,104,103,104,107,104,107,109,112,110,114,112,113,113,114,116,111,121,120,121,124,126,128,129,116,128,117,131,132,127,132,137,139,138,117,143,140,140,144,146,140,147,146,149,132,147,149,145,149,151,142,146,137,148,149,128,136,141,147,149,138,142,143,144,147,110,148,0,146,122,120,151,146,101,148,152,155,149,149,152,157,141,103,158,161,155,154,153,164,160,133,104,168,158,171,133,154,172,170,174,140,175,171,168,175,173,174,139,133,129,170,117,180,167,172,122,170,183,140,191,164,190,141,191,193,184,195,178,195,143,155,199,125,143,195,206,168,194,206,204,159,209,123,188,195,192,176,143,152,184,183,175,191,152,180,225,185,227,187,144,191,144,166,231,206,181,236,213,236,180,189,172,180,242,218,202,143,184,243,244,246,169,191,223,249,189,249,218,185,182,224,171,251,252,256,195,198,224,210,203,181,215,196,191,261,189,179,238,179,233,219,215,263,200,218,166,252,227,244,190,223,210,188,188,256,232,230,238,221,234,241,256,230,260,258,214,193,248
242,229,194,239,260,247,255,248,212,218,192,218,218,231,185,189,232,238,246,244,181,159,198,244,201,184,220,193,196,220,206,220,238,178,235,194,203,232,194,226,210,212,223,201,214,227,224,210,225,223,220,209,208,222,213,220,216,213,214,173,169,208,207,189,196,208,211,188,201,203,186,204,205,204,200,204,167,201,194,172,193,193,199,195,187,188,195,195,192,171,190,167,154,184,183,177,165,181,137,153,175,179,173,163,145,168,175,131,172,170,153,164,153,170,162,167,155,164,162,161,144,152,156,154,154,154,153,152,150,148,142,146,146,147,144,0,147,148,144,147,147,147,140,138,143,144,146,147,144,141,140,140,141,133,135,134,137,134,129,133,130,130,126,123,119,125,124,103,121,108,117,113,114,113,110,105,107,106,104,103,100,102,88,100,98,97,90,93,90,91,90,89,86,85,83,82,80,80,78,76,74,70,71,69,67,64,62,62,62,60,58,55,54,53,51,50,48,46,44,43,41,40,38,36,33,32,30,28,26,24,22,20,18,16,14,12,10,8,6,4,2,0,0,0,0,0,0,0,2,2,0,5,7,9,11,13,15,17,19,21,23,24,26,28,30,32,34,36,38,39,41,41,43,45,45,48,50,51,53,55,56,57,58,61,61,62,62,65,66,67,70,69,72,74,76,75,79,81,83,81,86,88,90,92,91,94,95,83,97,96,99,101,101,104,103,104,107,105,107,109,112,110,114,112,113,113,114,116,111,121,120,121,124,126,128,129,116,128,118,131,132,129,132,138,139,139,118,144,141,141,145,147,143,150,149,153,139,153,156,153,158,160,153,158,151,163,163,144,153,159,167,170,161,166,169,170,174,138,177,167,178,154,155,182,179,134,180,182,185,181,179,184,187,173,133,188,190,185,183,183,193,189,162,133,197,189,200,164,183,201,199,203,169,204,200,197,205,202,202,169,164,157,199,147,208,197,201,150,200,212,170,219,193,217,169,219,221,212,222,205,222,170,182,225,152,170,223,233,194,221,233,231,188,236,149,216,221,220,202,171,179,212,211,201,219,180,205,251,211,253,213,172,217,170,194,257,232,207,263,240,262,206,217,198,208,268,245,228,169,212,270,271,273,197,218,251,275,216,275,245,212,207,250,196,277,278,281,221,225,249,237,230,206,242,222,217,285,214,201,260,200,253,240,234,283,217,236,183,268,244,259,203,237,224,200,200,268,242,238,247,230,242,249,263,235,266,263,218,194,251
252,239,204,248,269,257,265,258,222,228,202,228,228,240,195,198,241,247,256,254,191,170,208,254,212,194,230,202,206,230,216,229,248,187,244,204,214,242,205,236,219,221,233,211,224,237,234,219,234,233,230,219,218,231,223,230,225,223,224,183,180,219,218,199,207,219,221,199,212,214,196,215,216,215,211,215,178,212,204,183,204,204,210,206,198,198,206,206,203,182,201,178,165,195,194,188,176,192,149,164,186,190,184,174,156,179,186,143,183,181,164,175,164,181,174,178,167,176,174,173,156,164,168,166,166,166,165,164,162,160,153,160,159,159,157,120,157,156,151,152,152,150,142,139,143,143,144,145,141,138,138,137,138,130,132,131,134,131,126,130,127,127,123,120,116,122,121,100,118,105,114,110,111,110,107,102,104,103,101,100,97,99,58,97,95,94,87,90,0,88,88,87,85,84,82,81,0,78,78,75,75,71,72,70,68,65,62,63,63,61,59,56,55,54,51,50,49,47,45,44,42,42,40,38,35,34,32,30,28,26,24,22,20,18,16,14,12,10,8,6,4,2,0,0,0,0,0,0,0,2,2,5,7,9,11,13,15,17,19,21,23,24,26,28,30,32,34,36,38,39,41,41,43,45,45,48,50,51,53,55,56,57,58,61,61,62,62,65,66,67,70,69,72,74,76,75,79,81,83,81,86,88,90,92,91,94,95,84,97,96,99,101,101,104,103,104,107,105,107,109,112,110,114,112,113,113,115,116,112,121,121,121,124,126,128,130,116,128,117,131,132,129,132,138,139,139,118,144,141,141,145,147,142,150,148,152,139,152,155,152,157,159,152,157,151,162,163,143,153,159,166,170,161,167,170,171,175,139,178,167,179,155,156,183,179,136,180,184,187,183,181,184,188,174,134,189,191,186,184,184,194,190,163,134,198,191,201,165,184,202,200,204,170,205,201,198,205,203,204,172,165,159,200,150,210,199,203,152,202,214,173,221,195,219,171,221,223,214,224,207,224,172,184,227,154,172,225,235,196,222,235,232,190,238,151,217,223,222,204,174,181,215,213,203,221,183,207,253,213,255,215,175,219,172,195,259,234,209,264,241,264,208,219,200,210,270,247,230,171,212,272,273,275,200,220,253,276,219,276,246,215,209,253,199,278,279,283,223,227,251,239,233,208,244,223,219,288,217,206,266,206,260,248,242,292,227,245,193,278,254,267,213,247,232,210,210,277,252,248,255,240,253,258,273,245,275,273,228,204,261
218,206,172,216,238,227,236,229,195,199,174,203,203,215,170,176,218,225,235,233,170,152,190,237,196,178,215,187,192,217,204,217,237,176,233,193,206,234,198,230,213,216,229,208,219,233,231,214,230,230,226,216,215,228,220,228,222,220,222,180,178,216,215,195,204,217,219,196,210,212,194,212,214,213,210,213,176,211,201,181,202,202,209,203,197,195,205,205,202,181,200,177,162,194,194,187,176,192,148,164,186,192,186,175,157,181,188,145,185,183,165,177,165,183,176,180,168,178,176,175,158,166,171,169,169,169,168,167,165,164,156,164,163,163,161,124,160,160,155,156,156,154,146,143,148,147,149,150,146,143,142,142,143,135,137,136,139,136,131,135,132,132,128,125,121,127,126,105,123,110,119,115,116,115,112,107,109,108,106,105,102,104,90,102,100,99,92,95,92,93,92,91,88,87,85,84,82,82,80,78,76,72,73,71,69,66,64,64,64,62,60,57,56,55,53,52,50,48,46,45,43,43,41,39,36,35,33,31,29,27,25,24,22,20,18,16,14,12,10,8,6,4,2,0,0,0,0,0,0,0,2,4,6,8,10,12,14,16,18,20,22,23,25,27,29,31,33,35,37,38,40,39,41,43,0,46,48,49,51,53,54,55,56,59,60,61,61,64,65,66,69,68,71,73,75,74,78,80,82,80,85,87,89,91,90,93,94,84,96,95,98,100,100,103,102,103,106,104,106,108,111,109,113,111,112,112,114,115,111,120,120,120,123,125,127,129,115,127,116,130,131,130,132,137,138,138,117,143,140,140,144,146,141,149,147,151,139,151,154,151,156,158,150,155,150,160,161,141,151,156,165,168,159,164,167,167,172,135,173,162,174,150,154,179,175,134,177,179,181,177,173,177,180,166,124,178,180,174,171,169,178,174,146,116,179,171,180,145,162,178,176,178,143,177,172,169,176,172,172,140,133,124,166,115,173,162,166,112,163,174,131,179,153,174,124,174,174,165,173,154,170,116,128,170,96,112,166,175,0,162,172,172,131,178,91,159,163,164,144,115,121,156,156,143,164,125,148,194,155,196,157,118,161,114,139,201,176,151,207,185,207,150,164,143,155,213,192,174,115,159,216,218,220,145,166,199,222,165,222,193,161,154,199,143,224,225,229,169,174,196,186,180,153,192,170,166,235,165,152,212,153,206,196,189,239,174,193,143,227,205,218,164,200,187,165,166,235,207,204,213,199,212,219,233,207,238,237,192,167,227
182,169,134,177,199,186,194,186,151,154,127,156,155,167,120,126,167,173,182,180,114,95,133,179,137,118,155,125,129,155,142,0,175,112,171,131,143,173,136,169,153,155,169,149,162,177,176,160,178,178,176,167,166,181,174,183,178,177,180,139,138,176,177,157,168,182,184,163,177,180,162,182,185,185,183,186,151,186,177,157,180,181,188,184,178,177,187,188,186,165,186,163,150,183,183,176,166,183,142,156,181,186,181,171,152,178,185,142,182,180,161,174,161,180,172,177,164,174,173,172,153,163,167,165,165,165,163,163,161,159,152,158,159,159,157,121,157,156,151,152,153,151,142,140,145,145,147,147,144,139,139,140,141,132,134,134,137,135,129,134,132,132,128,124,120,128,126,106,124,111,120,116,117,116,113,107,110,109,107,106,103,105,91,103,101,99,92,96,93,94,93,92,89,88,86,85,83,83,81,79,77,73,74,72,70,67,65,65,65,63,61,58,57,56,54,53,51,49,47,46,44,44,42,40,37,36,34,32,30,28,26,25,23,21,19,17,16,14,12,10,8,6,4,2,0,0,0,0,0,0,0,2,4,6,8,10,12,14,16,18,20,22,24,26,28,30,32,34,36,37,39,39,41,43,43,46,48,49,51,53,54,55,56,59,60,61,61,64,65,66,69,68,70,72,75,74,78,79,81,79,84,86,88,90,89,92,93,85,95,94,98,99,100,102,101,102,105,104,105,107,110,109,112,111,111,112,113,114,110,120,119,120,122,124,126,127,113,126,115,129,129,129,129,135,136,136,0,141,138,138,142,144,140,147,145,149,138,148,152,148,154,156,148,154,149,158,159,139,149,154,163,165,158,162,165,166,170,134,173,163,173,150,153,177,175,133,175,178,180,178,174,179,182,170,128,182,185,180,178,177,188,183,156,128,191,185,194,160,177,195,193,197,163,198,193,191,199,195,196,166,159,151,193,144,201,193,197,142,196,208,167,213,188,211,163,212,214,206,215,198,215,163,175,218,145,163,215,224,185,211,222,220,177,223,136,202,206,207,185,157,162,195,194,182,200,162,184,228,188,229,188,150,190,143,168,229,202,177,231,208,230,172,185,163,174,231,208,190,131,173,230,231,231,158,178,209,231,174,229,200,167,159,204,147,227,228,230,170,175,195,186,178,150,189,166,162,229,159,144,204,143,196,185,177,227,159,178,127,210,187,200,144,179,166,143,142,211,183,178,187,172,185,191,204,176,207,204,159,133,192
182,170,136,178,201,191,200,193,158,161,136,167,168,178,133,141,181,188,199,198,133,117,156,202,162,143,181,151,158,183,169,182,203,140,197,157,172,201,164,196,178,180,195,175,186,202,200,182,201,201,197,189,188,203,195,204,199,197,199,159,157,196,195,175,187,200,202,181,194,197,178,199,201,200,197,200,163,198,187,166,190,190,196,191,185,181,193,193,190,169,189,165,149,183,181,174,163,180,138,151,175,180,174,162,144,171,177,135,174,172,153,167,153,173,166,170,156,168,166,165,146,156,161,159,159,159,158,157,155,154,144,153,154,153,152,115,151,151,146,147,148,147,137,135,140,140,142,142,139,135,135,134,136,128,130,129,133,129,125,129,128,128,123,121,117,124,123,103,120,108,117,114,114,114,111,105,108,106,105,104,102,104,90,102,98,99,92,96,93,94,93,92,89,88,86,85,83,83,81,78,78,74,75,73,71,68,66,66,66,64,62,60,59,58,56,55,53,51,49,48,46,46,44,42,39,38,36,34,32,30,28,27,25,23,21,19,18,16,14,12,10,8,6,4,2,0,0,0,0,0,0,0,2,4,6,8,10,12,14,16,18,20,22,24,26,28,30,32,34,35,37,37,39,41,41,44,46,47,49,50,51,52,53,56,57,58,58,61,62,63,66,65,68,70,72,71,75,77,79,77,82,84,86,88,87,90,91,83,93,92,95,96,96,99,98,99,102,102,102,104,107,105,109,106,108,107,110,110,105,112,111,111,112,112,112,112,96,109,0,111,112,112,113,118,119,120,98,124,122,121,125,128,124,131,130,134,122,133,137,132,139,140,132,137,134,143,143,124,133,138,146,149,141,146,149,150,154,118,156,147,157,134,139,161,159,119,160,162,164,164,158,163,167,155,112,167,169,163,160,159,168,163,136,106,169,164,170,137,153,169,167,170,135,169,164,161,168,164,164,134,126,117,158,110,165,156,159,104,156,168,125,171,146,166,118,166,166,160,167,148,165,112,122,165,91,108,161,169,129,156,166,164,122,167,79,146,149,150,129,101,104,140,138,124,144,105,126,170,130,170,131,92,132,84,110,169,142,117,171,147,168,110,123,100,112,166,144,125,64,0,166,168,170,98,119,152,174,120,175,147,117,108,155,99,179,180,184,124,132,151,143,137,109,149,127,124,192,123,108,169,109,163,156,146,199,132,151,104,187,167,178,125,161,149,127,128,196,168,165,174,163,175,183,197,170,201,200,155,129,190
228,216,182,224,248,236,246,239,204,207,181,213,214,223,177,186,226,232,245,243,177,163,201,246,205,186,223,191,199,223,208,221,240,175,233,192,207,234,198,228,209,211,225,204,216,230,228,209,225,227,223,213,212,226,217,224,219,216,218,177,175,212,211,189,201,214,215,193,206,209,187,210,211,210,207,210,172,208,195,174,199,198,206,199,194,189,202,202,199,178,197,174,156,191,189,180,168,188,145,156,181,187,180,167,148,176,182,140,178,178,156,172,156,178,171,175,159,173,171,169,149,160,166,164,164,164,163,162,161,159,147,158,158,158,156,120,156,155,149,152,152,151,142,138,144,144,146,146,143,140,139,139,141,131,134,132,137,133,129,133,131,131,126,123,117,127,125,105,123,109,119,115,116,115,111,107,110,109,106,107,104,106,92,104,101,100,93,97,94,94,94,94,91,90,88,87,85,84,83,80,79,75,76,74,72,69,67,67,67,65,63,61,60,59,57,56,54,52,50,49,47,47,45,43,40,39,37,35,33,31,29,28,26,24,22,20,19,17,15,13,11,9,7,5,2,2,0,0,0,0,0,0,0,2,4,6,8,10,12,14,16,18,20,22,24,26,28,30,32,33,35,35,37,39,39,42,44,45,47,49,50,51,52,54,55,55,0,58,59,60,63,62,65,67,69,68,72,74,76,74,79,81,83,85,84,87,88,82,90,89,93,94,95,97,96,97,100,100,100,103,106,105,108,107,107,108,109,110,106,114,114,115,117,119,120,122,108,120,110,123,124,124,125,129,130,131,109,135,133,133,135,137,132,138,135,138,127,136,138,134,138,139,131,135,131,138,138,117,125,130,137,138,129,132,133,133,136,98,137,126,136,111,116,137,133,92,132,133,134,131,126,128,132,121,0,133,136,131,129,129,140,135,109,78,144,139,147,116,131,149,148,152,118,153,149,147,155,151,153,124,118,107,150,103,159,151,156,99,155,167,126,170,146,169,119,171,173,166,175,158,176,122,135,179,104,122,177,186,149,175,186,185,145,190,102,173,175,178,156,130,132,170,170,155,178,140,160,206,167,208,168,133,171,125,153,212,187,162,218,195,218,161,176,154,167,223,201,184,125,169,226,227,229,158,179,211,232,177,232,205,173,164,211,153,234,235,239,179,186,206,198,191,163,203,179,179,244,177,161,221,161,215,207,197,249,182,201,155,235,215,227,172,210,198,176,177,244,215,212,221,209,223,229,241,217,248,246,203,175,236
244,231,196,237,261,249,257,250,214,216,189,220,220,229,183,192,230,236,248,246,179,163,200,246,204,186,222,190,198,222,208,221,240,174,232,191,206,234,197,228,208,210,225,203,216,229,226,208,225,225,222,211,210,223,215,222,217,215,216,175,172,210,209,187,198,210,213,190,203,205,183,206,207,206,202,206,169,203,191,170,195,195,201,197,189,186,197,197,194,173,192,169,152,186,185,174,162,183,140,151,177,181,175,161,143,170,177,134,172,172,151,166,151,172,164,169,153,166,164,163,142,154,158,156,156,156,155,154,152,150,138,0,149,150,147,113,150,151,147,150,151,151,143,141,147,148,150,151,148,144,143,144,145,135,138,137,141,138,132,136,134,134,130,126,122,129,128,107,125,112,121,117,118,117,114,108,111,110,108,107,104,106,92,104,102,100,93,97,94,95,94,93,90,90,87,87,85,85,83,80,79,75,76,74,72,69,67,67,67,65,63,61,60,59,57,56,54,52,50,49,47,47,45,43,40,39,37,35,33,31,29,28,26,24,22,20,19,17,15,13,11,9,7,5,0,2,2,0,0,0,0,0,0,0,2,4,6,8,10,12,14,16,18,20,22,24,26,28,30,32,34,34,36,38,39,41,43,44,46,48,49,50,51,54,55,56,56,59,60,61,64,63,66,68,70,69,73,75,77,75,80,82,84,86,85,88,89,83,91,90,93,95,96,98,97,98,101,101,101,104,107,106,109,108,108,109,110,111,107,117,116,117,120,122,124,125,111,124,115,127,128,127,128,134,135,135,115,140,137,137,141,143,139,146,145,149,140,150,152,149,154,156,149,154,151,159,159,140,149,155,163,166,158,162,165,166,170,134,173,165,174,150,155,178,175,136,176,178,181,180,175,180,183,172,128,184,186,181,179,179,189,185,158,128,193,189,196,164,179,197,195,199,165,200,196,193,201,198,199,171,164,153,196,150,205,198,202,146,201,213,172,216,191,214,165,216,218,209,219,202,219,166,179,222,147,167,220,230,193,218,230,228,189,233,144,216,218,221,199,173,175,214,212,197,220,182,201,248,208,250,210,174,213,166,195,254,229,204,260,237,259,203,218,195,209,265,242,225,165,211,267,268,270,199,219,252,272,217,272,245,213,204,251,193,274,275,278,218,226,246,238,232,203,243,219,219,283,216,198,258,197,251,242,232,283,215,234,186,266,246,257,201,239,226,202,202,270,240,236,245,232,245,251,262,237,268,265,220,191,253
231,219,185,225,250,240,248,242,207,208,182,216,216,224,179,190,227,234,247,246,179,166,204,250,210,191,228,195,205,228,213,227,246,178,237,196,213,240,204,233,213,215,230,210,221,235,233,213,229,232,228,218,217,231,222,230,225,222,223,183,181,218,216,193,207,219,221,199,211,214,191,214,216,215,213,215,178,213,199,179,205,204,212,205,200,193,208,208,205,183,203,178,160,195,195,184,172,193,150,161,187,193,185,171,153,182,188,146,182,183,161,177,161,183,177,181,164,179,177,175,154,166,172,169,170,170,169,168,167,165,151,163,164,164,162,126,162,161,155,158,159,157,147,144,151,150,152,153,149,146,144,145,147,137,140,138,143,139,134,138,136,136,131,128,123,131,130,109,127,113,123,119,120,119,115,110,113,112,109,109,106,108,94,106,103,102,95,99,96,96,96,95,92,91,89,88,86,85,84,81,80,76,77,75,73,71,69,69,69,67,65,63,62,61,59,58,56,54,52,51,49,49,47,45,42,41,39,38,36,34,32,31,29,27,25,23,22,20,18,16,14,12,10,8,5,5,4,2,0,0,0,0,0,0,0,2,4,6,8,10,12,14,16,18,20,22,24,26,28,30,32,32,34,36,37,39,41,42,44,46,47,48,49,52,53,54,54,57,58,59,62,61,64,66,68,67,71,73,75,73,78,80,82,84,83,86,87,83,89,88,92,93,94,96,95,96,99,99,99,102,105,104,107,106,106,107,108,109,106,115,115,115,118,120,122,124,109,122,113,125,126,126,127,132,133,133,114,138,135,135,139,141,136,144,142,146,138,147,149,146,151,153,146,151,149,154,154,134,142,147,154,155,146,149,150,150,153,0,154,143,153,129,135,157,154,117,155,158,161,159,155,159,162,153,106,164,166,160,159,159,169,165,138,107,173,170,176,145,159,177,175,179,145,179,175,173,180,177,178,150,142,129,172,125,179,172,175,115,172,184,142,184,160,181,131,180,181,173,180,161,178,124,135,179,0,105,178,187,150,176,187,186,147,191,102,175,176,180,157,133,133,173,172,156,180,143,161,207,168,209,169,136,172,125,155,213,188,163,219,196,219,162,178,155,170,224,203,185,125,170,227,228,230,161,181,213,233,180,233,207,176,165,214,154,235,236,240,180,189,207,200,194,164,205,180,182,245,180,161,222,161,216,210,198,251,183,202,158,237,218,228,173,212,201,178,179,246,216,213,222,212,225,232,243,220,250,249,205,175,239
252,240,206,246,272,260,270,263,227,227,199,234,234,240,193,206,241,247,261,258,189,177,214,259,218,199,235,201,212,235,221,234,252,184,243,201,220,247,210,241,219,221,238,216,228,243,240,219,235,239,235,225,224,237,229,235,230,228,229,189,186,223,222,198,212,225,226,204,217,220,195,221,222,221,218,221,183,219,203,183,210,209,217,210,205,198,213,213,210,189,208,185,165,202,200,188,176,199,156,165,192,198,191,175,157,187,193,151,186,189,165,183,165,189,182,186,168,184,182,180,157,171,176,174,174,174,173,172,170,168,153,167,167,167,165,129,165,164,158,161,161,160,151,147,154,153,155,156,152,148,147,148,149,139,142,140,145,142,136,140,138,138,134,130,125,133,132,111,129,115,125,121,122,121,117,112,115,114,111,111,109,111,97,109,106,105,98,102,99,99,99,98,95,94,92,91,89,88,87,84,83,79,80,78,76,73,71,71,71,69,67,65,64,63,61,60,58,56,54,53,51,51,49,47,44,43,41,40,38,36,34,33,31,29,27,25,24,22,20,18,16,14,12,10,7,7,6,4,2,0,0,0,0,0,0,0,2,4,6,8,10,12,14,16,18,20,22,24,26,28,30,30,32,34,35,37,39,40,42,44,45,47,48,51,52,53,53,56,57,58,61,60,63,65,67,66,70,72,74,72,75,78,80,82,81,84,85,82,87,86,90,91,92,94,93,94,96,97,0,98,101,100,103,102,102,103,105,105,102,111,111,111,114,116,118,120,105,118,111,121,122,122,123,128,129,130,112,134,132,132,135,138,134,141,140,144,136,144,147,144,149,151,144,149,148,154,155,135,145,151,159,162,154,159,161,162,166,129,169,161,170,146,153,174,171,134,171,173,174,172,166,170,173,161,116,172,173,167,164,162,170,166,137,0,172,167,173,144,157,175,174,178,143,178,174,171,179,176,177,151,144,132,175,130,183,178,182,123,182,192,153,195,171,194,144,195,197,190,199,182,200,146,159,203,126,146,201,210,175,199,210,209,171,214,125,199,199,204,180,156,155,196,195,178,203,165,183,229,189,231,191,158,194,147,178,235,210,185,241,218,240,184,201,176,192,246,223,206,145,193,248,249,251,182,203,235,254,201,254,229,197,185,235,174,256,257,261,200,210,228,222,216,185,227,201,203,266,202,182,243,182,237,231,219,271,204,223,180,257,239,249,193,234,222,200,201,268,237,234,243,233,247,253,263,241,272,270,227,196,260
219,207,171,210,237,224,232,225,190,189,162,196,195,203,156,168,204,210,223,220,152,141,175,222,180,161,197,163,175,197,184,196,215,145,205,163,181,209,171,203,182,183,200,178,190,203,200,179,196,199,196,185,184,197,189,196,191,188,189,147,144,183,182,157,170,182,185,162,175,177,152,177,178,178,174,177,140,175,159,140,166,167,173,168,160,154,169,168,165,143,163,139,120,156,155,142,130,153,110,119,147,151,145,128,110,140,146,93,0,143,121,140,123,148,142,148,130,147,146,146,125,140,145,144,145,146,145,146,145,145,130,85,147,148,147,112,148,149,145,148,149,148,139,136,141,141,143,143,139,136,133,135,138,0,132,133,138,137,133,137,136,136,132,129,125,132,131,110,128,115,124,120,121,120,118,112,115,114,112,111,110,112,98,110,107,106,99,103,100,100,100,99,96,95,93,92,90,89,88,85,84,80,81,80,78,75,73,73,73,71,69,67,66,65,63,62,60,58,56,55,53,53,51,49,46,45,43,42,40,38,36,35,33,31,29,26,26,24,22,20,18,16,14,12,9,9,8,6,4,2,0,0,0,0,0,0,0,2,4,6,8,10,12,14,16,18,20,22,24,26,28,28,30,32,33,35,37,38,40,42,43,45,46,49,50,52,53,55,56,57,60,59,62,64,66,65,69,71,73,71,76,78,80,82,81,84,85,83,87,86,89,91,92,94,93,94,97,98,98,100,103,102,105,104,104,105,106,107,102,112,111,112,115,117,118,118,104,118,110,121,121,121,120,126,127,128,111,132,130,130,133,136,131,139,138,142,135,143,145,142,147,149,142,147,144,152,152,133,141,148,156,159,151,155,158,159,163,127,166,160,165,143,150,171,168,132,169,171,174,173,168,173,176,165,122,177,179,174,172,171,182,177,150,122,185,183,188,158,171,189,187,191,157,192,188,185,193,190,190,165,158,144,187,144,195,191,195,136,194,204,166,207,182,205,156,207,209,200,210,192,209,157,169,213,138,157,211,220,184,209,220,218,181,223,133,209,208,213,189,166,164,206,204,187,212,175,191,238,198,239,200,168,202,155,186,243,218,193,248,226,248,191,209,184,199,253,231,213,152,202,255,257,258,190,210,240,258,205,256,231,199,185,236,174,254,255,258,196,207,223,216,211,178,219,193,195,256,193,170,231,169,224,217,205,256,188,207,163,239,221,230,173,214,202,177,177,245,213,209,218,207,220,226,235,212,243,240,196,164,228
232,220,186,224,251,241,249,243,208,207,180,217,217,223,177,192,226,233,248,246,177,169,205,251,211,192,229,194,208,231,217,231,250,178,238,197,217,244,207,237,215,217,234,214,225,239,237,215,231,236,232,222,221,235,226,234,229,226,227,187,185,222,220,195,211,223,225,203,215,218,192,218,220,219,217,219,182,217,200,181,209,208,216,209,204,195,212,212,209,187,207,182,162,199,199,185,173,197,154,163,191,198,190,174,156,187,193,151,185,188,164,182,164,189,182,186,167,184,182,180,157,171,177,174,175,175,174,173,171,170,153,169,169,169,167,131,167,166,160,163,163,162,152,149,156,155,157,158,154,150,149,150,151,141,144,142,147,144,138,142,140,140,136,132,127,135,134,113,131,117,127,123,124,123,119,114,117,116,113,113,111,113,99,111,108,107,100,104,101,101,101,100,97,96,94,93,91,90,89,86,85,81,82,81,79,76,74,74,74,72,70,68,67,66,64,63,61,59,57,56,54,54,52,50,48,47,45,44,42,40,38,37,35,33,31,28,28,26,24,22,20,18,16,14,11,11,10,8,6,4,2,0,0,0,0,0,0,0,2,4,6,8,10,12,14,16,18,20,22,24,26,26,28,30,31,33,35,37,38,40,41,43,44,47,48,50,51,53,54,55,58,57,60,62,64,63,67,69,71,69,74,76,78,80,79,82,83,82,85,84,88,89,90,92,91,92,95,96,96,98,101,100,103,102,101,103,105,105,103,111,112,111,115,117,119,121,105,119,114,122,123,123,124,128,129,130,115,134,132,132,135,138,133,141,139,143,137,144,146,143,148,150,143,148,147,153,154,134,144,150,159,162,153,158,161,161,166,128,167,162,168,144,154,173,169,134,171,174,176,175,169,173,176,166,120,175,177,170,168,167,175,171,143,113,176,173,177,148,159,176,173,175,140,173,169,166,172,169,169,142,135,120,162,118,169,164,168,0,165,176,136,178,155,177,127,177,178,170,177,158,175,121,132,176,51,0,175,184,149,173,184,183,146,188,96,174,173,179,154,132,129,172,171,153,179,142,158,204,165,206,166,135,169,119,154,210,185,160,216,193,216,159,177,152,169,221,200,182,120,169,224,225,227,160,180,212,230,179,230,206,175,161,213,150,232,233,237,176,188,204,199,193,161,204,178,181,243,180,158,220,159,214,210,197,249,182,201,159,236,219,226,171,213,202,179,180,247,215,212,221,213,226,233,242,221,251,250,206,172,240
174,163,129,168,197,186,196,188,155,153,124,163,164,170,123,139,174,181,197,194,124,117,153,199,159,141,178,142,156,180,167,180,200,128,190,148,169,198,160,194,171,173,193,172,184,199,198,175,193,199,196,186,186,200,192,201,196,194,197,157,156,193,193,168,184,198,200,179,192,195,170,197,199,200,197,200,165,200,183,165,195,194,202,197,193,184,202,202,201,180,201,176,156,194,193,178,167,191,150,157,186,192,186,168,150,183,188,148,180,183,159,178,159,185,177,182,162,180,178,176,152,167,173,170,171,171,170,170,167,166,148,165,167,166,165,128,164,164,158,161,161,160,149,147,153,153,155,156,152,147,147,147,149,139,142,141,145,143,136,142,141,140,137,133,128,136,135,115,132,118,129,125,126,125,121,115,119,118,115,115,113,115,101,113,110,109,101,106,103,103,103,102,99,98,96,95,93,92,91,87,87,83,84,83,81,78,76,76,76,74,72,70,68,68,66,65,63,61,59,58,56,56,54,52,50,49,47,46,44,42,40,38,37,35,33,29,30,28,26,24,22,20,18,16,13,13,12,10,8,6,4,2,0,0,0,0,0,0,0,2,4,6,8,10,12,14,16,18,20,22,24,24,26,28,29,31,33,35,36,38,39,41,42,45,46,48,49,51,52,53,56,55,58,60,62,61,65,67,69,67,72,74,76,78,77,80,81,80,83,82,86,87,88,90,89,90,93,95,95,96,99,98,101,100,101,101,103,103,101,109,110,109,113,115,117,119,103,117,114,120,121,121,122,127,128,129,115,133,131,130,134,137,132,140,138,142,137,141,145,141,147,148,140,146,144,150,151,131,141,146,155,157,150,154,157,158,162,128,164,160,165,141,151,169,166,133,167,169,171,169,163,168,170,158,117,168,170,165,161,160,169,164,137,109,170,168,171,143,154,170,168,170,136,169,164,161,168,164,164,139,131,116,158,115,165,160,165,104,162,169,130,171,145,166,116,166,166,158,166,148,164,110,122,164,89,107,160,168,133,154,164,163,126,165,0,150,148,154,129,108,103,147,147,128,155,118,133,179,140,181,142,111,144,96,131,186,161,136,192,170,192,135,155,128,146,197,176,158,95,147,200,202,204,136,157,190,207,156,207,184,152,138,190,127,209,210,214,153,165,180,176,170,134,179,150,152,213,150,125,188,124,180,175,160,211,143,162,119,194,177,184,126,170,156,132,132,199,165,160,169,160,172,178,185,162,194,192,146,0,182
255,243,207,244,272,260,268,262,225,223,194,232,232,236,188,205,237,243,259,254,184,177,212,258,216,198,234,196,211,234,219,233,252,178,239,196,218,246,205,239,215,217,236,215,226,241,238,214,230,237,233,223,222,235,227,234,229,227,227,188,185,223,221,194,211,223,225,204,214,218,190,219,220,218,216,219,182,217,199,179,210,209,215,210,204,194,212,211,209,188,207,183,161,200,198,183,171,197,154,160,191,197,189,170,152,186,191,150,181,187,160,181,160,188,180,185,163,183,181,179,153,170,175,172,173,173,172,171,169,167,147,166,166,166,164,128,164,163,157,160,161,159,149,146,150,152,154,154,152,148,145,148,149,139,142,139,145,142,137,141,139,139,135,131,126,134,133,112,130,116,126,122,123,122,119,114,117,116,113,113,111,113,99,111,108,107,100,104,101,101,101,100,97,96,94,93,91,90,89,86,85,80,82,81,79,76,75,75,75,73,71,69,67,67,65,64,62,60,58,57,55,55,53,51,49,48,46,45,43,41,39,37,36,34,32,0,29,28,26,25,23,21,19,17,15,15,14,12,10,8,6,4,2,0,0,0,0,0,0,0,2,4,6,8,10,12,14,16,18,20,22,22,24,26,27,29,31,33,34,36,37,39,40,43,44,46,47,49,50,51,54,53,56,58,60,58,62,62,62,59,63,63,63,63,0,63,63,60,66,65,69,70,71,73,72,73,76,78,78,79,82,82,85,84,85,85,87,87,85,93,94,93,97,99,101,103,87,101,99,104,105,105,106,111,112,113,100,117,115,115,118,121,117,125,124,128,124,129,131,129,133,135,129,133,132,138,139,119,129,136,145,148,141,145,148,148,152,120,155,152,156,132,142,160,158,125,159,162,165,162,159,163,166,155,115,167,169,163,162,162,172,168,140,115,176,173,179,151,161,180,178,182,147,183,179,176,184,181,182,159,151,136,179,138,188,185,189,131,188,196,160,199,174,197,148,199,201,193,203,185,203,149,162,206,133,152,204,213,180,202,213,212,176,217,127,204,202,209,183,162,158,202,200,181,208,171,185,232,192,234,194,164,197,149,183,238,213,188,244,221,243,187,206,179,198,249,226,209,146,199,251,252,254,188,209,240,257,207,257,234,203,188,241,176,259,260,264,203,216,231,227,222,187,232,204,209,269,208,183,246,183,240,237,222,274,207,226,186,260,245,252,195,239,228,205,206,273,240,237,246,239,252,259,266,246,277,275,231,197,263
233,221,185,221,250,238,246,240,203,200,171,210,210,213,165,183,214,220,237,232,161,155,190,236,194,176,212,173,189,212,197,211,230,155,216,173,196,224,183,218,193,194,214,193,204,219,216,191,209,215,211,201,201,214,205,212,208,205,205,165,162,199,197,170,187,200,201,178,188,194,0,196,198,199,197,201,165,201,182,163,196,195,203,198,194,183,203,203,202,181,202,178,157,197,198,181,170,198,156,162,195,201,194,176,157,192,198,157,189,193,166,187,166,194,186,191,169,189,187,185,158,176,181,178,179,179,177,178,175,173,152,172,173,173,171,135,171,170,164,166,167,165,154,152,157,158,160,160,158,153,152,153,155,144,148,145,151,147,142,147,145,145,140,137,132,140,139,118,136,121,132,128,129,128,124,119,122,121,118,118,116,118,104,116,113,112,104,109,106,106,106,105,102,101,99,98,96,95,94,90,90,86,87,86,84,81,79,79,79,77,75,73,71,71,69,68,66,64,62,61,59,59,57,55,53,52,50,49,47,45,43,41,40,38,36,32,33,31,29,27,25,23,21,19,17,17,16,14,12,10,8,6,4,2,0,0,0,0,0,0,0,2,4,6,8,10,12,14,16,18,20,20,22,24,25,27,29,31,32,34,36,38,39,42,43,45,46,48,49,50,53,52,55,57,59,58,62,64,66,64,69,71,73,75,74,77,78,77,80,79,83,84,85,87,86,87,90,92,92,93,96,94,98,96,98,97,100,100,97,106,107,106,110,112,114,116,100,114,113,117,118,118,119,124,125,126,114,130,128,128,131,134,130,137,136,140,137,141,143,140,145,147,140,144,143,149,150,130,140,146,155,158,151,155,158,159,163,132,166,163,167,143,154,171,168,137,169,172,175,173,169,173,176,166,127,177,179,174,172,172,182,178,151,127,186,184,189,163,172,190,188,192,158,193,189,186,194,191,191,169,162,145,188,148,197,195,199,141,199,206,170,208,184,205,155,205,205,198,206,187,204,150,162,205,132,151,202,209,176,196,207,205,170,208,117,195,191,198,170,151,144,188,186,165,191,154,166,212,171,212,171,142,172,0,160,214,188,164,220,196,220,162,182,155,174,224,203,185,121,175,227,228,230,165,185,217,233,184,233,211,180,164,218,152,235,236,240,179,193,207,204,198,163,209,180,186,245,184,159,222,159,216,214,198,251,183,202,163,237,222,228,171,216,205,182,183,250,216,213,222,216,229,236,243,224,254,252,209,173,241
240,228,194,230,260,248,258,251,216,213,185,225,226,229,181,200,232,238,257,251,181,177,212,256,216,197,233,194,211,233,219,233,250,175,237,194,218,245,204,239,214,215,236,215,226,241,239,212,230,238,233,224,223,236,228,234,229,227,228,189,186,222,221,193,211,224,225,204,213,219,189,220,221,219,217,220,182,218,196,178,210,208,216,209,205,192,213,212,210,189,208,183,160,201,199,181,170,198,155,159,191,198,190,169,151,187,192,151,183,188,159,182,159,189,181,186,162,184,182,179,152,170,177,174,175,175,174,173,172,170,147,169,169,169,167,132,167,166,160,163,163,162,152,149,154,155,157,157,154,151,149,151,152,142,145,142,148,145,140,144,142,142,138,134,128,138,136,116,134,119,130,126,127,126,122,118,121,120,117,117,115,117,103,115,112,111,104,108,105,105,105,104,101,100,98,97,95,94,93,90,89,85,86,85,83,80,78,78,78,76,74,72,0,70,69,68,67,65,63,62,60,60,58,56,54,53,51,50,48,46,44,42,41,39,38,34,35,33,31,29,27,25,23,21,19,19,18,16,14,12,10,8,6,4,2,0,0,0,0,0,0,0,2,4,6,8,10,12,14,16,18,18,20,22,23,25,27,29,30,32,34,36,37,40,41,43,44,46,47,48,51,50,53,55,57,56,60,62,64,62,67,69,71,73,73,75,76,75,78,77,81,82,83,85,84,85,88,90,90,91,94,93,96,95,96,96,98,98,96,104,105,104,108,110,112,114,98,112,112,115,116,116,117,121,123,124,113,128,126,126,129,132,127,135,134,137,136,138,141,139,142,144,138,141,139,144,145,124,132,138,145,146,136,140,141,140,143,112,144,142,143,118,130,144,140,109,140,142,143,139,135,0,141,131,92,143,146,140,139,139,149,145,117,94,153,150,156,131,139,158,156,160,125,161,157,154,162,159,160,139,131,113,157,117,166,164,167,111,168,175,140,177,153,176,125,177,179,172,181,164,182,127,141,185,113,133,183,192,161,181,192,191,157,196,108,185,181,190,162,143,137,182,182,161,190,153,166,212,173,214,174,147,176,131,165,218,193,168,224,201,224,167,188,160,179,229,207,190,127,181,232,233,235,171,191,223,238,189,238,217,185,169,224,157,240,241,245,184,198,212,210,204,168,215,185,192,250,190,164,227,164,221,219,203,255,188,207,169,241,227,233,176,221,210,188,189,256,221,218,227,221,235,241,247,229,260,258,215,180,248
173,162,128,163,194,184,193,186,152,147,118,161,162,164,117,137,168,175,194,189,118,115,151,197,157,139,176,136,154,178,165,179,199,122,185,143,168,197,155,192,167,168,192,172,182,199,197,169,188,197,193,185,184,199,191,200,195,193,195,156,155,192,191,163,183,197,199,178,188,194,156,196,198,198,196,199,164,199,177,160,194,193,201,195,192,179,201,201,200,179,200,176,153,195,192,175,164,192,151,154,187,193,186,165,147,184,188,149,179,184,156,179,156,186,178,183,159,181,179,177,150,168,175,171,173,173,172,171,168,168,144,166,168,167,166,130,165,165,159,161,162,161,150,148,153,154,156,156,153,149,148,148,150,140,144,141,147,143,138,143,142,142,137,135,130,138,137,117,133,120,131,127,127,127,123,117,122,120,118,118,117,119,105,117,113,114,106,111,107,108,108,107,104,103,101,100,98,97,96,92,92,88,89,88,86,83,80,81,81,79,77,75,73,73,71,71,69,67,65,64,62,62,60,58,56,55,53,52,50,48,46,44,43,41,40,36,37,35,33,31,29,27,25,23,21,21,20,18,16,14,12,10,8,6,4,2,0,0,0,0,0,0,0,2,4,6,8,10,12,14,16,16,18,20,22,24,26,28,29,31,33,35,36,39,40,42,43,45,46,47,50,49,52,54,56,55,59,61,63,61,66,68,70,72,72,74,75,74,77,76,80,81,82,84,83,84,87,89,89,90,93,92,95,94,95,95,97,97,95,103,104,104,107,109,111,113,95,111,111,114,114,115,115,120,121,122,112,126,124,122,127,130,126,133,132,136,132,136,139,135,141,142,134,140,139,144,145,125,135,140,149,151,145,149,152,152,156,127,159,158,160,136,149,164,162,132,163,165,167,166,161,167,169,159,122,169,172,167,164,164,174,169,143,121,177,176,179,155,162,178,176,179,144,178,172,170,177,172,173,153,143,125,167,128,174,172,175,118,174,180,144,181,156,176,127,176,176,170,177,158,176,122,133,176,106,125,173,180,149,167,177,176,141,179,92,166,161,170,140,122,113,160,158,135,164,126,137,182,142,182,142,115,142,98,130,182,155,130,184,161,182,124,146,115,136,182,162,142,77,133,182,182,182,119,137,169,181,133,178,157,126,106,162,93,175,175,177,115,130,140,140,133,94,142,110,116,172,111,0,147,0,141,142,125,178,111,130,93,166,154,158,101,148,138,116,117,185,150,146,156,153,164,172,178,158,191,190,146,111,181
210,198,164,198,229,219,228,221,186,181,153,195,195,197,150,170,200,207,226,220,150,148,183,229,188,171,207,167,186,209,195,211,229,154,216,173,198,227,185,221,196,198,220,201,212,228,226,199,218,227,223,215,214,229,221,230,225,223,225,187,185,222,221,192,212,225,227,205,214,220,189,220,222,221,218,221,184,219,198,178,212,211,217,211,207,194,215,214,212,192,210,186,161,203,201,182,171,201,159,161,195,201,193,172,153,192,196,156,188,191,162,186,162,194,184,191,165,188,187,183,155,175,181,177,180,179,178,178,174,174,149,172,173,172,171,135,170,170,164,167,167,166,154,153,158,159,161,161,158,154,153,153,156,146,149,146,152,147,143,148,146,146,141,139,134,142,141,120,138,123,134,130,131,130,126,121,124,123,120,120,118,120,106,118,115,114,107,111,108,108,108,107,104,103,101,100,98,97,96,92,92,88,89,88,86,83,81,81,81,79,77,75,73,73,71,70,68,66,64,63,61,61,59,57,55,54,52,51,49,47,0,44,43,41,41,37,38,36,34,32,30,28,26,24,23,23,22,20,18,16,14,12,10,8,6,4,2,0,0,0,0,0,0,0,2,4,6,8,10,12,14,14,16,18,20,22,24,26,28,30,32,34,34,37,38,40,41,43,44,45,48,47,50,52,54,53,57,59,61,59,64,66,68,70,71,72,73,72,75,74,78,79,80,82,81,82,85,87,87,88,91,90,93,92,93,93,95,95,93,102,103,102,106,108,110,112,95,110,112,113,114,114,115,120,121,122,114,126,124,124,127,130,126,134,132,136,134,137,139,137,141,143,136,140,140,145,146,126,136,142,151,154,147,151,154,154,158,131,161,161,162,138,152,166,164,135,165,168,170,168,164,169,172,162,126,173,175,169,168,167,178,173,146,126,182,179,184,161,167,185,184,187,152,188,183,181,188,184,184,163,155,135,179,139,186,184,185,131,186,190,155,191,167,187,137,187,187,181,188,169,186,131,143,186,117,135,183,190,160,178,188,186,153,189,104,178,172,181,151,134,125,171,169,146,175,137,148,193,153,194,153,126,154,110,142,193,166,140,195,171,192,134,156,125,146,193,171,151,0,143,192,194,196,133,153,186,200,153,200,180,150,131,188,120,203,204,208,147,163,175,174,169,131,180,149,156,214,155,128,191,129,185,186,168,221,153,173,135,208,195,199,142,188,178,155,156,224,188,185,194,190,203,210,216,198,229,228,183,149,218
181,168,133,164,197,184,192,184,149,141,112,155,154,154,105,126,154,161,180,171,99,97,133,177,136,117,153,111,129,153,138,151,169,0,153,110,136,165,122,161,134,136,161,141,154,170,169,140,160,171,168,160,159,174,167,175,170,169,172,133,132,168,169,138,161,175,176,157,165,174,143,176,178,177,176,179,142,179,156,138,174,172,181,173,172,158,182,181,181,160,180,156,131,175,173,154,143,176,134,135,172,179,173,150,132,173,178,139,171,176,145,172,147,180,173,179,152,178,177,174,146,167,175,171,174,173,172,172,168,168,142,166,168,168,166,131,166,165,160,162,162,161,150,149,154,155,157,157,154,150,149,149,152,141,145,143,148,145,139,145,144,143,139,136,132,141,139,119,137,122,133,130,131,130,126,120,124,123,120,120,118,120,106,118,115,114,106,113,110,109,110,109,106,105,103,102,100,99,98,94,94,90,91,90,88,85,83,83,83,81,79,77,75,75,73,72,70,68,66,65,63,63,61,59,57,56,54,53,51,49,47,45,44,42,41,37,38,36,34,33,31,29,27,25,24,24,23,22,20,18,16,14,12,10,8,6,4,2,0,0,0,0,0,0,0,2,4,6,8,10,12,12,14,16,18,20,22,24,26,28,30,32,34,36,37,39,40,42,43,44,47,46,49,51,53,52,56,58,60,58,63,65,67,69,70,71,72,72,74,73,77,78,79,81,80,81,84,86,86,87,90,90,92,92,92,93,94,94,92,101,102,101,105,107,109,111,94,109,112,112,112,114,113,118,119,120,114,124,122,123,125,128,123,131,129,133,132,133,136,134,138,140,133,137,137,142,143,123,133,139,148,150,143,147,150,150,154,129,156,157,157,133,150,161,159,132,160,162,165,164,158,165,167,156,123,167,168,162,160,158,168,163,134,116,168,166,170,146,151,169,166,169,134,168,163,161,167,163,164,144,136,115,157,121,165,163,166,111,167,171,137,172,147,167,116,167,167,160,167,148,165,111,123,166,98,116,163,170,140,158,167,166,134,168,83,157,150,160,129,113,0,152,152,128,160,123,133,179,140,181,142,117,144,102,135,186,160,135,191,170,191,134,159,127,150,196,176,157,95,152,199,201,202,141,161,193,205,159,204,187,155,135,194,124,206,208,211,151,168,178,179,174,134,185,151,160,216,157,127,190,126,182,183,163,215,146,165,129,198,186,188,130,176,166,143,143,210,171,167,175,172,184,190,193,173,206,203,158,123,191
237,224,189,220,253,242,249,243,206,199,170,213,213,212,164,186,213,219,240,231,160,159,193,239,197,179,215,172,192,215,200,214,233,155,215,174,199,227,182,220,191,193,217,196,208,222,219,190,207,218,214,204,203,216,208,215,210,208,208,169,166,203,201,170,191,203,206,184,190,198,165,199,200,198,195,199,162,196,172,152,189,188,194,186,183,168,191,190,188,167,186,162,135,179,174,154,142,176,134,132,170,175,167,142,124,164,169,129,159,165,132,159,132,166,157,163,134,160,158,156,124,147,153,149,151,151,150,149,146,145,116,143,144,144,142,107,142,141,135,138,0,137,126,124,130,131,132,133,129,125,124,124,126,115,118,116,121,117,111,116,114,114,109,106,101,109,108,88,103,89,100,96,96,95,91,85,89,88,85,85,82,85,65,0,82,83,77,84,82,83,85,86,85,86,85,85,84,84,85,83,84,82,84,85,85,84,83,83,84,82,80,78,76,75,74,73,71,69,67,66,64,64,63,61,59,58,56,55,53,51,49,47,46,44,43,39,40,38,36,34,32,30,28,27,26,26,25,24,22,20,18,16,14,12,10,8,6,4,2,0,0,0,0,0,0,0,2,4,6,8,10,10,12,14,16,18,20,22,24,26,28,30,32,34,35,37,38,40,41,42,45,44,47,48,50,49,53,55,57,55,60,62,64,66,67,68,69,69,71,70,74,75,76,78,77,78,81,82,83,83,86,86,88,88,88,89,90,90,88,97,98,97,101,103,105,107,90,105,108,108,109,110,109,114,115,116,112,120,118,119,121,124,119,127,126,130,128,131,132,131,135,137,132,135,134,140,140,120,130,138,144,148,140,144,147,147,151,127,154,154,155,131,147,159,157,130,158,160,163,162,158,163,165,155,122,166,168,162,161,161,171,168,139,122,175,173,178,156,160,179,177,181,146,182,179,175,183,181,181,164,155,134,178,143,188,186,189,137,192,196,165,198,174,196,147,199,201,192,202,184,201,147,161,204,138,158,203,213,184,200,213,210,180,215,132,208,200,212,181,166,158,205,203,179,211,175,183,230,190,232,193,168,196,153,187,236,212,186,242,219,241,185,209,177,201,247,225,208,146,202,249,250,252,192,211,243,254,210,254,236,206,185,243,174,256,257,261,200,218,229,229,224,185,234,201,211,266,209,181,241,180,234,235,215,267,199,217,181,250,239,240,183,228,219,195,195,262,223,219,228,225,237,244,246,228,260,257,213,178,245
258,246,212,243,277,266,275,269,233,227,197,242,242,239,191,215,240,247,268,259,187,188,222,267,226,207,243,200,221,243,228,243,260,185,244,200,228,255,210,248,219,220,245,225,235,251,249,218,236,248,242,234,233,246,238,244,239,237,237,199,196,232,230,198,221,234,235,214,220,229,197,230,231,229,227,230,192,228,203,183,220,218,226,216,215,199,223,222,220,199,218,193,165,211,205,187,175,208,165,164,201,208,199,174,156,197,202,162,193,198,164,192,164,199,191,196,167,193,192,188,157,180,187,183,185,185,184,183,180,179,150,177,178,178,176,141,176,175,168,172,172,171,160,157,163,164,166,166,164,160,158,159,161,150,154,150,157,153,148,153,151,151,146,143,137,146,145,124,142,126,138,134,135,134,131,125,129,128,125,125,123,125,111,123,120,119,111,116,113,113,113,112,109,108,106,105,103,102,101,97,97,92,94,93,91,88,86,86,86,84,82,80,78,78,76,75,73,71,69,68,66,66,65,63,61,60,58,57,55,53,51,49,48,46,45,41,42,40,38,36,34,32,30,29,28,28,27,26,24,22,20,18,16,14,12,10,8,6,4,2,0,0,0,0,0,0,0,2,4,6,8,8,10,12,14,16,18,20,22,24,26,28,30,32,33,35,36,38,39,40,43,42,45,47,49,48,52,54,56,54,59,61,63,65,66,67,68,68,70,69,73,74,75,77,76,77,80,82,82,83,86,87,89,89,89,90,91,91,90,98,99,98,102,104,106,108,91,106,109,109,110,112,112,116,117,118,115,122,0,121,123,126,123,130,130,134,131,135,136,135,139,141,136,139,139,144,145,123,135,143,151,154,147,151,154,154,158,134,161,161,162,138,155,166,164,138,165,168,171,169,166,170,172,163,129,173,175,169,168,168,178,175,146,130,182,180,185,164,167,186,184,188,153,189,185,182,190,187,187,169,161,137,181,145,189,187,188,136,189,193,160,192,170,191,0,193,195,189,198,179,197,143,156,200,135,154,200,208,181,197,208,207,177,211,129,205,196,209,177,163,155,202,200,175,208,172,180,226,186,228,189,165,192,150,184,232,208,182,238,216,237,181,206,173,198,243,221,204,144,199,245,246,248,189,209,240,251,207,251,234,203,182,241,170,253,254,258,198,216,226,226,221,182,232,198,210,264,208,181,240,181,234,237,216,270,202,221,187,255,245,246,190,236,228,206,207,273,234,231,240,239,253,259,262,245,277,275,233,198,265
221,209,176,206,241,230,239,232,198,189,160,207,207,205,157,181,208,216,237,228,157,161,195,240,200,182,219,175,198,221,207,222,240,166,224,181,210,238,193,233,204,206,232,212,224,240,238,207,227,239,235,227,225,239,231,238,232,230,231,193,191,225,224,192,215,228,229,208,213,223,192,223,225,223,221,224,186,222,197,176,215,213,220,210,210,193,218,217,215,195,213,189,160,206,201,181,170,204,162,159,197,206,197,171,152,195,199,160,191,195,160,189,160,196,188,193,163,192,190,187,154,177,186,181,184,184,183,182,179,179,148,177,178,178,176,140,175,175,168,172,171,171,158,157,163,164,166,166,163,159,157,157,161,150,154,150,157,152,148,153,151,151,145,143,137,147,146,125,143,127,139,135,136,135,131,126,130,129,125,126,124,126,112,124,121,120,112,117,114,113,114,113,110,109,107,106,104,102,102,97,98,93,95,94,92,89,88,87,88,86,84,82,80,80,78,77,75,73,70,70,67,68,67,65,63,62,60,59,57,55,53,51,50,48,47,43,44,42,40,38,36,34,32,31,30,30,29,28,26,24,22,20,18,16,14,12,10,8,6,4,2,0,0,0,0,0,0,0,2,4,6,6,8,10,12,14,16,18,20,22,24,26,28,30,31,33,34,36,37,38,41,40,43,45,47,46,50,52,54,52,57,59,61,63,64,66,67,67,69,68,72,73,74,76,75,75,78,80,80,81,84,85,87,87,87,88,89,89,88,96,97,96,100,102,104,106,89,104,107,107,108,110,110,114,115,117,115,120,119,119,121,125,122,129,129,133,131,134,135,133,136,137,129,132,130,134,136,0,124,132,140,143,137,141,144,143,148,125,151,151,152,128,146,156,154,129,155,158,161,159,155,160,162,153,120,164,166,159,159,158,169,164,136,122,173,171,176,155,158,177,175,179,144,179,175,173,180,177,178,162,153,129,174,138,181,179,181,130,182,186,155,186,162,183,132,183,183,176,183,164,181,125,138,181,116,134,178,185,158,174,183,182,151,184,103,176,167,180,145,133,124,169,168,140,173,137,140,188,147,188,147,125,0,108,141,190,164,140,196,174,196,139,165,132,156,201,180,162,103,158,204,206,208,149,168,201,211,167,211,195,163,142,202,130,214,214,219,158,176,185,186,182,141,194,159,170,225,169,142,201,143,195,199,178,231,163,183,149,218,208,208,152,198,192,169,170,238,197,194,203,203,216,222,224,207,241,240,196,162,230
260,248,214,244,279,268,277,271,235,226,195,242,242,239,189,215,240,246,268,258,185,190,223,268,227,208,243,198,222,243,229,243,261,186,242,199,229,256,209,249,219,220,246,226,236,251,249,217,235,248,243,234,233,246,238,245,240,238,238,200,197,233,230,197,222,234,236,215,219,229,199,230,231,229,228,231,193,229,201,182,221,219,227,215,216,197,224,223,221,200,219,194,165,211,204,185,173,208,166,163,202,209,200,173,155,198,203,163,194,198,163,193,163,200,192,197,166,195,193,190,156,181,188,183,186,186,185,183,181,180,148,178,179,179,177,142,177,176,169,173,173,172,160,158,164,165,167,167,165,161,159,160,162,151,155,151,158,154,149,154,152,152,147,144,138,147,146,125,143,127,139,135,136,135,132,126,130,129,126,126,123,126,112,124,121,120,112,117,114,114,114,113,110,109,107,106,104,102,102,98,98,93,95,94,92,89,88,0,88,87,85,83,81,81,79,78,76,74,71,71,68,69,68,66,64,63,61,60,58,56,54,52,51,49,49,45,46,44,42,40,38,36,34,33,32,32,31,30,28,26,24,22,20,18,16,14,12,10,8,6,4,2,0,0,0,0,0,0,0,2,4,4,6,8,10,12,14,16,18,20,22,24,26,28,29,31,32,34,35,36,39,38,41,43,45,44,48,50,52,51,55,57,59,61,62,64,65,65,67,66,70,71,72,74,73,74,77,79,79,80,83,84,86,86,86,87,88,88,87,95,96,95,99,101,103,105,88,103,106,106,107,109,109,113,114,116,115,119,118,118,120,124,120,128,128,132,129,133,134,133,137,138,133,137,137,142,143,122,133,140,148,151,145,149,152,151,156,134,159,159,160,136,154,164,161,137,163,166,169,167,163,168,170,160,129,171,173,167,166,166,176,172,143,129,180,178,183,163,165,184,181,184,148,183,178,175,182,178,178,162,152,0,173,138,182,181,184,134,187,191,162,193,170,192,142,193,195,189,197,180,198,142,157,201,136,156,200,208,183,197,208,207,178,212,131,207,197,211,177,165,157,204,202,175,210,174,180,227,187,229,189,167,194,152,186,233,208,182,239,216,238,182,208,174,200,244,222,204,146,201,246,247,249,191,210,242,252,209,252,236,205,183,243,170,254,255,259,198,218,226,227,223,182,234,199,211,264,209,183,241,183,235,239,217,270,202,221,189,256,247,247,190,236,230,208,208,275,235,232,241,241,254,261,262,245,279,277,234,200,267
266,254,219,247,284,271,280,273,236,226,195,244,244,239,189,217,240,247,268,259,185,191,224,269,228,209,246,198,223,246,231,245,263,188,244,199,230,257,209,251,218,220,248,226,238,253,250,217,235,249,243,235,234,247,239,246,240,238,239,201,198,233,229,197,222,235,236,215,219,230,200,231,232,230,228,231,193,229,201,181,222,220,227,216,216,198,224,223,221,201,219,195,164,212,203,184,172,209,167,162,202,210,201,172,154,199,202,164,195,199,162,193,162,200,192,197,165,196,194,191,155,181,189,184,187,187,186,184,182,181,147,179,180,180,178,143,178,177,170,174,174,173,161,159,165,166,168,168,166,162,159,160,163,152,156,150,159,154,150,155,153,153,147,145,139,148,147,126,144,128,140,136,137,136,132,127,130,130,126,127,124,127,112,125,122,121,113,118,115,114,115,114,111,110,108,107,105,103,103,98,99,94,96,95,93,90,89,88,89,87,85,83,81,81,79,78,76,74,71,71,0,69,68,66,65,64,62,61,59,57,55,54,52,51,50,46,47,45,43,41,39,38,36,35,34,34,33,32,30,28,26,24,22,20,18,16,14,12,10,8,6,4,2,0,0,0,0,0,0,0,2,0,4,6,8,10,12,14,16,18,20,22,24,26,27,29,30,32,33,34,37,36,39,41,43,42,46,48,50,49,53,55,57,59,60,62,63,63,65,64,68,69,70,72,71,72,75,77,77,78,81,82,84,84,84,85,86,86,85,93,94,93,97,99,101,103,86,101,104,104,105,107,107,111,112,114,114,117,116,116,118,122,119,126,126,130,127,131,132,131,135,137,132,135,135,140,141,122,131,139,147,150,143,147,150,150,154,134,157,157,158,134,153,162,160,137,161,164,167,165,162,166,168,159,129,169,171,165,164,164,174,171,142,129,178,176,181,162,163,182,180,184,149,185,182,178,186,184,184,170,162,139,181,149,191,190,192,144,195,199,171,201,178,199,152,202,204,197,206,187,205,150,164,208,146,165,208,216,191,205,216,215,187,219,140,215,204,220,184,174,166,212,211,182,219,183,188,234,194,236,196,176,203,161,194,240,216,190,246,224,245,189,217,181,208,251,229,212,155,210,253,254,256,200,219,251,259,217,259,245,213,190,252,177,261,262,266,206,226,234,234,232,189,243,206,220,272,218,192,248,192,242,247,224,278,210,228,197,263,255,254,197,244,239,216,217,284,242,239,248,250,263,269,270,252,288,286,243,209,273
257,245,211,240,277,265,275,268,232,223,193,242,243,239,189,216,240,247,268,258,185,192,224,269,228,209,245,198,223,245,231,245,262,188,242,198,230,257,209,251,219,220,248,227,238,253,251,217,235,250,243,236,235,248,240,247,241,239,240,202,199,234,230,197,223,236,237,216,219,231,202,232,233,231,229,232,194,230,201,182,222,220,228,215,217,197,225,224,222,202,220,196,165,213,204,185,173,210,168,163,203,211,202,173,155,200,203,165,196,200,163,194,163,202,193,199,166,197,195,192,156,182,190,185,188,188,187,186,183,182,148,180,181,181,179,145,179,178,171,175,175,174,162,160,166,167,169,169,167,163,161,161,164,153,157,151,160,155,151,156,154,154,148,146,140,149,148,127,145,129,141,137,138,137,134,128,132,131,128,128,126,128,114,126,123,122,114,119,116,116,116,115,112,111,109,108,106,104,104,99,100,95,97,96,94,91,90,89,90,88,86,84,82,82,80,79,77,75,0,72,69,70,70,68,66,65,63,62,60,58,56,55,53,52,52,48,49,47,45,43,41,40,38,37,36,36,35,34,32,30,28,26,24,22,20,18,16,14,12,10,8,6,4,2,0,0,0,0,0,0,0,2,4,6,8,10,12,14,16,18,20,22,24,26,27,29,31,33,34,35,38,37,40,42,44,43,47,49,51,50,54,56,58,60,61,63,64,64,66,65,69,70,71,73,72,73,76,78,78,79,82,83,85,85,85,86,87,87,86,94,95,94,98,100,102,104,87,102,105,105,106,108,108,112,113,115,115,118,118,117,119,123,120,127,127,131,129,132,133,132,136,137,132,136,136,141,142,124,132,139,147,150,144,148,151,150,155,136,158,158,159,135,155,163,161,138,162,165,168,166,162,167,169,159,131,170,172,166,165,165,175,171,142,131,179,177,182,163,164,183,181,185,150,186,182,179,187,184,185,171,163,139,182,150,191,190,193,145,196,200,172,202,178,200,153,202,204,197,206,188,206,151,165,209,147,166,208,216,192,204,214,213,184,215,135,209,198,213,176,166,157,202,202,171,208,172,0,223,182,224,184,165,191,149,182,228,203,177,234,212,234,177,205,170,196,239,218,200,144,199,242,243,245,189,208,240,248,206,248,234,202,179,241,166,250,251,255,194,215,222,223,221,178,232,195,209,261,207,181,237,181,231,236,213,266,198,217,186,252,244,243,185,232,228,205,206,273,231,228,237,239,252,258,258,241,277,275,232,198,263
181,170,137,164,201,191,200,194,158,147,117,169,170,164,115,144,167,175,197,188,115,125,158,203,164,145,183,134,161,185,170,185,204,130,185,141,174,202,153,197,164,166,196,176,187,204,203,167,187,203,196,191,190,205,197,206,200,198,200,163,162,197,193,161,189,203,204,184,187,200,173,202,204,203,202,205,169,205,175,157,200,198,207,194,198,178,207,207,206,186,206,182,150,200,189,170,159,197,156,149,191,199,190,160,142,190,191,155,186,189,151,184,151,192,183,189,154,187,185,182,145,172,181,176,179,179,178,177,174,174,138,172,174,173,172,136,171,171,164,167,167,167,154,153,159,160,162,162,159,155,153,153,156,146,150,143,153,148,144,149,148,148,142,141,135,144,143,123,140,125,137,134,135,134,131,125,129,128,126,126,125,126,112,125,121,122,114,119,115,116,116,115,112,112,110,109,106,105,105,100,102,97,99,98,96,93,92,91,92,90,88,86,84,84,82,81,80,78,75,75,71,73,72,70,68,67,65,64,62,60,58,57,55,54,54,50,51,49,47,45,42,42,40,39,38,38,37,36,34,32,30,28,26,24,22,20,18,16,14,12,10,8,6,4,2,0,0,0,0,0,0,0,2,4,6,8,10,12,14,16,18,20,22,24,25,27,29,31,32,33,36,35,38,40,42,41,45,47,49,48,52,54,56,58,59,61,62,63,65,63,67,67,61,70,0,70,73,75,75,76,78,79,81,80,81,81,83,82,81,88,89,89,92,94,96,98,80,96,98,99,99,102,101,105,106,108,109,111,111,110,112,116,112,119,119,123,120,123,125,123,128,129,124,127,128,132,132,116,122,130,137,139,133,136,139,139,143,125,145,146,147,122,143,151,148,127,150,152,154,154,149,155,156,146,118,154,156,149,147,146,155,151,122,111,156,155,157,140,139,156,154,156,121,155,151,148,154,152,151,137,128,105,144,113,152,150,152,103,153,155,127,156,132,151,105,152,151,145,152,132,148,92,106,148,87,105,145,153,129,140,150,148,121,150,72,145,132,148,110,101,92,138,135,104,141,105,109,152,112,152,112,93,119,76,108,151,125,98,153,130,150,92,120,82,109,148,126,0,46,107,148,150,152,99,118,150,157,118,158,146,116,90,154,78,162,163,167,108,130,135,137,136,91,147,110,125,176,124,98,153,99,147,155,130,184,116,135,105,170,165,161,105,153,149,127,128,195,153,149,159,163,175,182,182,163,200,199,155,122,187
209,197,163,190,229,218,228,220,183,174,142,195,196,189,139,170,193,201,221,214,139,150,183,228,189,170,208,158,186,210,196,210,229,156,209,165,199,227,178,223,189,191,222,201,213,229,227,192,212,228,220,216,215,230,222,231,225,223,226,188,186,222,217,184,214,227,228,209,211,224,197,226,228,226,224,227,189,225,194,174,218,216,223,210,213,191,221,220,218,198,217,192,160,210,199,179,168,207,167,158,201,209,201,170,151,200,200,166,196,199,161,194,161,202,193,199,164,197,196,193,153,182,191,185,190,189,188,188,183,184,146,180,183,182,181,145,180,180,173,177,177,176,163,161,167,169,171,171,168,164,162,161,166,154,159,150,162,155,152,158,156,156,149,149,142,152,151,130,147,132,144,140,140,140,137,130,133,134,131,131,129,131,116,129,126,125,116,122,119,119,119,118,115,114,112,111,109,107,107,101,103,98,100,99,97,94,92,92,93,91,89,87,85,85,83,82,80,78,75,75,72,73,72,70,68,67,64,64,62,61,59,58,55,55,55,51,52,50,48,46,43,43,41,40,39,39,38,37,35,33,32,30,28,26,24,22,20,18,16,14,12,10,8,6,4,2,0,0,0,0,0,0,0,2,4,6,8,10,12,14,16,18,20,22,23,25,27,29,30,31,34,33,36,38,40,39,43,44,46,0,49,51,53,55,56,58,59,60,62,61,65,66,67,69,69,69,72,74,74,75,78,79,81,81,81,83,83,83,83,90,91,90,94,96,98,100,83,98,101,101,102,104,104,108,109,111,112,114,114,113,115,119,116,123,123,127,125,128,129,128,132,134,129,133,133,137,137,123,127,135,143,146,140,144,147,146,151,134,154,154,155,130,151,159,157,137,158,160,162,161,157,163,164,156,130,165,167,161,161,160,170,166,138,130,174,173,176,161,159,177,176,180,145,180,177,173,182,179,180,167,160,138,177,148,185,186,188,143,191,195,169,196,174,195,151,195,196,190,196,177,195,139,152,196,136,154,194,200,178,189,198,197,170,199,122,195,182,199,159,152,143,188,187,154,193,156,161,203,162,203,162,144,170,127,159,203,176,150,206,183,204,145,175,136,165,204,183,164,109,163,203,204,204,150,167,199,203,162,201,188,156,128,193,114,198,198,200,0,160,165,166,167,120,178,139,155,206,153,127,182,128,176,184,159,213,144,164,134,199,193,190,132,180,177,154,155,223,179,176,185,190,202,209,209,189,228,227,183,150,213
190,177,142,166,206,193,201,193,155,143,111,164,163,156,104,135,156,163,184,174,98,109,142,186,145,126,162,110,138,162,147,160,178,103,0,112,145,174,123,170,136,138,170,150,163,179,178,142,162,180,173,169,168,183,176,185,179,178,181,143,141,177,172,0,169,183,184,165,166,181,153,183,186,185,184,187,151,187,154,137,182,181,189,176,180,160,190,189,189,169,188,165,132,184,173,154,142,185,144,135,181,189,181,151,132,183,184,149,181,185,146,181,148,190,182,189,153,188,187,185,147,177,185,180,183,183,181,181,178,177,140,175,177,177,175,141,175,174,167,171,171,170,158,157,163,164,166,166,163,159,158,157,161,150,154,147,158,154,148,155,154,152,148,145,141,151,149,130,147,132,144,140,140,140,137,129,131,134,131,131,129,131,115,129,126,124,115,123,121,120,121,120,117,116,114,113,111,109,109,103,105,100,102,101,99,96,94,94,95,93,91,89,87,87,85,83,82,80,77,77,74,75,74,72,70,69,66,66,64,63,61,60,57,57,57,53,54,52,50,48,45,45,43,42,41,41,40,39,37,35,34,32,30,28,26,24,22,20,18,16,14,12,10,8,6,4,2,0,0,0,0,0,0,0,2,4,6,8,10,12,14,16,18,20,22,24,26,28,29,30,33,32,35,37,39,38,42,44,46,45,49,51,53,55,56,58,59,60,62,61,65,66,67,69,69,69,72,74,74,75,78,79,81,81,81,83,83,83,82,90,91,90,94,96,98,100,83,98,101,101,102,104,104,108,109,111,112,114,114,114,115,119,116,123,122,126,125,126,128,128,131,133,127,132,131,135,136,122,126,133,141,143,137,140,143,143,148,132,151,151,152,127,148,156,154,135,154,158,161,159,154,161,162,152,128,163,165,159,157,156,168,163,135,128,172,171,174,158,157,176,174,178,143,179,174,172,180,176,176,166,158,136,173,146,182,182,186,140,189,192,167,194,170,191,149,193,195,188,196,179,195,140,156,198,141,160,198,206,185,195,206,205,181,208,135,207,193,213,173,166,158,202,200,169,206,171,176,216,177,217,177,160,186,143,175,217,190,165,220,197,218,162,191,153,181,219,198,180,126,180,219,219,220,168,184,216,220,180,218,206,174,148,212,134,216,217,219,161,181,185,186,185,139,195,154,170,219,167,141,193,140,185,193,166,219,150,168,139,201,195,190,132,179,176,152,152,219,173,169,177,182,193,199,196,177,215,212,168,133,196
269,257,223,248,287,275,283,277,237,227,195,248,248,240,189,220,241,247,269,259,185,196,228,273,232,213,250,197,226,250,234,249,267,192,246,199,234,261,210,254,218,220,251,230,241,257,254,217,235,253,244,239,238,251,243,250,244,242,242,205,202,237,230,197,226,239,240,219,219,234,205,235,236,233,232,235,197,233,200,181,226,224,231,216,220,198,228,227,225,205,223,199,164,216,203,183,171,213,171,162,206,214,204,172,154,203,203,168,199,203,162,197,162,205,196,202,165,200,198,195,154,185,193,188,191,191,190,189,186,185,145,183,184,184,182,147,182,181,174,178,178,177,165,163,168,170,172,172,169,166,163,164,167,156,160,150,163,158,154,159,157,157,151,149,143,152,151,130,148,132,144,140,141,140,137,131,131,134,131,131,129,131,0,129,126,125,118,123,120,120,120,119,116,115,113,112,110,108,108,103,104,99,101,100,98,95,94,93,94,92,90,88,86,86,84,83,81,79,76,76,73,74,73,71,70,69,66,66,64,63,61,60,57,57,57,53,54,52,50,48,45,45,43,41,41,41,39,39,37,35,34,32,30,28,26,24,22,20,18,16,14,12,10,8,6,4,0,2,0,0,0,0,0,0,0,2,4,6,8,10,12,14,16,18,20,22,24,26,27,28,31,30,33,35,37,36,40,42,44,44,47,49,51,53,54,56,57,58,60,59,63,64,65,67,67,67,70,72,72,73,76,77,79,79,79,81,81,81,81,88,89,88,92,94,96,98,81,96,99,99,100,102,102,106,107,109,110,112,112,112,113,117,114,121,121,125,124,126,127,127,130,132,128,131,131,135,136,123,126,135,142,145,139,143,146,145,150,135,153,153,154,129,150,158,156,138,157,160,163,161,158,163,164,156,131,166,168,161,162,162,171,168,138,132,175,174,178,163,160,179,177,181,146,182,179,175,183,181,182,171,162,141,179,151,188,187,190,146,193,196,172,198,175,197,154,199,201,194,203,184,203,146,161,206,148,166,205,213,193,202,213,212,188,217,142,216,202,220,181,175,167,213,211,179,219,184,190,232,191,234,193,177,204,162,195,238,214,186,243,221,243,186,217,178,209,249,226,211,156,211,251,252,254,201,220,251,257,218,257,244,214,187,253,174,259,260,263,206,227,231,232,233,186,243,204,221,269,219,193,246,193,240,248,222,275,207,226,198,260,256,252,194,241,240,217,218,284,240,237,246,251,264,270,267,250,288,286,244,210,272
224,212,179,203,244,233,242,235,196,186,155,210,210,202,152,184,205,213,234,226,152,165,198,243,203,185,222,170,199,224,210,225,243,170,224,177,213,241,190,236,201,203,235,215,227,243,241,204,223,242,232,230,229,243,236,244,238,237,238,200,198,232,225,192,222,235,236,215,215,230,202,230,232,229,228,231,193,229,196,176,222,220,227,212,217,193,225,224,222,202,220,196,160,213,201,180,169,211,169,159,204,212,203,171,152,202,201,168,198,202,161,196,161,204,195,201,164,199,198,194,154,184,194,188,192,192,191,190,186,187,146,183,186,185,184,148,182,183,176,180,179,179,165,164,169,172,174,174,171,167,165,164,169,157,162,151,165,159,155,161,159,159,152,151,145,154,153,132,150,134,146,142,143,142,139,132,132,136,133,133,131,133,118,131,128,127,118,124,121,121,121,120,117,116,114,113,111,109,109,103,105,100,102,101,99,96,94,94,95,93,91,89,87,87,85,84,82,80,77,77,74,75,74,72,71,70,0,67,66,64,63,62,59,59,59,55,56,54,52,50,47,47,45,43,43,43,41,41,39,37,36,34,32,30,28,26,24,22,20,18,16,14,12,10,8,6,4,4,2,0,0,0,0,0,0,0,2,4,6,8,10,12,14,16,18,20,22,24,25,26,29,28,31,33,35,34,38,40,42,42,45,47,49,51,52,54,55,56,58,57,61,62,63,65,66,65,68,70,70,71,74,75,77,77,77,79,79,79,79,86,87,86,90,92,94,96,79,94,97,97,98,100,100,104,105,107,108,110,110,110,111,115,113,119,119,123,122,124,125,125,128,130,126,129,129,133,134,123,124,133,140,143,138,141,144,143,148,135,151,151,152,127,149,156,154,138,155,158,161,159,156,161,162,155,131,163,166,159,160,159,169,165,136,132,173,172,176,162,158,177,175,179,144,179,176,173,181,178,178,167,158,137,173,144,180,179,180,137,181,185,160,184,162,182,140,181,181,176,182,162,180,122,136,180,123,141,178,184,164,173,182,181,156,183,110,181,166,184,143,138,130,174,173,138,179,142,148,187,146,187,146,130,157,113,145,188,0,135,193,171,193,135,168,128,159,198,177,162,108,162,201,203,205,152,171,202,208,170,208,196,166,138,205,126,211,211,216,158,179,182,183,185,137,197,156,173,222,172,147,198,148,192,202,175,229,160,180,152,215,211,205,148,196,195,172,173,240,194,191,200,206,219,225,222,204,244,243,199,165,227
248,236,203,226,268,256,266,259,219,209,178,233,234,225,174,208,228,235,258,249,174,189,221,264,225,205,241,188,217,241,227,241,258,186,239,190,227,253,200,247,210,211,244,223,234,249,247,208,227,246,235,233,232,244,236,243,237,235,236,199,196,230,222,188,220,233,233,213,211,227,199,228,230,226,226,229,190,227,190,172,219,216,225,207,214,189,222,221,219,199,217,192,156,210,195,175,162,206,165,153,199,208,198,164,145,197,195,162,193,196,154,191,154,198,190,195,157,194,192,188,148,178,189,183,186,187,186,171,184,184,0,182,184,184,182,147,182,181,173,178,177,177,164,162,166,170,172,172,168,166,163,164,167,156,160,148,163,158,154,159,157,157,151,149,143,153,152,133,149,134,147,143,143,143,138,133,131,137,133,135,132,135,119,133,130,128,120,125,123,122,122,123,120,119,116,116,114,111,112,106,108,103,105,104,102,99,97,97,98,96,94,92,90,90,88,87,85,83,80,80,77,78,77,75,74,72,69,70,68,67,65,64,61,61,61,57,58,56,54,52,49,49,47,45,45,45,43,43,41,39,38,36,34,32,30,28,26,24,22,20,18,16,14,12,10,8,6,6,4,2,0,0,0,0,0,0,0,2,4,6,8,10,12,14,16,18,20,22,23,24,27,26,29,31,33,32,36,38,40,41,43,45,47,49,50,52,54,56,57,56,60,61,62,64,65,64,67,69,69,70,73,74,76,76,76,79,78,78,78,85,86,85,89,91,93,95,78,93,96,96,97,99,99,103,104,106,107,109,109,109,110,114,111,118,118,122,121,123,124,125,127,129,126,129,128,132,133,123,122,132,136,138,131,133,135,134,138,124,139,138,137,111,133,139,136,118,135,136,137,134,130,135,0,128,105,138,141,135,134,134,144,141,110,107,148,147,151,138,133,153,151,155,120,156,153,149,157,155,155,147,139,117,153,127,162,162,164,122,168,171,149,173,151,172,131,174,176,170,178,160,178,121,137,181,125,144,181,189,170,178,189,188,166,192,121,194,177,197,157,153,145,191,190,156,198,163,169,208,169,210,170,157,183,142,174,214,191,163,220,198,220,163,196,156,187,225,204,191,137,191,228,229,231,181,200,229,234,197,234,222,193,165,232,152,236,237,241,186,206,209,210,213,164,223,181,201,247,199,174,223,174,217,227,199,253,185,203,178,238,235,229,172,219,219,197,198,263,217,214,223,230,243,249,245,228,268,266,223,190,250
247,235,202,224,266,256,264,258,218,207,175,233,233,223,172,207,226,234,256,247,172,188,220,266,226,207,245,190,219,247,232,247,266,193,245,196,233,260,207,253,216,218,249,230,241,256,254,215,232,253,242,239,238,252,243,251,245,242,243,205,203,238,229,197,227,240,241,220,218,235,207,235,237,232,233,236,198,234,198,179,226,224,232,214,221,195,229,228,226,206,224,200,162,217,203,182,171,215,173,161,208,217,207,173,154,206,203,172,202,206,163,200,163,208,199,205,166,203,202,198,155,188,197,190,195,194,193,193,188,189,146,186,188,188,186,151,185,185,177,182,181,181,168,166,169,174,176,176,172,170,166,167,171,159,164,151,167,161,157,163,161,161,154,153,145,157,156,135,153,136,149,145,146,145,142,135,133,139,136,136,134,136,121,134,131,130,121,127,124,124,124,123,120,119,116,116,114,112,112,106,108,103,105,104,102,99,97,97,98,96,94,92,90,90,88,87,85,83,80,80,77,78,77,75,74,73,69,70,68,67,65,63,61,61,61,57,58,56,54,52,49,49,47,45,45,45,0,43,41,39,39,37,35,33,31,29,27,25,23,22,20,18,16,14,12,10,8,8,6,4,2,0,0,0,0,0,0,0,2,4,6,8,10,12,14,16,18,20,21,22,25,24,27,29,31,30,34,36,38,39,41,43,45,47,48,50,52,54,55,54,58,59,60,62,63,62,65,67,67,68,71,72,74,74,74,77,76,76,77,83,84,83,87,89,91,93,76,91,94,95,96,98,98,102,103,105,105,108,108,108,109,113,111,117,117,121,120,122,123,123,126,128,124,127,128,131,132,123,122,131,138,140,136,139,142,141,146,135,149,149,150,125,147,154,152,137,153,156,159,157,154,159,160,153,131,162,164,157,158,158,167,164,133,132,171,170,174,161,156,175,173,177,142,178,175,171,180,177,178,170,161,141,175,150,184,184,187,145,190,194,171,194,173,194,154,195,197,192,199,180,198,140,155,199,143,161,197,203,185,192,201,200,177,202,129,202,185,203,162,159,151,195,193,157,199,163,169,206,165,0,165,153,180,137,170,210,188,158,216,194,216,158,192,151,184,221,200,187,133,187,224,225,227,177,196,224,230,194,230,218,190,160,228,147,232,233,237,182,203,204,206,209,159,219,178,197,244,196,171,220,172,214,225,197,250,182,201,175,236,234,226,169,217,218,195,196,260,215,212,221,229,242,248,243,226,266,265,222,188,249
235,223,188,208,253,240,247,241,198,188,154,212,212,200,148,184,201,209,230,221,145,162,192,238,197,177,214,157,187,214,200,213,231,157,210,160,198,225,170,219,179,181,213,194,206,220,218,177,196,216,204,202,201,215,206,213,208,205,206,167,164,199,189,157,187,201,201,180,177,194,166,195,196,191,192,194,156,192,0,136,184,184,193,176,184,159,194,194,194,173,193,170,133,189,174,155,142,190,149,136,186,194,187,152,134,188,186,156,186,191,148,187,150,196,188,195,155,194,194,191,147,183,193,188,193,193,191,191,187,187,137,185,187,187,185,150,184,184,176,181,180,180,167,165,167,173,175,175,171,168,164,165,170,158,163,149,166,160,156,162,160,160,153,152,145,156,155,135,152,136,148,144,145,144,141,134,0,139,136,137,135,138,122,135,133,131,122,128,126,125,125,125,122,121,118,118,116,113,114,108,110,105,107,106,104,101,99,99,100,98,96,94,92,92,90,89,87,85,82,81,79,80,79,77,76,75,71,72,70,69,67,65,63,63,63,59,60,58,56,54,51,52,50,48,48,48,46,46,44,42,41,39,37,35,33,31,29,27,25,24,22,20,18,16,14,12,10,10,8,6,4,2,0,0,0,0,0,0,0,2,4,6,8,10,12,14,16,18,19,20,23,22,25,27,29,28,32,34,36,37,39,41,43,45,46,48,50,52,53,52,56,57,58,60,61,60,63,65,65,66,69,70,72,72,72,75,74,74,75,81,82,81,85,87,89,91,74,89,92,93,94,96,96,100,101,103,104,106,106,106,107,111,109,115,115,119,118,120,121,122,124,126,123,126,126,129,130,123,120,130,136,139,135,137,140,140,145,135,148,148,149,123,146,153,151,137,152,155,158,156,153,158,159,152,131,161,163,156,156,156,166,163,132,132,170,169,173,160,155,174,172,176,141,177,174,170,178,176,175,169,161,140,172,149,182,182,184,144,187,191,170,192,170,190,153,193,195,188,196,178,194,139,154,198,145,163,199,206,188,196,206,205,184,208,139,212,193,213,173,171,164,209,207,171,215,180,186,223,183,226,185,173,201,159,190,229,208,177,234,213,233,177,212,169,203,238,218,206,152,206,241,242,244,196,213,242,246,211,246,235,207,177,245,164,248,249,252,200,220,220,222,227,175,235,191,211,256,208,183,229,182,222,233,203,257,187,206,181,239,237,228,170,218,218,194,194,258,211,207,216,224,236,242,236,217,259,256,212,179,236
203,190,157,175,220,207,214,208,165,154,120,179,178,167,113,150,167,174,195,185,108,126,158,202,162,141,179,0,139,181,168,182,201,129,183,132,172,199,145,195,157,158,193,175,188,204,203,162,181,204,192,193,192,206,199,208,202,201,204,167,166,200,191,162,193,207,207,189,185,204,177,206,209,205,208,210,173,210,172,154,205,203,212,193,203,176,212,212,211,191,211,186,149,207,189,170,159,206,166,151,202,211,202,167,149,204,199,169,199,203,159,198,159,205,196,202,161,200,199,195,151,185,194,188,193,192,191,191,187,187,143,184,186,186,184,150,184,183,175,180,180,179,166,165,167,173,175,175,171,168,164,167,170,159,163,150,167,162,157,164,162,161,155,153,146,158,156,136,154,137,150,146,147,146,143,136,132,140,137,137,135,137,122,134,132,130,122,129,126,125,126,125,122,121,0,118,116,114,115,109,111,106,108,107,105,102,100,100,101,99,97,95,93,93,91,90,88,86,83,83,80,81,80,78,77,76,72,73,71,70,68,67,65,65,65,61,62,60,58,56,53,54,51,50,50,50,48,48,46,44,43,41,39,37,35,33,31,29,27,26,24,22,20,18,16,14,12,12,10,8,6,4,2,0,0,0,0,0,0,0,2,4,6,8,10,12,14,16,17,18,21,20,23,25,27,26,30,32,34,35,37,39,41,43,44,46,48,50,51,50,54,55,57,59,60,59,62,64,64,65,68,69,71,71,71,74,73,73,75,80,81,80,84,86,88,90,73,88,91,92,93,95,95,99,100,102,103,105,105,105,106,110,108,114,114,118,117,119,120,121,123,125,122,125,125,128,129,124,119,129,135,138,134,137,140,139,144,136,147,147,148,122,145,152,150,137,151,154,157,155,151,157,158,150,132,159,161,155,155,155,164,161,130,132,168,167,170,159,153,172,170,174,139,175,171,168,177,173,174,169,159,140,171,148,179,180,183,143,186,189,170,190,169,189,153,191,193,187,194,176,194,137,153,197,145,164,197,205,189,194,205,204,185,208,140,211,193,213,172,172,165,209,207,170,215,181,187,223,182,224,184,174,200,159,188,226,205,172,229,207,227,169,205,160,194,229,207,195,142,194,228,229,229,181,199,225,229,194,227,215,187,155,224,141,225,226,228,175,194,193,195,199,146,208,163,184,227,181,154,201,154,193,205,174,227,157,176,151,209,208,198,140,187,188,166,165,228,181,177,185,194,205,211,204,185,228,225,180,147,204
217,204,169,187,233,221,226,221,177,167,0,194,195,182,130,169,186,195,216,208,131,150,183,229,189,170,208,151,180,210,196,211,230,158,210,159,200,228,172,223,183,185,219,202,214,230,229,188,206,230,217,217,217,231,224,232,226,225,226,189,188,223,213,184,215,229,230,211,207,227,200,228,231,225,228,232,195,231,195,175,226,225,233,214,222,195,231,229,228,208,226,202,162,220,202,182,171,217,175,160,211,218,209,174,153,209,204,175,204,209,164,203,164,211,202,208,167,206,205,201,155,191,200,194,198,197,196,196,191,192,149,188,191,191,189,154,188,188,180,185,184,184,171,169,170,177,179,179,175,173,167,170,174,162,167,151,170,164,160,166,164,164,157,156,149,160,159,139,156,140,152,148,149,148,145,138,134,143,139,140,137,140,124,137,135,133,124,130,128,127,127,127,124,123,119,120,118,115,116,109,112,107,109,108,106,103,100,101,102,100,98,96,94,94,92,91,89,87,84,83,81,82,81,79,78,77,73,74,72,70,69,0,65,65,66,62,63,61,59,57,54,55,52,51,51,51,49,49,47,45,44,42,40,38,37,35,33,31,29,28,26,24,22,20,18,16,14,14,12,10,8,6,4,2,0,0,0,0,0,0,0,2,4,6,8,10,12,14,15,15,18,17,20,22,24,23,27,29,31,32,34,36,38,40,41,43,45,47,48,47,51,52,54,56,57,56,59,61,61,62,65,66,68,68,68,71,70,70,72,77,78,77,81,83,85,87,70,85,88,89,90,92,92,96,98,100,101,103,103,103,104,108,107,112,112,116,115,117,118,119,122,124,121,124,125,127,128,125,118,129,134,137,134,136,139,138,143,136,146,146,147,121,146,152,151,139,152,154,157,155,152,158,159,152,133,160,162,155,156,156,165,162,131,134,169,168,172,160,154,173,171,175,140,176,173,169,178,174,176,171,163,144,173,152,181,183,185,148,188,192,173,192,172,192,157,193,195,191,196,178,197,139,155,199,149,167,200,207,192,197,207,208,188,211,145,215,196,216,175,175,169,213,211,173,219,184,192,226,185,229,187,178,206,165,194,232,213,179,237,216,236,179,215,170,206,238,218,207,153,205,238,238,239,192,209,235,239,205,237,226,199,165,234,151,235,236,238,187,207,204,207,211,156,220,174,195,239,192,167,211,166,204,217,185,239,168,188,163,221,221,209,151,199,201,178,177,240,193,188,197,207,219,225,217,197,241,238,194,161,217
270,258,224,244,290,277,283,279,234,223,189,250,250,236,183,222,237,245,266,257,179,199,230,275,234,215,251,194,223,251,237,251,268,196,249,195,236,263,206,257,215,217,250,232,244,259,256,214,232,255,241,241,240,253,245,252,246,244,245,207,204,239,227,199,228,241,242,221,217,236,208,237,238,231,234,237,199,235,198,176,228,226,233,214,222,195,230,229,227,206,225,200,159,218,200,180,0,216,173,158,211,220,211,174,154,210,205,176,205,210,164,204,164,212,203,209,167,206,206,201,155,192,201,195,199,199,198,197,194,194,150,191,193,193,191,156,190,190,182,187,186,186,173,171,171,179,181,181,177,175,168,172,176,164,169,153,172,166,162,168,166,166,159,158,151,162,161,141,158,142,154,150,151,149,147,140,135,145,141,142,139,142,127,139,137,135,126,132,130,129,129,129,126,125,122,122,120,118,118,112,114,109,111,110,108,105,103,103,103,102,100,98,96,96,94,93,91,89,86,86,83,84,83,81,80,79,75,76,74,73,71,69,68,68,68,64,65,63,61,59,56,57,0,53,53,53,51,51,49,47,46,44,42,40,38,36,34,32,30,29,28,26,24,22,20,18,16,16,14,12,10,8,6,4,2,0,0,0,0,0,0,0,2,4,6,8,10,12,13,15,17,16,19,21,23,22,26,28,30,31,33,35,37,39,40,42,44,46,47,46,50,51,53,55,56,55,58,60,60,61,64,65,67,67,67,70,69,69,71,76,77,76,80,82,84,86,69,84,87,88,89,91,91,95,97,99,100,102,102,103,103,107,106,111,112,115,115,117,117,118,121,123,121,123,124,126,127,126,117,128,133,136,133,135,138,137,142,137,145,145,146,120,145,151,150,139,151,153,156,154,152,157,158,152,134,159,161,154,156,156,164,162,130,135,168,167,171,160,153,172,171,174,139,175,173,168,177,175,176,173,163,145,173,152,182,183,185,148,188,192,174,192,171,192,158,193,195,191,197,178,198,139,155,201,150,169,202,208,194,199,208,209,189,212,146,216,197,217,175,177,171,215,212,173,220,186,194,227,186,230,188,180,208,166,197,233,216,181,239,218,238,181,219,172,210,244,223,214,161,213,246,247,249,203,222,247,252,219,252,241,215,182,251,168,254,255,259,208,228,226,228,235,181,245,199,222,266,220,197,241,197,235,249,217,272,202,221,200,257,257,247,189,238,241,218,219,281,235,232,241,252,265,271,264,246,290,288,245,212,268
242,231,197,213,260,248,253,249,204,193,159,221,221,205,152,193,206,214,236,226,148,169,201,245,205,185,223,165,193,223,207,222,240,167,219,165,207,234,175,227,184,186,220,202,215,230,227,183,201,226,211,212,211,224,216,223,216,215,215,178,175,210,198,169,200,212,213,193,186,207,179,208,209,201,205,207,169,205,167,144,197,195,203,181,191,162,200,198,196,175,193,169,126,186,166,0,136,185,143,126,180,190,181,144,124,184,177,151,179,187,139,183,141,190,183,189,147,189,189,186,138,177,188,183,188,189,188,188,185,186,144,185,188,189,188,154,188,188,180,186,185,185,172,169,169,178,180,180,176,173,165,170,175,163,168,150,171,165,161,167,165,165,158,157,149,161,159,140,157,140,153,149,150,149,145,139,135,144,140,142,139,142,127,139,137,135,126,132,130,129,129,129,126,125,122,122,120,117,118,112,114,110,111,110,109,106,103,104,104,103,101,99,97,97,95,94,92,91,88,88,85,86,85,83,82,81,77,78,76,75,73,71,70,70,70,66,67,65,63,61,58,59,55,55,55,55,53,53,50,49,48,46,44,42,40,38,36,34,32,31,30,28,26,24,22,20,18,18,16,14,12,10,8,6,4,2,0,0,0,0,0,0,0,2,4,6,8,10,11,13,15,14,17,19,21,20,24,26,28,29,31,33,35,37,39,41,43,45,46,45,49,50,52,54,55,54,57,59,59,60,63,64,66,66,66,69,68,67,69,72,71,70,72,72,72,72,54,68,0,72,72,75,75,79,81,83,84,86,86,87,87,91,90,95,96,99,99,101,102,103,106,108,106,108,109,111,112,112,102,113,118,121,118,120,123,122,127,123,130,130,131,105,131,136,135,126,137,140,142,140,138,143,144,138,121,145,147,140,142,142,150,148,116,122,154,153,157,148,139,159,158,161,126,162,160,155,164,162,163,161,151,134,160,141,169,170,172,137,175,179,162,179,158,179,147,180,182,176,183,164,184,125,141,187,138,157,188,194,181,185,194,195,177,197,134,201,182,204,160,165,159,201,199,159,206,174,181,213,172,216,174,168,195,154,185,219,203,167,225,204,224,167,206,158,198,230,209,202,148,201,232,233,235,191,209,234,237,207,237,226,203,167,237,154,239,240,244,195,215,212,214,221,166,231,184,209,251,207,184,226,184,220,235,202,257,187,207,187,242,243,232,174,222,226,203,202,263,216,211,220,233,243,249,241,222,266,264,220,187,242
269,257,223,241,288,277,282,280,235,224,191,254,255,240,186,228,241,249,271,261,182,205,236,281,240,221,257,201,227,257,241,257,274,203,254,199,242,269,210,262,220,221,254,239,249,265,263,219,237,262,246,248,247,260,252,259,253,251,251,215,212,246,233,205,235,248,249,228,222,243,216,244,245,236,241,244,206,242,205,182,234,232,240,218,230,199,237,236,234,215,232,208,165,225,205,188,176,222,180,163,215,224,213,175,155,213,206,179,206,212,165,206,165,214,205,211,168,209,209,203,156,194,204,197,202,202,201,200,197,197,153,194,196,196,194,159,193,193,184,190,189,189,175,173,172,182,184,184,179,178,169,174,179,167,172,153,175,168,165,171,169,169,161,161,153,165,164,144,161,144,156,153,154,153,148,143,139,148,143,145,141,145,130,142,140,138,129,135,133,131,131,132,128,128,125,125,123,120,121,115,117,112,114,113,111,108,105,106,106,105,103,100,99,99,97,96,94,92,89,89,86,86,86,83,83,81,78,79,77,75,74,72,70,71,71,67,68,66,64,62,59,60,56,56,56,56,54,54,51,50,49,47,45,43,41,39,37,36,34,33,32,30,28,26,24,22,20,20,18,16,14,12,10,8,6,4,2,0,0,0,0,0,0,0,2,4,6,8,9,11,13,12,15,17,19,18,22,24,26,27,29,31,33,35,37,39,41,43,45,44,48,49,51,53,54,53,56,58,58,59,62,63,63,64,64,67,66,66,69,73,74,73,77,79,81,83,66,81,84,85,86,88,88,91,93,95,96,98,98,99,99,103,102,107,108,111,111,113,113,114,117,119,117,119,121,122,123,124,114,124,129,132,130,132,135,133,138,135,141,141,142,116,142,147,146,138,147,150,152,150,148,153,154,149,132,154,156,0,152,152,159,157,125,132,163,162,166,156,148,167,166,169,134,170,168,163,172,170,172,170,161,142,169,150,177,179,181,146,184,187,171,187,167,188,155,188,190,187,192,173,194,132,150,196,148,166,198,202,191,194,0,204,186,207,143,211,192,212,169,173,167,211,207,168,215,183,190,222,181,226,183,177,205,164,194,229,213,175,235,213,235,176,215,168,208,240,220,212,159,211,243,244,246,201,220,244,249,218,249,238,214,178,248,164,251,252,256,207,227,223,226,233,177,243,196,221,263,219,196,238,196,232,248,213,269,198,218,199,254,256,244,185,235,240,217,218,278,232,229,238,251,264,270,261,243,287,285,244,211,266
232,220,187,204,252,241,245,243,198,187,154,218,218,203,149,192,206,215,236,228,149,174,206,251,211,193,230,175,201,232,216,233,251,180,233,177,221,249,190,244,202,204,237,223,234,251,249,205,224,250,234,238,237,251,244,251,245,243,244,207,205,238,225,199,228,241,242,221,215,236,210,236,238,229,234,237,199,235,200,174,229,226,233,212,224,192,231,230,228,209,227,202,158,219,199,183,172,217,175,157,210,219,209,170,150,209,201,175,201,208,160,202,160,210,201,207,163,206,205,200,152,190,201,194,199,199,198,196,193,194,151,191,193,193,191,155,189,190,181,187,186,186,171,170,168,179,181,181,177,174,165,170,176,164,169,150,172,166,162,168,166,166,159,158,151,161,161,142,158,142,154,152,153,152,148,142,138,146,143,144,140,144,130,142,140,138,129,135,133,132,132,132,128,128,125,125,123,120,121,115,117,112,114,113,111,108,105,106,106,105,102,100,99,99,97,96,94,92,89,89,86,87,86,0,83,83,79,80,78,77,75,73,72,72,72,68,69,67,65,63,60,61,57,57,57,57,55,55,52,51,50,48,47,45,43,41,39,38,36,35,34,32,30,28,26,24,22,22,20,18,16,14,12,10,8,6,4,2,0,0,0,0,0,0,0,2,4,6,7,9,11,10,13,15,17,16,20,22,24,25,27,29,31,33,35,37,39,41,43,42,46,47,49,51,52,51,54,56,56,57,60,61,63,63,63,66,65,65,68,72,73,72,76,78,80,82,65,80,83,84,85,87,87,91,93,95,96,98,98,99,99,103,102,107,108,111,111,113,113,114,117,119,117,119,121,122,123,125,114,125,129,132,129,132,135,133,138,136,140,141,142,115,142,147,146,138,148,150,151,150,148,153,154,148,133,154,156,151,152,151,156,154,121,128,157,155,158,148,139,156,155,156,121,155,152,147,155,152,153,150,140,121,146,126,152,152,153,118,154,156,140,156,134,153,121,151,152,147,151,129,150,0,104,151,104,121,153,159,147,151,160,161,144,164,102,167,150,170,127,132,126,170,166,126,174,142,150,180,140,184,142,137,165,124,154,188,173,135,194,172,194,135,174,127,167,199,179,172,119,171,202,204,206,161,180,204,209,178,209,198,174,138,208,124,211,212,216,167,187,183,185,194,136,205,157,181,224,180,158,199,159,193,210,175,231,160,181,161,217,219,206,147,197,203,180,181,242,195,192,201,214,227,233,224,206,250,249,207,175,229
230,218,185,200,249,239,242,241,195,183,150,216,216,199,145,190,202,211,233,224,145,172,204,249,209,191,228,173,197,230,213,231,249,178,230,173,219,247,186,241,198,200,234,221,231,249,247,201,221,248,231,236,235,250,242,251,245,243,245,209,207,241,227,201,231,244,245,224,216,239,212,239,241,230,237,240,202,238,203,175,231,229,236,213,227,193,234,233,231,212,229,205,160,222,201,186,175,220,178,158,213,222,211,171,151,212,202,178,202,211,161,205,161,213,204,210,164,209,208,203,153,193,204,197,202,202,201,200,196,197,154,193,196,195,194,158,192,193,184,190,189,189,174,173,170,182,184,184,180,177,166,173,178,167,171,150,175,167,165,171,169,169,161,162,154,165,165,145,162,145,157,154,155,154,150,144,140,149,145,147,143,147,132,144,142,140,131,137,135,134,134,134,130,130,127,127,125,122,123,117,119,114,116,115,113,110,107,108,108,107,104,102,101,101,99,98,96,94,91,91,88,89,88,85,85,84,80,81,79,78,76,74,73,73,73,69,70,68,66,64,61,62,58,58,58,58,56,56,53,52,51,49,48,46,44,42,40,39,37,36,34,34,32,30,28,26,24,24,22,20,18,16,14,12,10,8,6,4,2,0,0,0,0,0,0,0,2,4,4,6,7,0,9,11,13,12,16,18,20,22,24,26,28,30,32,34,36,38,40,39,43,44,46,48,49,48,51,53,53,54,57,58,60,60,60,63,62,62,65,69,70,69,73,75,77,79,62,77,80,81,82,84,84,88,90,92,93,95,95,96,96,100,99,104,105,108,108,110,110,111,114,116,114,116,118,119,120,123,111,122,126,129,127,129,132,130,135,134,139,139,140,113,140,145,144,137,145,147,149,147,146,150,151,146,132,152,154,148,150,149,157,154,123,133,161,160,164,155,146,165,164,167,132,168,166,161,170,168,170,170,161,143,167,150,175,177,179,146,182,185,171,185,165,186,156,186,187,183,188,167,187,128,142,187,141,159,187,191,181,182,190,190,173,191,129,193,174,194,149,156,149,191,186,144,192,160,167,194,153,196,153,149,175,133,163,195,179,140,197,174,195,135,175,125,167,196,175,169,0,167,196,198,200,158,176,200,204,175,204,193,171,133,204,119,207,208,212,165,185,179,182,191,132,202,153,179,220,178,155,195,156,189,208,171,227,156,177,159,213,217,202,143,194,201,178,179,239,191,188,197,212,225,231,220,202,247,246,205,172,226
224,211,176,190,240,228,229,229,181,169,134,200,200,182,126,171,183,190,212,202,121,148,179,224,183,163,201,145,167,201,182,199,217,144,196,138,183,211,149,204,159,160,194,180,188,205,202,153,0,201,183,189,189,204,197,206,201,199,201,165,164,198,184,159,191,205,206,187,179,203,177,205,208,198,206,209,173,209,174,147,204,203,212,189,204,170,212,212,212,192,211,188,143,207,185,173,162,207,167,146,204,213,203,163,143,207,197,174,199,208,158,204,160,213,203,210,163,208,208,203,152,193,204,196,202,201,200,200,195,196,155,193,196,196,194,159,192,193,184,190,190,189,175,174,170,183,185,185,181,178,167,175,180,168,172,152,176,169,166,172,171,170,163,163,156,167,166,148,165,147,160,157,157,157,153,146,143,151,148,150,146,149,135,147,145,142,133,139,138,137,137,137,133,133,130,130,128,125,126,119,122,117,119,118,116,113,109,111,111,110,107,105,104,104,102,101,99,97,94,94,91,92,91,88,88,87,83,84,82,81,79,77,75,76,76,72,73,71,69,67,63,65,61,61,61,61,59,59,56,54,54,52,51,49,47,45,43,42,40,39,37,36,34,32,30,28,26,26,24,22,20,18,16,14,12,10,8,6,4,2,0,0,0,0,0,0,0,2,4,6,8,7,10,12,14,13,17,19,21,23,25,27,29,31,33,35,37,39,41,40,44,45,47,49,50,49,52,54,54,55,58,59,61,61,61,64,63,63,66,70,71,70,74,76,78,80,63,78,82,82,83,85,85,89,91,93,94,96,96,97,97,101,100,105,106,109,109,111,111,112,115,117,115,117,119,120,121,124,112,122,127,130,128,130,133,131,136,136,139,139,140,114,140,145,144,138,145,148,150,148,146,151,152,146,134,152,154,150,150,149,157,154,123,134,161,160,164,155,146,166,165,168,133,169,167,162,171,169,170,171,162,143,167,150,174,177,179,146,182,184,172,185,165,185,156,186,187,184,189,169,190,131,146,192,148,165,194,199,190,191,201,201,185,202,141,205,185,205,160,167,161,202,197,156,202,171,179,206,165,209,165,162,188,147,175,208,192,0,212,188,211,151,190,143,185,215,195,189,136,188,218,219,221,178,197,219,223,195,223,212,191,152,222,138,225,226,230,183,203,197,200,209,150,219,170,197,237,195,172,212,172,205,222,185,240,168,188,170,222,226,211,150,201,207,183,183,241,194,190,199,213,225,231,219,200,244,241,201,168,220
267,255,220,235,283,272,274,274,225,214,179,245,245,227,171,217,228,236,257,247,167,195,225,270,229,210,247,192,214,247,228,246,264,192,244,185,231,258,196,250,206,208,241,227,236,254,251,205,222,250,232,236,235,248,240,247,241,239,240,203,200,234,218,194,223,236,237,216,207,231,205,232,233,222,229,232,194,230,196,166,224,221,228,204,218,184,225,224,222,203,221,196,150,213,190,178,166,210,168,147,203,212,202,159,139,201,190,167,190,200,149,194,149,202,193,199,152,198,197,192,140,182,192,185,190,190,189,187,184,184,142,181,183,183,181,146,180,180,171,177,177,176,162,159,156,169,171,171,168,165,152,161,166,154,159,137,162,156,152,158,156,156,149,148,140,0,151,126,150,135,148,147,149,149,147,142,139,149,146,148,144,148,133,145,143,141,132,138,136,135,135,135,131,131,128,128,126,123,124,118,120,115,117,116,114,111,108,109,109,108,0,103,102,102,101,100,98,96,93,93,91,92,91,88,88,87,83,84,82,81,79,77,76,76,76,72,73,71,69,67,63,65,61,61,61,61,60,60,57,55,55,53,52,50,48,46,44,43,41,40,38,37,35,33,31,29,27,27,25,23,22,20,18,16,14,12,10,8,6,4,2,0,0,0,0,0,0,0,2,4,6,6,8,10,12,11,15,17,19,21,23,25,27,29,31,33,35,37,39,38,42,43,45,47,48,47,50,52,53,54,57,58,60,60,60,63,62,62,65,69,70,69,73,75,77,79,62,77,81,81,82,84,84,88,90,92,93,95,95,96,96,100,99,104,105,108,108,110,110,112,114,116,115,116,118,119,120,123,111,123,126,129,127,129,132,130,135,136,139,139,140,113,140,145,144,139,146,148,150,148,147,151,152,147,135,153,155,151,151,151,158,156,123,136,162,161,165,155,147,166,165,168,132,169,167,162,171,169,171,172,162,145,168,152,176,177,179,149,182,185,173,186,165,186,158,187,189,185,191,171,192,135,148,194,151,168,196,201,192,193,204,203,187,206,146,209,191,211,168,176,170,213,206,166,214,184,192,220,179,224,181,179,206,166,195,227,214,176,233,211,232,174,213,165,208,238,217,213,159,211,240,241,243,201,220,241,246,217,246,235,213,175,246,160,248,249,253,206,226,220,222,233,173,243,193,220,260,218,196,235,196,229,247,210,266,195,216,198,251,255,241,181,231,239,216,217,275,229,226,235,250,263,269,258,240,284,282,243,211,262
226,214,179,191,241,231,231,232,182,170,135,203,203,183,127,175,184,192,214,204,124,154,183,229,188,168,205,150,170,205,186,204,222,150,201,142,189,216,152,207,163,164,198,185,194,212,209,161,181,208,189,194,193,206,198,205,199,196,196,159,156,191,174,149,180,192,193,172,162,186,159,187,188,175,183,187,149,184,148,117,177,174,181,155,171,134,178,176,174,154,171,146,98,163,138,127,115,160,118,94,153,161,150,106,85,150,137,116,136,148,94,143,0,153,145,152,104,153,153,149,96,141,153,147,154,154,154,155,152,154,113,153,157,158,158,123,158,159,152,159,159,160,147,144,142,157,159,161,157,155,143,153,160,149,155,132,160,154,152,159,158,159,152,154,147,158,160,141,158,142,154,151,152,151,148,142,138,147,143,145,141,145,130,143,140,138,130,136,135,134,134,135,131,131,128,128,127,123,125,119,122,117,119,118,116,113,109,112,112,111,108,106,105,105,103,102,100,98,95,95,92,92,92,89,89,88,84,85,83,82,80,78,77,77,77,73,74,72,70,68,62,66,62,62,62,62,61,61,58,55,56,54,53,52,50,48,46,45,43,42,40,39,37,35,33,31,29,29,27,25,24,22,20,18,16,14,12,10,8,6,4,2,0,0,0,0,0,0,0,2,4,4,6,7,9,0,12,14,16,18,20,22,24,26,28,30,32,34,36,35,39,40,42,44,45,44,47,49,50,51,54,55,57,57,57,60,59,59,62,66,66,66,69,71,73,75,58,73,77,77,78,81,80,84,86,88,89,91,91,92,92,96,95,100,101,104,104,106,107,109,111,113,112,113,115,116,117,120,107,119,122,125,123,124,127,126,131,133,135,135,136,109,136,141,140,135,142,143,145,144,142,147,148,142,133,148,150,148,146,145,153,150,117,132,156,155,159,150,141,160,159,162,126,163,161,156,165,163,164,167,158,140,161,147,169,171,173,144,176,178,168,179,158,179,153,180,182,177,183,163,183,129,140,186,145,162,188,193,185,185,196,194,181,197,139,201,182,203,159,169,163,205,198,157,206,177,185,211,170,214,172,172,198,159,187,217,206,168,223,201,222,164,204,155,200,227,207,205,151,203,230,231,232,193,211,231,235,208,234,224,204,163,235,149,235,236,239,193,213,204,206,217,155,225,174,202,239,199,176,212,175,205,224,185,240,168,188,172,222,228,211,150,201,209,185,185,242,194,190,199,215,227,233,219,200,245,242,203,171,220
271,259,225,239,288,279,280,282,233,222,187,256,257,238,182,230,240,248,269,260,179,209,239,284,243,224,260,206,226,260,240,260,277,206,258,196,245,272,209,263,219,220,253,242,248,268,266,217,238,265,245,251,250,263,255,262,256,254,254,218,215,249,232,209,238,251,252,231,221,246,220,247,248,235,244,247,209,245,210,179,238,235,243,217,233,196,240,239,237,218,236,211,163,228,203,193,181,225,183,160,218,227,216,172,152,216,204,182,203,215,162,209,162,217,208,214,165,213,212,207,154,197,208,201,206,206,205,204,201,201,160,198,200,200,198,163,197,197,188,194,193,193,179,174,171,186,188,188,184,182,167,178,183,171,176,152,179,173,169,175,173,173,166,165,155,167,168,149,166,148,161,158,158,158,154,147,144,152,149,151,147,150,136,148,146,143,134,140,139,138,138,138,134,134,131,131,129,126,127,120,123,118,120,119,117,114,110,112,112,111,108,106,105,105,103,102,100,98,95,95,92,93,92,89,89,88,84,85,83,82,80,78,77,77,77,73,74,72,70,68,61,66,62,62,62,62,61,61,58,0,56,54,53,53,51,49,47,46,44,43,41,40,38,36,34,32,30,31,29,27,26,24,22,20,18,16,14,12,10,8,6,4,2,0,0,0,0,0,0,0,2,4,6,8,10,9,13,15,17,18,20,22,24,26,28,30,31,33,34,0,37,38,40,42,43,42,45,47,48,49,52,53,55,55,55,58,57,57,61,64,66,64,68,70,72,74,58,72,76,76,77,80,79,83,85,87,88,90,90,92,91,95,95,99,100,103,103,105,106,108,110,112,111,112,115,115,117,119,108,119,122,125,124,126,129,126,131,133,135,135,136,110,137,141,140,137,142,144,146,144,143,147,148,144,134,149,151,149,148,148,154,153,119,133,158,157,161,153,143,163,162,165,129,166,165,159,168,167,169,172,162,145,166,152,174,176,178,149,181,184,173,184,164,185,158,185,187,184,189,170,191,136,146,193,151,169,195,200,193,192,203,202,188,205,147,209,190,210,166,177,171,213,205,165,213,186,194,220,179,224,180,181,208,168,197,227,217,179,233,211,233,174,213,166,210,238,218,216,162,214,241,242,244,204,223,242,247,220,247,236,216,176,246,160,249,250,254,210,229,221,224,235,173,245,194,223,261,221,199,236,199,230,250,211,267,196,217,201,252,258,242,181,233,242,219,220,276,230,227,236,253,266,272,259,241,285,283,246,214,264
224,212,178,191,240,233,233,235,186,175,138,210,211,190,135,184,193,202,224,215,135,167,198,243,204,185,223,169,189,225,205,225,244,173,225,163,214,242,179,234,190,192,227,216,223,244,242,194,215,243,223,231,230,245,237,246,240,238,240,204,202,237,220,198,229,242,243,224,213,239,215,241,243,230,239,242,204,240,206,174,234,231,238,212,229,191,236,235,233,214,233,207,160,225,200,190,180,222,182,158,216,225,216,171,151,216,202,183,203,214,162,209,162,217,208,214,165,213,212,207,154,197,208,201,206,206,205,205,200,201,161,197,201,199,199,162,196,198,189,195,194,194,179,175,171,187,189,189,185,181,168,177,184,171,177,152,180,173,169,175,175,175,167,168,158,168,170,152,167,151,164,161,160,161,157,149,147,155,152,154,150,153,139,151,148,146,136,143,142,141,141,141,137,137,134,134,132,129,130,122,126,121,123,122,120,117,112,115,115,114,111,109,108,108,106,105,103,101,98,98,95,96,95,92,92,91,87,88,86,85,83,81,80,80,80,76,77,75,73,71,64,69,65,65,65,65,64,64,61,58,59,57,56,55,53,51,49,48,46,45,43,42,40,38,36,34,32,33,31,29,28,26,24,22,20,18,16,14,12,10,8,6,4,2,0,0,0,0,0,0,0,2,4,6,8,8,11,13,15,17,19,21,23,25,27,29,31,33,35,34,38,39,41,43,44,43,46,48,49,50,53,54,56,56,56,59,58,58,62,65,67,65,69,71,73,75,58,73,77,77,78,81,80,84,86,88,89,91,91,92,92,96,96,100,101,104,104,106,107,109,111,113,112,113,116,116,116,120,108,119,122,125,124,126,129,126,131,134,135,135,136,109,137,141,140,138,143,145,147,145,144,148,149,145,136,150,152,150,148,148,155,153,120,135,159,158,162,154,144,164,163,166,130,167,165,160,169,167,169,172,163,147,166,154,174,176,178,151,181,184,174,184,164,184,160,185,186,183,188,169,190,137,146,191,152,169,193,198,193,190,201,200,187,202,145,204,185,205,159,171,164,204,197,153,203,174,182,205,164,208,163,165,191,150,178,207,195,157,210,187,208,148,187,138,183,208,188,185,131,182,207,208,208,169,186,205,207,180,205,193,174,132,202,104,203,203,205,160,179,169,172,184,0,194,141,171,209,169,147,183,148,177,199,159,215,144,166,150,201,208,190,0,182,191,169,170,227,180,178,186,205,217,224,210,192,237,236,198,167,216
195,184,151,162,211,205,204,207,156,144,108,179,178,157,100,150,157,165,186,176,95,127,158,202,161,142,178,122,140,178,156,176,194,122,173,0,161,188,122,179,136,138,173,164,169,191,190,140,163,192,170,180,179,194,187,196,190,188,189,154,153,187,169,148,180,194,195,175,164,191,166,193,196,182,194,197,160,197,162,131,192,190,199,172,191,153,200,199,199,180,198,175,126,193,168,160,149,194,153,128,190,199,189,145,125,192,179,160,180,194,140,189,142,199,190,198,147,197,198,193,138,185,196,189,195,195,193,193,189,189,150,187,189,189,188,152,186,187,178,184,183,183,169,163,160,177,178,179,175,171,157,168,173,162,167,141,170,164,160,167,166,165,159,159,149,161,163,145,159,143,157,155,154,155,152,143,142,148,147,148,145,147,134,146,142,140,131,139,138,136,138,138,134,134,132,131,129,127,128,120,125,120,122,120,120,117,111,115,115,114,111,108,108,108,106,104,104,102,99,99,94,97,96,93,93,92,88,89,87,86,84,82,81,81,81,77,78,76,74,72,63,70,66,66,66,66,65,65,62,59,60,58,57,56,54,52,50,49,47,46,44,43,41,39,37,35,33,34,32,30,29,27,25,23,21,19,17,15,13,11,9,7,4,4,2,0,0,0,0,0,0,0,2,4,6,6,9,11,13,15,17,19,21,23,25,27,29,31,33,33,36,37,39,41,42,41,44,46,47,48,51,52,54,54,54,57,56,56,60,63,65,63,67,69,71,73,56,71,75,75,76,79,78,82,84,86,87,89,89,91,90,94,94,97,98,101,100,103,104,105,107,109,107,108,111,111,112,115,103,113,116,118,117,119,122,119,123,127,128,128,129,102,130,133,133,130,135,136,138,137,135,140,141,136,130,140,143,142,140,139,146,144,111,126,149,149,152,145,135,154,153,156,120,156,155,150,157,155,157,158,149,134,150,138,157,158,160,132,161,163,153,162,140,159,136,159,159,156,160,139,159,108,113,159,119,136,159,163,158,154,164,163,150,163,107,165,146,167,120,133,126,165,158,115,164,136,144,166,125,168,124,126,152,111,139,166,155,117,168,146,166,106,146,96,142,166,146,144,89,141,165,165,166,127,145,162,164,138,161,149,130,77,157,0,159,161,165,122,143,132,136,150,85,159,107,138,175,138,115,151,116,145,168,128,183,113,133,120,170,179,160,99,152,163,141,142,198,151,148,157,177,189,196,182,162,208,207,169,138,187
202,189,155,164,214,207,204,207,155,143,0,180,181,159,104,155,162,171,193,184,104,138,169,214,175,156,194,140,158,196,174,196,215,144,197,134,185,213,148,204,159,162,196,187,192,215,214,163,186,215,192,202,202,216,208,217,211,209,210,175,174,208,189,170,200,214,215,195,184,211,187,213,215,202,214,216,180,216,182,149,212,209,218,191,210,171,218,218,217,198,218,193,144,212,186,178,169,212,171,146,208,217,207,160,140,208,192,175,193,206,151,201,152,209,200,206,155,205,204,199,143,189,200,193,198,198,197,196,192,193,154,190,194,192,192,156,189,191,181,188,188,187,172,166,163,181,182,183,179,175,159,171,177,165,171,143,174,167,163,169,169,169,161,162,150,163,166,148,162,146,159,158,157,158,155,145,145,151,150,151,147,149,137,150,145,144,134,142,141,139,140,140,135,137,134,134,131,129,129,122,127,123,124,123,122,119,113,117,117,116,113,110,110,110,108,106,105,103,100,100,96,96,97,94,94,93,89,90,88,86,85,83,81,82,82,78,79,77,75,73,62,71,67,67,67,67,66,66,63,60,61,59,58,57,55,53,51,50,48,47,45,44,42,40,38,36,34,35,33,31,30,28,26,24,22,20,18,15,15,13,11,9,6,6,4,2,0,0,0,0,0,0,0,2,4,5,7,9,11,13,15,17,19,21,23,25,27,29,31,31,34,35,37,39,40,39,42,44,45,46,49,50,52,52,52,55,54,54,58,61,63,61,65,67,69,71,54,69,73,73,74,77,76,80,82,84,85,87,87,89,88,92,92,96,97,100,100,102,103,105,107,108,108,108,111,111,113,115,104,115,117,120,118,121,124,121,126,129,130,130,131,104,132,136,135,133,139,139,141,140,137,143,144,140,134,145,146,145,143,142,147,145,111,125,149,147,150,141,130,149,147,149,112,148,145,140,148,145,147,148,139,123,139,128,145,146,148,120,147,150,139,149,127,145,122,144,144,140,144,124,143,92,96,143,105,120,143,147,141,136,146,145,133,145,90,148,127,148,0,115,105,149,142,101,150,124,133,155,116,159,117,120,147,107,136,163,155,117,169,148,169,111,151,103,150,175,155,156,102,155,178,180,182,144,163,181,185,162,186,175,159,115,187,101,189,190,194,152,173,162,165,179,113,188,135,166,202,165,143,177,144,171,195,153,209,138,160,146,195,204,184,125,176,186,163,162,216,168,164,172,192,203,209,193,174,218,216,179,146,193
224,212,180,189,238,233,231,235,184,173,139,210,211,188,133,184,191,200,222,213,133,168,199,243,205,185,223,170,187,225,203,225,244,174,225,164,215,242,177,232,188,190,225,216,221,244,242,192,216,243,221,232,231,245,237,246,240,238,238,205,203,237,218,198,230,243,243,225,211,239,214,239,242,226,238,241,202,239,205,169,232,229,237,208,228,187,235,234,232,213,231,205,155,223,196,189,179,220,180,152,214,225,212,166,145,215,198,182,199,212,156,208,157,216,207,213,160,211,211,205,148,195,207,199,205,205,204,203,199,200,161,196,200,198,198,161,195,197,185,194,193,193,176,169,166,186,186,187,183,180,162,176,182,170,175,145,179,170,168,174,173,173,165,166,152,167,170,152,166,148,163,162,159,162,157,149,148,155,152,154,149,153,141,152,149,147,137,145,144,141,142,143,138,140,137,137,134,131,133,124,128,125,126,125,124,121,115,119,119,118,115,111,112,112,110,108,107,106,103,103,99,100,100,97,96,95,92,93,91,89,88,86,84,85,85,81,82,80,78,76,63,74,70,70,70,70,69,69,66,63,64,62,61,60,58,56,54,53,51,50,48,47,45,43,41,39,37,38,36,34,33,31,29,27,25,23,21,18,17,15,13,11,7,8,6,4,2,0,0,0,0,0,0,0,2,4,6,8,10,12,14,16,18,20,22,24,26,28,30,31,33,34,36,38,39,38,41,43,44,45,48,49,51,51,51,54,53,53,57,60,62,60,64,66,68,70,53,68,72,72,73,76,75,79,81,83,84,86,86,88,87,91,91,95,96,99,99,101,102,104,106,108,108,108,111,111,113,115,104,116,118,121,119,122,125,122,127,130,130,131,131,0,132,136,135,133,139,140,142,140,140,143,144,141,135,145,147,145,144,144,148,148,114,128,153,152,156,149,137,157,156,157,120,156,154,148,156,153,155,156,147,132,148,137,154,155,156,129,156,158,149,157,135,155,132,154,154,150,154,133,153,103,105,153,115,130,153,157,152,146,156,155,143,155,100,157,137,158,111,125,107,156,150,0,158,132,141,163,123,167,124,128,155,116,144,171,163,126,177,155,177,118,159,110,158,183,163,164,111,163,186,188,190,152,171,189,193,169,193,182,166,122,194,107,196,197,201,159,179,168,171,186,121,194,142,173,209,172,151,184,152,178,202,160,216,145,167,154,202,211,191,133,183,195,173,174,228,180,178,186,206,219,225,209,192,236,235,199,168,215
226,214,181,190,239,235,232,237,185,173,141,212,213,189,133,186,192,201,223,214,133,169,200,245,206,187,225,171,187,227,204,227,246,175,226,166,216,244,177,233,189,191,226,218,222,246,244,192,217,245,222,233,232,247,239,248,242,240,239,206,204,239,219,199,231,244,245,226,212,241,214,241,243,226,239,242,204,240,206,169,233,231,238,209,229,187,236,235,233,214,232,207,156,225,196,190,180,222,181,152,216,226,213,166,145,216,198,183,199,214,156,209,157,217,208,214,160,213,212,207,148,197,208,201,206,206,205,204,200,201,162,197,201,199,199,162,196,198,186,195,194,194,178,171,166,187,186,189,185,181,163,177,183,171,176,145,180,171,169,175,174,174,166,167,152,168,171,152,167,149,163,162,159,162,158,149,148,153,153,153,150,152,140,152,148,146,136,144,143,141,142,142,137,139,136,136,133,131,132,123,128,124,125,124,123,120,114,118,118,117,114,110,111,111,109,107,106,105,102,102,98,99,99,96,96,95,91,92,90,88,87,85,83,84,84,80,81,79,77,75,61,73,69,69,69,69,68,68,65,62,63,61,60,59,57,55,53,52,50,49,47,46,44,42,40,38,36,37,35,33,32,30,28,26,24,22,20,17,16,14,12,10,0,7,6,4,4,2,0,0,0,0,0,0,0,2,4,6,8,10,12,14,16,18,20,22,24,26,28,29,31,32,34,36,37,36,39,41,42,43,46,47,49,49,49,52,51,51,55,58,60,58,62,64,66,68,51,66,70,70,71,75,74,78,80,82,83,85,85,87,86,90,90,94,95,98,98,100,101,103,105,107,107,107,110,110,112,114,103,115,117,120,119,121,124,121,126,129,130,130,131,104,132,136,135,133,139,140,142,140,140,143,144,141,136,146,147,145,145,144,150,149,115,130,155,154,158,151,139,159,159,161,126,162,161,156,164,162,163,165,155,141,157,145,163,164,165,140,166,168,160,167,145,165,142,164,164,160,164,143,163,113,115,162,124,141,162,166,162,157,167,165,154,166,111,168,148,169,123,137,130,167,160,119,166,140,147,168,126,170,0,130,156,115,145,172,164,127,178,156,178,119,160,111,160,184,164,166,112,165,187,189,191,154,173,190,194,171,194,183,168,122,195,109,197,198,202,161,181,169,172,187,123,195,143,175,210,174,152,185,153,179,204,161,217,146,167,155,203,213,192,135,184,197,174,175,229,181,178,187,208,221,227,210,192,237,236,201,169,216
262,250,218,225,275,271,267,273,220,209,178,249,249,224,168,222,227,236,258,249,168,206,236,281,242,222,261,207,222,263,237,262,279,208,259,198,247,273,205,260,215,217,250,243,246,270,268,214,239,267,242,253,252,266,257,264,258,255,253,220,218,251,229,211,241,254,254,234,218,249,223,249,251,233,247,250,211,248,213,175,240,237,246,214,236,192,243,242,240,220,238,213,160,230,200,196,185,228,186,155,220,231,217,169,148,220,201,187,201,219,158,213,159,220,212,217,162,216,216,210,150,200,212,205,210,210,209,208,205,205,166,202,205,204,203,167,201,202,189,199,198,198,182,173,168,190,188,192,189,186,165,182,188,175,181,148,184,176,173,178,178,178,170,170,154,171,174,156,170,152,166,165,163,165,160,152,151,158,155,157,153,156,143,154,152,149,139,147,146,143,145,146,141,142,139,139,137,132,135,126,131,127,128,127,126,123,117,121,120,120,117,113,114,114,112,110,109,108,105,105,101,102,102,99,99,98,94,95,93,91,90,88,86,87,87,83,84,82,80,78,62,76,72,72,72,72,71,70,68,65,66,64,63,62,60,58,56,55,53,52,50,49,47,45,43,41,39,40,38,36,35,33,31,29,27,25,23,20,19,17,15,13,9,10,8,6,6,4,2,0,0,0,0,0,0,0,2,4,6,8,10,12,14,16,18,20,22,24,26,27,29,30,32,34,36,35,38,40,41,42,45,46,48,48,48,51,50,46,52,53,53,51,53,53,53,53,33,49,53,0,53,57,57,61,63,65,67,68,68,70,0,73,73,77,78,81,82,84,85,87,89,91,91,91,94,94,96,98,87,99,101,104,103,105,108,105,110,113,114,114,115,85,116,120,120,117,123,124,126,124,124,128,130,127,123,131,132,131,130,130,135,135,100,115,140,139,143,136,124,145,144,147,111,148,147,142,151,149,152,154,146,134,149,141,157,160,162,139,166,168,163,169,149,170,149,170,172,169,174,155,176,128,130,178,142,159,180,185,183,177,188,187,178,190,138,195,175,196,154,168,162,199,192,154,200,176,185,205,165,209,167,173,198,159,187,212,206,169,218,196,218,159,199,151,200,223,203,206,153,204,226,227,229,195,213,228,232,210,232,221,206,161,232,148,234,235,239,200,219,207,209,225,162,232,180,214,247,213,191,222,191,216,241,197,253,182,203,193,238,249,228,172,219,234,211,212,263,216,214,222,244,257,263,245,228,272,271,238,206,251
252,241,207,215,264,260,256,262,207,195,165,234,234,208,150,206,209,217,239,229,146,185,214,258,218,198,235,181,195,235,210,235,251,181,232,171,220,247,176,232,187,189,223,215,218,243,240,185,211,239,214,225,224,237,229,236,229,227,223,192,189,222,200,182,212,225,225,205,189,220,194,221,222,203,218,221,182,219,184,146,211,208,217,185,207,162,214,213,211,192,209,185,131,202,170,167,156,199,157,126,191,201,186,138,118,190,170,157,170,189,128,183,129,191,182,188,132,187,186,181,119,170,181,174,179,179,178,177,173,173,134,170,173,172,171,135,169,170,156,167,167,166,151,140,135,159,155,160,157,154,133,150,156,143,149,116,152,144,141,147,147,146,138,138,122,138,141,123,136,118,132,131,128,130,126,117,116,123,120,0,118,120,107,122,119,118,110,120,120,118,122,124,121,123,122,123,122,119,123,116,122,120,122,122,122,120,115,120,121,120,117,113,114,113,112,110,109,108,105,105,101,102,102,99,99,98,94,95,93,91,90,89,87,88,88,85,84,84,82,80,62,78,74,74,74,74,73,72,70,67,68,66,65,64,62,60,58,57,55,54,52,51,48,47,45,43,41,42,40,38,37,35,33,31,29,27,25,22,21,19,17,15,11,12,10,7,8,6,4,2,0,0,0,0,0,0,0,2,4,6,8,10,12,14,16,18,20,22,24,25,27,28,30,32,34,33,36,38,39,40,43,44,46,47,47,50,49,46,51,52,52,50,52,52,52,52,0,48,52,52,53,57,57,61,63,65,67,69,69,71,70,74,74,78,79,82,83,85,86,88,90,92,92,92,95,95,97,99,88,100,102,105,104,106,109,106,111,114,115,115,116,89,116,120,119,117,122,123,125,123,123,126,127,124,121,129,130,128,128,128,133,133,97,113,138,137,141,133,122,142,141,144,107,145,144,138,147,146,148,151,142,131,145,137,153,155,157,135,160,162,158,163,143,164,143,164,166,162,168,148,169,123,123,171,137,153,173,178,175,170,181,180,171,183,132,187,170,189,148,162,156,191,184,147,192,169,178,197,156,201,159,165,191,152,179,204,199,162,210,188,209,151,191,142,192,215,194,198,145,195,217,218,220,187,204,219,223,201,223,212,197,151,223,140,225,226,230,191,210,197,200,217,154,222,170,205,237,203,182,212,182,206,231,187,243,172,192,183,228,239,218,163,209,224,201,202,253,206,203,212,235,247,253,235,217,262,260,228,197,240
221,209,176,182,232,230,224,232,177,165,137,207,208,181,124,181,184,193,215,206,124,165,195,240,201,181,220,167,179,222,196,222,241,171,221,162,211,239,168,226,181,183,218,212,214,241,239,183,212,240,214,228,227,242,234,243,237,235,232,202,200,234,211,194,226,239,240,221,205,237,213,238,241,222,238,242,205,241,209,169,235,233,240,209,231,186,238,237,235,217,234,209,155,227,194,193,183,224,184,152,218,227,213,164,145,219,196,186,197,216,156,211,157,219,210,216,160,215,215,209,148,199,211,203,209,209,208,206,202,204,165,201,205,203,203,166,199,202,187,198,198,198,181,171,166,191,186,192,189,185,164,180,187,175,181,147,184,175,172,178,179,179,170,172,155,173,176,158,172,154,168,168,166,168,163,154,154,161,158,159,156,157,146,158,155,152,142,150,149,145,148,148,143,145,142,142,140,136,138,128,134,130,131,130,129,126,119,124,124,123,120,116,117,117,115,113,112,111,108,108,104,105,105,102,102,101,97,98,96,94,93,92,89,91,91,87,87,86,84,82,62,80,76,76,76,76,75,75,72,69,70,68,67,66,64,62,60,59,57,56,54,53,50,49,47,45,43,44,42,40,39,37,35,33,31,29,27,24,23,21,19,17,13,14,12,9,10,8,6,4,2,0,0,0,0,0,0,0,2,4,6,8,10,12,14,16,18,20,22,23,25,26,28,30,32,32,35,37,38,39,42,43,45,46,46,49,48,48,52,55,57,55,59,61,63,65,48,63,67,67,68,72,71,75,77,79,80,82,82,84,83,87,87,91,92,95,95,97,98,100,102,104,104,104,107,107,109,111,100,112,114,117,116,118,120,118,122,125,126,126,127,103,129,132,132,130,135,136,138,136,136,139,141,138,136,143,143,142,141,141,146,146,110,126,152,151,155,147,135,155,156,157,121,158,157,153,160,159,161,163,153,142,155,147,161,162,163,141,165,166,162,165,144,164,145,163,163,159,163,142,162,116,114,161,127,143,161,165,162,155,165,164,154,164,114,167,0,168,125,140,134,170,163,126,171,149,158,176,136,180,119,145,172,132,161,184,180,142,190,168,190,131,172,123,175,196,176,181,127,179,199,200,202,169,188,202,206,186,206,195,182,127,206,124,207,207,211,172,191,173,178,195,129,199,145,179,210,176,153,182,152,174,201,152,209,137,0,149,193,207,183,130,175,191,168,169,220,172,168,178,203,215,221,202,183,229,228,195,164,208
270,259,226,231,281,279,273,281,226,214,187,257,257,230,173,231,233,242,264,255,172,215,244,289,249,227,267,212,224,267,239,266,283,212,263,203,251,278,206,262,217,219,252,245,248,274,272,215,243,271,244,257,256,270,261,269,262,259,255,224,222,255,231,215,245,258,258,238,220,253,227,254,255,234,251,254,215,252,217,177,244,241,250,216,240,193,247,246,244,225,242,218,162,235,201,200,189,232,190,157,224,234,218,168,149,223,201,190,201,222,159,216,160,223,215,220,163,220,219,214,151,202,215,208,213,213,212,211,208,208,169,205,208,207,206,170,204,205,190,202,201,201,186,174,168,194,188,195,192,189,166,185,191,178,184,149,187,179,176,181,181,181,173,173,154,174,176,158,173,155,169,167,165,167,162,154,153,160,157,159,155,156,145,157,154,151,141,149,148,145,147,148,143,144,141,141,139,134,137,128,133,129,130,129,128,125,119,123,123,122,119,115,116,116,114,112,111,110,107,107,103,104,104,101,101,100,96,97,95,93,92,91,89,90,90,86,86,85,83,81,60,79,75,75,75,75,74,74,71,68,69,67,66,65,63,61,58,58,56,55,53,52,49,48,46,44,42,43,41,39,38,36,34,32,30,28,26,23,22,20,18,16,12,13,11,0,9,8,6,5,4,2,0,0,0,0,0,0,0,2,4,6,8,10,12,14,16,18,20,21,23,24,26,28,30,30,33,35,36,37,40,41,43,44,43,46,45,0,48,51,53,51,55,57,59,61,44,59,63,63,64,68,67,71,73,75,76,78,78,80,79,83,83,87,88,91,92,94,95,97,99,101,101,101,104,104,106,108,97,109,111,114,113,115,118,115,120,123,124,124,125,102,126,130,130,127,133,134,136,134,134,137,139,136,134,140,141,140,139,139,144,144,107,124,149,148,152,145,133,154,153,156,119,157,156,150,159,158,160,163,155,145,158,151,165,168,169,149,173,175,172,176,156,177,158,177,179,176,181,162,183,138,137,185,152,168,187,192,190,184,195,194,185,197,148,202,185,203,164,177,171,206,199,163,207,186,195,212,172,216,176,182,207,168,196,219,215,178,225,203,225,166,206,158,209,230,210,216,162,213,233,234,236,204,222,235,239,219,239,228,215,167,239,158,241,242,246,209,228,213,216,234,171,239,186,223,253,221,199,228,199,222,248,203,259,188,208,201,244,256,234,181,225,242,219,220,269,222,219,228,253,265,269,251,233,278,277,246,214,257
215,203,168,171,221,218,211,219,162,149,122,191,191,162,104,162,164,172,193,183,98,141,171,214,174,151,191,137,146,191,163,189,206,136,186,125,173,202,0,185,142,135,179,173,177,205,204,145,176,205,178,193,192,207,200,209,202,201,197,169,168,200,177,162,194,208,208,190,172,206,182,208,211,190,209,212,175,212,179,138,207,205,214,182,206,160,215,214,214,196,213,190,134,209,175,177,167,210,170,136,205,215,199,151,133,210,186,178,188,210,148,206,151,215,207,214,156,214,214,209,147,199,213,204,211,211,209,208,204,205,167,202,206,205,204,168,201,203,186,200,200,199,183,171,165,192,184,193,190,187,164,182,190,177,183,147,186,178,174,180,182,181,173,174,155,175,178,160,174,156,170,169,167,169,164,155,155,162,159,161,157,157,147,159,156,153,143,153,152,147,151,152,147,148,145,145,143,138,141,131,137,133,134,133,132,129,123,127,126,126,123,119,120,120,118,116,115,114,111,111,107,108,108,105,105,104,100,101,99,97,96,95,92,94,94,90,90,89,87,85,62,83,79,79,79,79,78,78,75,72,73,71,70,69,67,65,62,62,60,59,57,56,53,52,50,48,46,47,45,43,42,40,38,36,34,32,30,27,26,24,22,20,16,17,15,12,13,11,9,7,6,4,2,0,0,0,0,0,0,0,2,4,6,8,10,12,14,16,18,19,21,23,25,27,29,29,32,34,35,36,39,40,42,43,43,46,45,47,49,52,54,52,56,57,59,61,47,59,63,64,64,68,67,71,73,75,77,79,79,81,81,84,85,88,89,92,93,95,96,98,99,101,100,0,103,103,105,107,96,108,110,113,113,114,117,114,119,122,123,123,124,102,126,129,129,127,132,133,135,133,133,136,138,135,135,140,140,139,138,138,143,143,106,123,149,148,152,144,132,152,152,154,117,155,154,149,157,155,158,160,153,144,155,151,162,166,168,147,171,172,170,173,154,173,157,174,176,173,177,158,178,136,133,180,150,166,184,188,186,181,191,191,182,192,146,197,180,200,161,174,169,201,195,160,202,182,190,207,167,210,173,178,203,165,191,213,211,174,219,198,218,160,201,152,203,222,203,208,154,204,222,222,223,192,208,221,223,203,222,210,197,148,219,139,220,221,223,186,204,187,191,207,145,211,158,194,224,191,169,196,168,188,215,168,224,152,171,164,206,218,194,141,185,200,177,177,225,177,172,181,207,217,221,202,181,228,225,193,162,202
210,199,165,170,220,219,212,222,164,153,128,196,197,169,111,171,172,181,203,194,111,156,184,230,190,168,209,156,166,211,183,211,230,160,210,152,200,227,155,212,167,169,204,198,201,229,227,167,198,226,197,212,211,224,216,223,217,215,208,180,177,210,185,169,200,212,213,193,173,207,183,207,209,188,205,208,171,206,173,130,199,197,204,170,195,147,202,201,199,181,198,173,117,190,156,156,146,188,147,112,181,190,173,122,104,180,156,147,155,178,114,172,115,180,171,177,118,176,176,170,105,158,171,163,169,168,167,167,161,162,123,158,162,160,159,122,155,157,140,153,152,152,135,122,115,143,0,146,144,141,118,138,147,135,142,106,147,139,137,143,146,147,139,142,124,145,149,133,148,131,147,147,145,149,145,137,138,146,144,147,144,144,136,149,146,145,137,146,147,144,147,149,144,146,143,143,141,137,139,130,136,133,133,133,132,129,122,127,128,126,124,120,121,120,119,117,116,115,113,113,108,110,110,107,107,106,102,102,101,98,98,96,94,96,96,92,92,91,89,87,62,85,81,81,81,81,80,79,77,74,75,73,72,71,69,67,62,64,62,61,59,58,55,54,52,50,48,49,47,44,44,42,40,38,36,34,32,29,28,26,24,22,18,19,17,14,15,13,11,9,8,6,4,2,0,0,0,0,0,0,0,2,4,6,8,10,12,14,16,18,20,22,24,26,28,28,31,33,34,34,37,38,40,41,41,44,43,46,47,50,52,50,54,56,58,60,47,58,62,63,63,67,66,70,72,74,76,78,78,80,80,83,83,87,88,91,92,94,95,97,99,101,101,102,104,104,106,108,97,110,110,113,111,114,117,114,119,122,123,123,124,103,125,129,129,125,132,132,134,133,132,136,138,134,135,138,139,139,138,137,143,142,105,123,148,146,150,143,131,151,151,153,116,154,152,147,156,154,157,159,150,144,154,149,161,164,165,147,168,170,168,171,150,170,154,169,170,166,170,150,170,128,123,170,139,154,169,174,171,164,175,173,163,174,126,177,161,177,139,152,145,177,169,134,175,155,163,178,136,180,142,146,171,131,158,179,175,138,181,159,180,120,160,110,163,180,160,166,112,163,179,180,180,149,165,175,179,160,176,164,152,0,172,92,174,176,180,143,165,146,151,169,107,174,121,159,189,157,136,163,137,157,184,139,194,124,143,137,180,193,170,119,161,179,157,157,206,159,155,165,191,204,207,189,170,216,215,185,155,195
189,177,142,144,193,192,183,192,133,0,65,166,167,137,80,142,141,151,173,164,80,126,156,200,162,139,182,128,138,185,157,186,204,134,186,126,175,203,124,186,143,143,180,174,177,207,206,144,178,207,177,195,194,209,202,210,204,202,196,169,168,201,176,163,195,209,209,190,171,206,182,208,211,188,209,212,175,212,178,137,207,204,214,179,206,157,215,214,214,195,213,190,132,208,173,176,166,209,168,133,204,214,196,148,129,207,183,177,184,209,145,204,148,213,205,212,153,212,213,208,142,194,209,201,207,207,205,205,201,201,164,199,202,201,202,165,198,201,183,198,197,197,181,167,161,190,181,191,188,183,160,180,187,174,180,143,184,174,172,177,180,179,171,172,152,172,176,159,171,155,170,168,166,168,164,154,155,161,159,160,157,154,147,159,155,153,142,152,151,147,151,151,147,148,146,145,144,139,142,131,139,134,136,135,133,131,123,129,128,128,125,121,122,122,120,118,118,117,115,115,110,112,112,109,109,108,104,105,103,101,100,99,95,98,98,94,94,93,91,89,62,87,83,83,83,83,82,81,79,76,77,75,74,73,71,69,62,66,64,63,61,60,57,56,54,52,50,51,49,46,46,44,42,40,38,36,34,31,30,28,26,24,20,21,19,16,17,15,13,11,10,8,6,4,2,0,0,0,0,0,0,0,2,4,6,8,10,12,14,16,18,20,22,24,26,26,29,31,32,34,36,37,39,40,40,43,42,45,46,49,51,49,53,55,57,59,48,57,61,62,62,66,65,69,71,73,75,77,77,79,79,82,83,86,87,90,91,93,94,96,98,100,100,101,103,103,105,107,96,109,110,112,112,113,116,113,118,121,122,122,123,104,125,127,127,125,130,130,132,131,130,134,136,133,134,137,138,137,136,135,141,140,104,121,147,146,149,142,130,150,150,152,115,153,151,147,155,153,156,158,151,145,153,151,160,164,166,147,169,170,168,171,152,171,157,172,173,171,175,155,175,135,128,175,146,161,176,179,176,171,180,179,169,179,134,182,167,183,146,158,152,183,175,141,181,161,169,182,141,184,147,151,176,137,163,183,180,143,187,164,184,124,165,114,168,184,165,171,118,168,183,184,184,155,171,182,183,166,182,169,159,107,178,100,179,179,181,145,164,0,148,166,103,170,117,157,186,156,134,160,135,154,182,136,193,121,143,137,179,192,168,118,160,177,154,153,200,151,146,155,183,193,195,176,154,201,198,168,135,175
271,260,227,230,279,280,272,282,225,212,189,258,258,228,171,232,232,241,263,254,170,216,245,290,251,227,270,216,224,270,240,269,286,216,266,207,254,281,208,262,218,220,253,246,249,277,275,215,247,274,245,260,259,273,264,272,265,262,255,228,226,258,232,218,248,261,261,241,221,256,231,256,258,234,254,257,218,255,221,177,247,244,253,217,243,193,250,249,247,228,245,220,161,237,201,204,193,235,194,157,227,237,218,167,148,227,201,194,200,225,159,219,160,227,218,224,163,223,222,217,151,203,219,211,217,217,216,214,211,212,173,209,212,211,210,174,207,209,190,206,205,205,189,174,167,197,187,198,195,193,166,188,195,182,188,149,191,180,179,182,185,185,176,177,155,178,181,163,177,159,173,172,170,172,167,158,158,165,162,164,160,157,150,162,159,156,146,154,153,149,152,153,148,149,146,146,144,139,142,132,138,134,135,134,133,130,123,128,127,127,124,120,121,121,119,117,116,115,112,112,108,109,109,106,106,105,101,101,100,97,97,95,0,95,95,91,92,91,89,87,60,85,81,81,81,81,80,79,77,74,75,73,72,71,69,67,59,64,62,61,59,58,55,54,52,51,49,50,48,0,45,44,42,41,39,37,35,32,31,29,27,25,22,23,21,18,18,17,15,13,12,10,8,6,4,2,0,0,0,0,0,0,0,2,4,6,8,10,12,14,16,18,20,22,24,24,27,29,30,32,34,35,37,38,38,41,40,44,44,47,49,47,51,53,55,57,48,55,59,60,60,64,63,67,69,71,73,75,75,77,77,80,81,84,85,88,89,91,92,94,96,98,99,100,101,101,103,105,94,107,108,111,111,112,115,112,117,120,121,121,122,105,124,127,127,125,130,131,133,131,132,134,136,134,135,138,138,137,137,137,141,142,104,120,147,146,150,144,130,152,151,154,116,155,154,148,157,156,158,161,154,146,157,153,163,167,168,150,172,173,171,174,156,175,160,175,177,175,179,160,181,141,134,183,154,170,186,190,188,183,193,193,184,195,150,200,186,202,167,179,173,204,198,166,206,187,196,210,170,214,178,184,209,170,197,217,217,180,224,202,223,164,205,156,210,228,209,218,164,214,231,232,234,205,223,234,237,220,238,226,216,168,237,161,240,241,245,210,229,211,215,232,173,237,185,224,252,222,201,226,201,220,247,201,258,187,208,202,243,255,232,183,224,243,220,221,268,220,217,226,254,266,268,250,231,277,276,247,216,256
259,248,216,217,267,268,259,270,212,200,178,246,246,215,158,220,219,228,250,241,157,205,234,279,240,215,258,206,213,260,230,260,279,210,260,202,250,276,205,259,214,216,251,245,246,276,274,212,246,273,242,260,259,271,263,271,264,262,254,228,226,258,230,217,248,261,261,241,219,255,231,255,258,233,254,257,218,255,222,175,248,244,253,216,244,192,251,250,248,230,246,221,160,238,201,205,195,236,195,157,229,240,220,168,149,230,202,197,202,227,160,222,161,229,221,226,164,226,225,219,152,205,222,213,220,220,219,217,213,215,176,212,215,214,213,177,209,212,192,209,208,208,190,175,169,200,192,201,198,196,168,191,198,185,191,150,194,182,182,184,188,188,179,180,156,181,184,166,179,161,176,176,174,176,170,162,162,168,165,167,162,160,154,166,163,160,150,158,157,152,155,156,152,153,150,150,148,142,146,136,141,138,139,138,137,134,127,132,131,131,128,124,125,125,123,122,121,120,118,118,113,115,115,112,112,110,107,108,106,104,103,102,98,101,101,97,97,96,94,92,63,90,86,86,86,86,85,84,82,79,80,78,75,76,74,72,63,69,67,66,64,63,60,59,57,55,53,54,52,49,49,47,45,43,41,39,37,34,33,31,29,27,24,25,23,20,20,19,17,15,14,12,10,8,6,4,2,0,0,0,0,0,0,0,2,4,6,8,10,12,14,16,18,20,22,22,25,27,28,30,32,33,35,36,36,39,38,42,42,45,47,45,49,51,53,55,48,53,57,58,58,62,61,65,67,69,71,73,73,75,75,78,79,82,83,85,86,88,90,92,94,96,97,98,99,99,100,103,0,104,105,108,108,109,112,109,114,117,118,118,119,102,121,124,123,122,127,128,129,127,127,129,129,126,125,128,128,125,125,124,126,127,85,0,130,127,133,127,114,135,134,137,97,138,137,132,141,139,142,144,137,132,140,138,147,151,153,137,157,158,156,159,140,160,146,160,162,160,164,145,166,128,119,168,140,155,171,175,174,168,178,178,170,180,138,185,173,188,153,166,160,190,183,152,191,173,183,195,155,199,164,170,195,156,184,202,203,166,209,187,208,149,190,141,197,213,194,204,151,201,216,217,219,192,210,219,222,207,223,211,203,155,222,148,225,226,230,196,216,196,200,218,160,224,171,210,238,209,189,212,190,206,234,188,244,174,197,190,230,243,218,172,211,231,209,210,256,207,204,213,242,255,256,237,219,264,263,235,204,243
271,262,229,230,279,280,272,282,225,211,192,260,260,228,170,234,231,241,263,254,169,218,247,291,253,227,272,219,225,273,241,272,289,219,269,210,257,284,211,263,219,221,254,247,250,280,278,215,249,277,246,263,262,276,267,275,267,265,256,231,229,260,233,221,251,264,264,244,222,259,234,259,261,235,257,260,221,258,225,177,251,246,256,219,246,0,254,253,251,233,250,225,163,242,203,209,198,240,198,159,232,243,222,170,151,233,204,200,204,231,162,225,163,232,224,229,166,229,228,223,154,207,225,217,223,223,222,220,216,218,179,215,218,217,216,180,213,215,194,212,211,211,194,178,171,203,195,204,201,199,170,194,201,188,194,152,197,184,185,187,191,191,182,183,159,184,187,169,182,164,180,178,176,178,173,164,164,171,168,170,166,161,157,168,165,162,152,160,159,155,158,159,155,156,153,152,151,145,149,139,144,141,142,141,140,137,129,135,134,134,131,127,128,128,126,124,123,121,120,119,115,117,117,114,114,112,109,110,108,106,105,104,100,103,103,99,99,98,96,94,63,92,88,88,88,88,87,86,84,81,82,80,78,78,76,74,63,71,69,68,66,65,62,61,59,57,55,56,54,51,51,49,47,45,43,41,39,36,35,33,31,29,26,27,25,22,22,21,19,17,16,14,12,10,8,6,4,2,0,0,0,0,0,0,0,2,4,6,8,10,12,14,16,18,20,20,23,25,26,28,30,31,33,34,34,37,36,40,40,43,45,43,47,49,51,53,48,51,56,57,57,61,60,64,66,68,70,72,72,74,74,77,78,81,82,85,86,88,89,91,93,95,96,97,98,98,100,102,90,104,105,108,108,109,112,109,114,117,118,118,119,103,121,124,124,122,127,128,130,128,129,132,134,132,133,136,136,135,135,135,139,140,101,120,145,144,148,142,128,149,148,151,0,151,150,145,154,152,155,157,150,146,153,152,160,164,166,150,170,171,169,172,153,173,160,173,175,173,177,158,179,141,132,181,154,168,184,188,186,181,191,191,182,193,150,198,185,200,167,179,173,203,196,166,204,187,195,208,166,212,178,183,208,170,197,215,216,180,222,200,221,161,203,153,210,226,207,217,165,214,229,230,232,205,223,232,235,220,236,224,216,169,235,162,238,239,243,210,229,208,213,231,174,235,183,224,251,223,202,225,203,219,246,201,257,186,210,203,243,255,231,186,224,245,222,223,268,220,216,226,256,268,268,250,230,277,276,249,217,256
211,203,170,170,221,222,212,224,165,153,131,199,199,165,104,170,166,174,196,186,98,149,179,221,182,155,199,145,149,199,166,197,214,144,193,134,181,208,132,187,141,0,179,173,176,209,208,143,181,209,177,197,196,211,204,212,205,204,196,172,171,202,175,165,197,211,211,193,170,209,185,211,214,188,212,215,178,215,182,135,210,206,217,179,209,155,218,217,217,199,216,193,131,212,172,179,170,212,172,133,207,217,198,146,128,212,182,180,184,212,144,208,147,217,209,216,152,216,216,211,143,197,215,208,215,215,214,213,209,210,173,208,211,210,210,173,206,209,188,206,206,205,189,173,166,198,191,199,196,193,165,188,197,183,189,147,193,180,180,182,189,187,179,180,157,181,185,168,180,163,178,177,175,177,171,162,163,170,166,169,165,159,156,167,164,160,150,161,160,154,159,160,156,157,154,153,152,146,150,138,146,143,144,143,142,139,131,137,135,136,133,128,130,130,128,125,125,123,122,121,117,119,119,116,116,114,111,112,110,108,107,106,102,105,105,101,101,100,98,96,63,94,90,90,90,90,89,88,86,83,84,82,80,80,78,76,63,73,71,70,68,67,64,63,61,59,57,58,56,53,53,51,49,47,45,43,41,38,37,35,33,31,28,29,27,24,24,23,21,19,18,16,14,12,10,8,6,4,2,0,0,0,0,0,0,0,2,4,6,8,10,12,14,16,18,18,21,23,24,26,28,29,31,32,32,35,34,38,38,41,43,41,45,47,49,51,48,49,54,55,55,59,58,62,64,66,68,70,70,72,72,75,76,79,80,83,84,86,88,90,92,94,95,96,97,97,99,101,90,102,103,106,106,107,110,107,112,115,116,116,117,102,119,122,122,120,125,126,128,126,127,130,132,129,131,134,134,133,132,132,137,138,100,119,143,142,146,139,126,148,147,150,112,151,150,145,154,152,155,157,150,147,151,153,158,163,165,149,168,169,167,170,152,169,159,171,173,170,174,155,174,139,129,176,152,165,180,185,182,178,188,187,179,189,148,193,182,196,164,175,170,198,191,163,198,183,191,203,162,206,174,179,204,166,192,209,212,175,215,192,212,152,193,142,200,213,194,205,151,200,213,213,214,188,204,212,213,199,212,200,193,144,209,137,210,211,213,181,199,178,181,198,141,202,147,189,213,186,163,185,163,177,205,157,213,139,165,158,195,208,182,135,173,193,171,170,213,164,159,167,199,208,209,188,0,216,213,188,158,194
249,241,208,207,257,258,249,260,202,192,171,239,239,205,147,213,208,218,240,231,146,197,227,269,232,206,251,198,203,253,220,254,271,202,253,194,242,270,197,249,205,208,241,236,238,272,270,205,243,271,238,259,258,272,265,272,263,263,252,229,227,256,229,219,249,262,262,242,218,257,232,257,259,231,255,258,219,256,223,173,249,243,254,215,245,191,252,251,249,231,247,223,158,240,199,206,196,238,196,155,230,240,218,166,147,231,200,198,200,229,158,223,159,230,222,227,162,227,226,221,150,204,223,215,221,221,220,218,214,216,178,213,216,215,214,177,210,213,191,210,209,209,192,174,167,201,194,202,199,196,166,191,200,186,192,148,196,181,183,183,190,189,180,181,155,182,186,168,180,162,178,178,176,178,170,163,164,171,166,170,165,158,158,168,166,162,152,161,160,154,158,159,156,157,154,153,152,145,150,140,145,143,144,143,142,139,131,137,135,136,133,128,130,130,128,126,126,124,123,122,118,120,120,117,116,114,113,114,112,110,109,108,104,107,107,103,103,102,100,98,63,96,92,92,92,92,91,90,88,85,86,84,82,82,80,78,63,75,73,72,70,69,66,65,63,61,59,60,58,55,55,53,51,49,47,45,43,40,39,37,35,33,30,31,29,26,26,25,23,21,20,18,16,14,12,10,8,6,4,2,0,0,0,0,0,0,0,2,4,6,8,10,12,14,16,16,19,21,22,24,26,26,28,28,0,31,30,34,34,37,39,37,41,43,45,47,45,45,50,51,51,55,54,58,60,62,64,66,67,69,69,72,73,76,77,80,81,83,85,87,89,91,92,93,94,94,96,98,86,100,101,104,104,105,108,105,110,113,114,114,115,101,116,118,116,114,117,116,116,114,113,115,115,112,111,114,113,111,110,108,110,111,0,91,116,115,119,113,100,121,121,124,86,125,124,119,128,126,129,132,125,122,128,128,135,139,141,127,145,147,144,147,128,148,137,148,150,148,152,133,154,118,107,156,132,143,159,163,162,156,166,166,158,168,128,173,163,176,144,157,151,178,171,143,179,164,173,183,142,187,155,161,185,147,174,190,193,157,197,175,196,135,178,127,187,201,182,194,142,191,204,205,207,182,200,208,211,198,212,200,194,147,211,141,214,215,219,188,207,187,189,207,152,213,159,202,227,201,180,201,181,195,224,177,234,162,189,182,220,233,208,165,201,224,201,202,246,197,194,203,235,247,246,227,210,254,253,228,196,233
192,184,149,146,196,195,186,196,137,125,104,172,171,136,75,142,136,145,166,149,0,123,153,195,160,133,180,127,131,183,151,184,202,133,184,125,174,202,129,181,137,141,174,168,172,206,205,138,178,206,173,194,193,208,201,209,200,201,191,169,168,197,171,162,194,208,208,190,166,206,182,207,210,182,208,211,174,211,178,129,206,200,213,174,205,151,214,213,213,195,212,189,125,208,166,175,166,208,167,127,203,213,192,140,122,208,176,176,178,208,138,204,141,212,205,211,146,212,212,207,137,191,211,204,211,211,211,210,206,207,169,205,208,207,207,170,203,206,183,203,203,202,186,168,160,195,187,196,193,190,160,185,193,180,186,142,189,175,177,177,185,184,176,177,152,178,181,165,176,159,175,174,173,175,167,160,161,168,163,167,163,154,154,165,162,158,148,157,157,152,157,157,154,155,153,151,151,144,149,137,145,142,143,142,141,138,129,136,134,135,132,127,129,130,128,125,125,123,122,121,117,119,119,117,116,115,112,113,110,108,108,107,103,106,106,102,102,100,99,97,60,95,91,91,91,91,90,89,87,84,85,83,81,81,79,77,0,74,73,72,71,70,67,66,64,62,60,61,59,56,56,54,52,50,48,46,44,41,40,39,37,35,32,33,31,28,28,27,25,23,22,20,18,16,14,12,10,8,6,4,2,0,0,0,0,0,0,0,2,4,6,8,10,12,14,15,18,20,21,23,25,26,28,29,29,32,31,35,35,38,40,38,42,44,46,48,47,46,51,52,52,56,55,59,61,63,65,67,68,70,70,73,74,77,78,81,82,84,86,88,90,92,93,94,95,95,97,99,90,101,102,105,105,106,109,106,111,114,115,115,116,103,118,120,120,118,123,124,126,124,124,128,129,127,128,131,131,130,130,130,134,134,99,118,140,139,142,136,123,144,143,146,110,147,145,141,149,147,151,152,145,143,147,149,154,158,160,146,163,164,162,165,147,165,156,166,168,166,169,150,170,136,124,172,149,160,175,180,177,173,183,182,174,184,145,189,179,192,161,172,167,193,187,160,194,180,188,198,157,202,171,174,198,160,185,201,203,166,205,183,202,141,183,131,191,203,184,195,142,191,203,203,204,179,195,202,203,190,202,190,184,136,199,129,200,201,203,172,190,169,171,188,132,191,137,180,203,177,154,175,154,167,194,147,203,129,156,149,185,197,172,127,163,184,161,160,203,154,149,158,190,200,198,179,159,204,201,175,142,177
209,201,167,162,213,212,202,213,153,144,123,190,190,153,0,160,155,165,187,178,93,146,176,216,182,153,201,148,150,203,169,204,221,153,204,145,193,220,148,199,154,159,191,185,188,224,223,155,195,224,189,212,211,226,219,226,216,218,207,186,185,213,186,179,211,225,223,206,180,222,198,223,226,197,224,227,188,227,194,144,222,214,229,188,221,167,229,229,228,210,228,204,138,223,180,190,181,223,182,140,217,228,206,153,135,223,190,191,192,223,151,219,154,227,218,224,157,222,222,217,144,199,220,211,218,218,216,215,211,212,174,210,213,212,212,175,209,211,187,208,208,207,191,171,163,199,192,200,198,195,163,191,198,185,191,145,194,179,182,181,190,189,181,182,155,183,187,170,181,162,180,179,177,179,170,164,166,172,166,171,167,158,159,169,167,163,153,164,163,156,162,162,160,161,158,157,156,149,154,142,149,146,147,146,145,142,133,140,137,139,136,131,133,133,131,128,128,126,125,124,120,122,122,120,119,118,115,116,113,111,111,110,106,109,109,105,105,104,102,100,63,98,94,94,94,94,93,92,90,87,88,86,84,84,82,80,63,77,75,74,72,71,68,67,66,64,62,63,61,58,58,56,54,52,50,48,46,43,42,41,39,37,34,35,33,30,30,29,27,25,24,22,20,18,16,14,12,10,8,6,4,2,0,0,0,0,0,0,0,2,4,6,8,10,12,13,16,18,19,21,23,24,26,27,27,30,29,32,32,34,36,0,38,40,42,44,44,42,47,48,48,52,51,55,57,59,61,63,64,66,66,69,70,73,74,77,78,80,82,84,86,88,89,90,91,91,93,95,87,97,98,101,101,102,105,102,107,110,111,111,112,100,114,117,117,116,121,122,124,122,123,126,128,126,127,130,130,129,129,129,133,134,100,119,139,138,142,135,122,143,142,145,111,146,145,140,149,147,151,152,145,145,148,151,154,158,160,147,163,164,162,165,147,166,157,166,168,167,169,150,171,138,124,173,151,161,176,180,179,173,183,183,174,185,147,190,181,192,164,175,169,195,188,163,195,182,190,200,158,203,174,179,203,166,191,206,211,175,213,191,212,151,194,143,204,216,197,210,158,205,216,217,217,194,210,215,217,205,216,204,199,150,213,145,214,215,217,188,205,185,185,202,148,206,151,196,217,193,170,189,170,181,209,161,217,142,172,164,198,212,186,143,177,200,177,176,217,168,163,172,205,215,213,193,175,219,216,192,160,193
256,250,215,212,262,261,252,263,203,195,173,240,240,203,146,212,204,213,235,225,141,192,220,260,225,195,242,189,189,242,207,241,258,188,238,179,226,253,179,229,183,189,219,212,215,249,246,178,218,245,210,231,230,243,235,242,231,233,220,199,196,224,196,187,219,231,230,211,184,225,200,225,226,0,222,224,184,224,189,138,218,211,226,185,218,165,227,227,227,208,226,203,135,222,178,190,180,223,182,138,218,228,206,152,134,223,189,191,191,223,150,219,153,227,220,225,158,227,227,222,150,205,227,219,226,227,226,225,221,222,185,220,223,222,221,185,218,220,196,217,216,216,199,179,170,208,200,209,206,203,171,198,206,193,199,153,202,186,190,188,196,196,187,188,160,189,192,175,187,167,185,184,182,184,174,169,170,176,170,175,170,161,163,173,171,167,157,165,165,159,163,164,161,162,159,158,157,150,155,144,150,147,148,147,146,143,134,141,139,140,137,132,134,134,132,129,129,127,126,125,121,123,123,120,120,118,115,116,113,111,111,110,106,109,109,105,105,104,102,100,0,99,95,95,95,95,94,93,91,88,89,87,85,85,83,81,63,78,76,75,73,72,69,68,67,65,63,64,62,59,59,57,55,54,52,50,48,45,44,43,41,39,36,37,35,32,31,31,29,27,26,24,22,20,18,16,14,12,10,8,6,4,2,0,0,0,0,0,0,0,2,4,6,8,10,11,14,16,18,20,22,23,25,26,26,29,28,32,32,35,37,35,39,41,43,45,45,43,48,49,49,53,52,56,58,60,62,64,65,67,67,70,71,74,75,78,79,81,83,85,87,89,91,91,92,92,94,96,89,98,99,102,102,103,106,103,108,111,112,112,113,102,115,118,118,117,122,123,125,123,125,127,129,127,128,131,131,130,130,130,134,136,102,120,140,139,143,137,123,145,144,147,114,148,148,142,151,150,152,154,147,147,150,153,158,161,163,152,167,168,166,169,150,170,162,171,173,170,174,155,176,144,129,179,156,165,181,186,184,178,189,188,179,189,152,194,186,197,169,180,174,199,192,168,199,187,195,205,162,208,179,183,208,170,197,211,215,181,218,197,216,156,199,147,210,222,204,217,165,214,225,226,228,205,223,228,231,220,232,220,216,170,231,164,234,235,239,210,229,209,209,227,175,232,178,224,246,222,201,220,201,214,242,196,252,180,208,202,237,250,226,185,218,243,220,220,262,213,208,218,251,262,259,239,223,265,262,239,207,240
258,253,219,217,266,266,258,269,211,205,184,250,251,215,159,225,218,227,248,239,156,205,234,273,238,208,255,202,202,255,219,255,271,202,252,193,240,267,194,242,198,204,232,226,227,263,261,192,233,260,224,246,245,258,250,257,245,248,234,214,211,238,211,204,233,246,246,226,200,241,216,242,243,212,239,242,203,240,206,154,232,223,238,196,228,175,235,234,232,214,230,206,138,223,178,190,179,220,178,134,211,222,197,143,125,212,178,179,178,210,136,204,137,211,203,207,140,208,207,202,128,182,204,196,202,202,201,199,196,197,160,194,197,196,195,159,192,194,169,191,190,190,174,152,142,182,174,183,180,178,144,173,180,167,173,126,176,159,164,161,170,170,161,162,132,163,165,148,161,140,158,157,155,157,146,142,143,150,142,149,145,133,136,147,144,140,130,138,138,133,137,137,133,134,131,130,129,122,127,115,122,119,120,119,118,115,106,113,111,112,109,104,106,105,103,100,100,97,96,94,90,91,91,88,88,86,83,83,0,0,81,79,77,81,83,81,82,82,83,82,44,83,80,81,83,84,84,85,83,82,83,83,82,83,82,80,60,77,75,74,72,72,69,68,67,65,63,64,63,60,60,58,56,56,54,52,50,47,46,45,43,41,38,39,37,34,33,33,31,29,28,26,24,22,20,18,16,14,12,10,8,6,4,2,0,0,0,0,0,0,0,2,4,6,8,9,12,14,16,18,20,21,23,24,25,27,26,30,30,33,35,33,37,39,41,43,44,41,46,47,47,51,50,54,56,58,60,62,63,65,65,68,69,72,73,76,76,78,80,82,84,86,88,88,89,89,91,93,88,95,96,99,99,100,103,100,105,108,109,109,110,101,112,115,114,113,117,118,120,118,120,121,122,122,121,125,125,123,125,125,128,130,98,115,134,133,137,131,117,139,138,141,110,142,142,135,144,144,146,148,140,141,144,147,151,154,155,145,158,160,157,160,142,162,154,162,164,162,165,146,168,137,120,170,148,156,173,177,175,169,180,180,171,182,144,186,180,188,163,172,166,191,183,162,191,180,188,197,154,201,173,176,201,163,190,204,209,175,211,189,210,148,191,140,203,215,196,210,158,207,218,219,221,198,216,220,224,213,225,213,209,163,224,158,227,228,232,203,222,203,202,220,169,224,171,217,239,215,194,213,194,207,234,188,245,172,202,195,230,242,219,179,211,236,213,214,254,207,203,213,247,258,255,237,223,263,261,240,208,242
263,258,225,221,271,271,263,274,215,210,190,256,257,219,165,230,222,231,254,245,164,213,242,280,246,215,263,210,210,263,226,263,278,210,260,200,248,274,201,249,204,210,239,233,234,271,269,198,241,268,230,254,253,266,258,264,252,255,241,222,219,245,217,211,241,254,253,234,206,249,224,250,251,220,247,250,210,248,214,160,240,230,246,202,236,182,243,242,240,221,237,213,143,230,183,196,185,227,185,139,217,229,203,0,130,220,183,188,185,220,144,216,147,223,217,221,153,223,223,219,143,200,224,216,224,224,224,223,220,223,186,221,225,224,223,187,219,222,196,219,218,218,201,179,170,209,202,210,208,206,171,201,208,195,201,151,204,186,192,188,198,198,189,190,160,191,194,177,189,167,187,186,184,186,174,171,172,178,170,177,173,161,165,175,173,169,159,167,167,160,166,166,163,164,161,160,159,150,157,145,152,149,150,149,148,145,136,143,141,142,139,134,136,136,134,131,131,129,128,127,123,125,125,123,122,121,118,119,116,114,114,113,109,112,112,108,108,107,105,103,66,101,97,97,97,97,96,95,93,90,91,89,87,87,85,83,66,80,78,77,75,74,71,70,69,67,65,66,65,62,62,60,58,57,55,53,51,48,47,46,45,43,40,41,39,36,34,35,33,31,30,28,26,24,22,20,18,16,14,12,10,8,6,4,2,0,0,0,0,0,0,0,2,4,6,6,9,11,13,15,17,18,20,21,22,24,23,27,27,30,32,30,34,36,37,39,40,0,42,43,43,47,46,50,52,54,56,58,59,61,61,64,65,68,69,72,73,75,77,79,81,83,85,85,86,86,88,90,85,92,93,96,96,97,100,97,102,105,106,107,108,100,110,113,113,113,117,118,120,119,120,122,124,123,124,126,126,125,126,126,129,131,101,118,135,134,138,133,118,140,139,142,113,143,143,137,146,145,148,150,143,145,146,150,153,157,158,150,162,163,162,164,146,166,160,166,168,166,169,150,172,143,124,174,154,162,177,181,180,173,184,184,176,186,151,191,185,194,169,179,173,196,189,168,197,185,195,201,159,205,179,183,207,169,195,208,213,181,215,193,214,152,196,144,208,219,200,216,164,213,222,223,225,204,221,225,228,218,229,217,214,167,228,164,231,232,236,209,227,209,206,224,175,229,175,223,243,221,200,217,200,211,239,192,249,176,207,201,234,247,223,185,215,242,219,220,259,211,207,217,252,263,260,241,228,268,266,246,214,246
227,222,188,181,232,231,221,232,172,167,144,211,211,172,118,183,172,182,204,194,113,162,191,229,195,162,213,159,0,214,177,211,232,163,214,155,203,231,159,207,162,170,199,193,196,234,233,162,206,234,197,222,221,236,228,237,224,229,215,197,195,222,195,189,221,235,234,216,188,232,208,234,236,206,234,237,199,237,204,151,232,222,239,196,231,179,239,239,238,220,238,214,145,233,187,200,191,233,192,147,226,238,214,160,142,233,197,201,199,233,158,228,159,233,227,229,162,232,231,226,150,205,228,220,226,226,225,223,219,221,183,218,222,220,220,184,216,219,193,216,216,215,199,178,169,208,200,209,206,203,170,199,206,193,199,150,202,185,190,187,197,197,188,189,159,190,192,176,188,166,186,185,183,185,173,170,171,177,169,176,172,160,164,175,172,168,158,166,166,160,165,165,162,163,160,159,158,149,156,144,151,148,149,148,147,144,135,142,140,141,138,133,135,135,133,130,130,128,127,126,122,124,124,122,121,120,117,118,115,113,113,112,108,111,111,107,107,105,104,102,66,100,96,96,96,96,95,94,92,89,90,88,86,86,84,82,65,79,77,76,74,73,70,69,68,66,64,65,63,61,61,59,57,56,54,52,50,47,46,45,44,42,39,40,38,35,0,34,33,31,31,29,27,25,23,21,19,18,16,14,12,10,8,6,4,2,0,0,0,0,0,0,0,2,4,6,8,10,12,14,16,17,19,21,22,24,23,27,27,30,32,31,34,36,38,40,41,38,43,44,44,48,47,51,53,55,57,59,60,62,62,65,66,69,70,73,74,76,78,80,82,84,86,86,87,87,89,91,88,93,94,97,97,98,101,98,103,106,107,107,108,101,110,113,113,113,117,118,120,119,119,122,124,122,124,126,126,125,125,126,129,131,102,119,135,134,138,133,118,140,139,142,114,143,143,137,146,144,148,150,143,145,146,149,152,156,158,150,162,163,162,164,146,165,160,166,168,166,169,149,171,143,123,172,154,160,176,180,179,172,183,183,175,185,150,189,185,192,168,178,172,194,188,167,196,185,194,199,157,203,178,182,205,168,195,206,211,179,213,191,213,150,195,142,208,218,198,215,163,212,221,222,223,203,220,223,226,217,226,215,213,164,226,162,228,229,231,204,223,202,200,217,165,221,166,212,232,210,187,204,187,196,224,175,232,157,190,181,214,226,201,162,192,218,195,194,234,185,178,189,225,233,230,210,197,236,233,212,179,211
210,207,172,166,216,215,205,216,156,152,131,196,196,157,104,168,157,166,188,178,99,148,176,213,180,148,197,144,144,197,159,197,213,144,193,135,182,208,136,181,136,144,171,164,167,204,201,129,174,200,162,186,185,198,190,197,183,187,171,152,149,174,146,142,171,183,184,164,134,177,152,178,179,148,174,178,139,175,141,85,168,156,172,127,162,109,169,167,165,146,162,137,66,154,74,121,110,151,109,61,140,152,125,61,51,142,70,109,0,139,59,134,63,141,136,139,71,144,145,141,63,121,146,139,147,147,147,147,144,147,111,146,150,150,151,116,149,153,128,153,153,154,138,116,0,149,142,151,150,147,114,144,153,141,148,98,153,135,143,139,152,152,145,147,118,150,154,139,152,131,152,153,151,154,143,141,143,151,142,152,149,136,142,154,151,148,140,149,151,146,151,153,150,152,151,150,151,142,151,140,147,145,145,145,144,141,132,140,138,139,137,132,134,134,132,130,130,127,128,126,123,125,125,123,123,121,119,119,117,114,115,113,110,113,113,109,109,108,106,104,69,102,99,99,99,99,98,98,95,93,93,92,90,89,88,86,69,83,81,80,78,77,74,73,72,70,68,69,67,65,65,63,61,60,58,56,54,51,50,49,48,46,43,44,42,39,37,38,36,34,33,31,29,27,25,23,21,20,18,16,14,12,10,8,6,4,2,0,0,0,0,0,0,0,2,4,6,8,10,12,14,15,17,19,20,22,21,25,25,28,30,29,32,34,36,38,39,37,41,42,42,46,45,49,51,53,55,57,58,60,60,63,64,67,68,71,72,74,76,78,80,82,84,84,85,85,87,89,86,90,91,94,94,94,97,95,100,103,104,105,104,100,107,110,110,109,113,113,115,114,115,117,119,117,119,121,121,120,121,121,124,125,98,116,129,128,132,126,112,133,132,135,109,136,136,130,138,138,140,143,135,139,139,142,145,148,149,143,152,153,152,154,135,155,152,156,158,154,158,138,160,134,112,162,145,149,165,169,167,161,172,171,164,174,139,178,174,180,158,167,161,183,175,156,183,173,182,187,143,190,167,170,193,157,182,193,198,168,199,178,199,135,181,127,193,204,184,201,150,199,206,208,209,189,206,208,211,203,212,200,198,147,209,146,210,211,213,186,205,186,180,199,150,201,148,195,213,192,171,186,170,179,205,158,214,140,173,165,196,209,185,147,175,202,178,178,216,168,162,173,208,216,213,193,181,219,216,196,165,194
205,202,170,163,213,214,205,217,158,154,135,201,202,162,111,175,164,175,197,188,110,160,190,226,196,163,215,162,162,217,178,217,234,166,217,158,206,233,162,208,163,173,200,194,196,236,235,162,208,236,196,223,223,237,230,237,223,229,214,197,196,220,193,190,221,235,234,216,187,232,209,234,237,207,235,238,199,238,205,150,233,221,240,195,232,180,240,240,239,221,239,215,144,234,186,201,192,234,193,146,225,239,213,158,140,232,193,199,194,229,152,224,153,228,223,224,156,227,226,221,144,199,224,216,222,222,221,219,215,217,180,214,218,216,216,179,212,215,188,212,212,211,195,172,165,204,196,205,202,199,164,194,201,189,194,144,198,178,186,180,193,193,184,186,154,187,190,173,185,161,182,183,180,183,170,168,169,176,166,175,171,156,163,174,170,167,157,165,165,160,165,165,162,164,161,160,159,149,158,146,154,151,152,151,150,147,138,146,143,145,142,136,139,139,137,135,135,132,132,131,127,128,128,127,126,125,122,123,120,117,118,117,112,116,116,112,112,111,108,106,71,105,101,101,101,101,100,99,96,94,95,93,91,91,89,87,70,84,82,81,79,78,75,74,73,71,69,70,67,66,66,64,62,61,59,57,55,52,51,50,49,47,44,45,43,40,38,39,37,35,34,32,30,28,26,24,23,22,20,18,16,14,12,10,8,6,4,2,0,0,0,0,0,0,0,2,4,6,8,10,12,13,15,17,18,20,19,23,24,26,28,27,30,32,34,36,37,35,39,40,40,44,43,47,49,51,53,55,56,58,58,61,63,65,66,69,70,72,74,76,78,80,82,82,84,83,85,87,87,89,90,93,94,95,98,94,99,102,103,104,105,102,108,110,110,110,114,115,117,116,117,119,121,120,121,123,123,122,123,124,126,128,103,119,132,131,135,131,115,137,136,139,115,140,139,134,142,142,144,147,140,144,143,146,149,153,154,149,159,159,158,160,143,161,159,162,163,162,164,144,166,139,116,165,148,151,167,169,168,161,170,170,160,170,135,172,167,173,150,159,152,172,165,145,171,160,169,0,127,174,150,155,177,140,167,177,181,152,184,162,184,120,167,112,180,189,170,188,136,186,192,194,195,176,193,196,199,191,200,188,188,137,198,136,200,200,203,178,195,175,171,188,138,192,137,185,203,182,160,174,159,166,194,145,202,127,161,153,184,196,170,133,161,189,165,164,200,151,0,155,194,201,200,180,169,208,207,189,157,188
210,209,176,169,219,220,211,222,164,161,141,207,208,167,117,181,169,180,202,193,116,165,195,231,201,167,220,167,167,222,183,222,240,171,222,164,211,239,168,213,168,178,205,199,201,241,240,168,213,240,201,228,227,242,234,243,228,234,219,202,201,225,198,195,226,240,240,221,192,237,214,239,241,212,239,242,205,242,209,153,237,225,244,199,236,185,244,244,243,225,243,219,147,237,189,204,194,234,193,144,223,237,209,156,136,229,191,196,192,226,148,221,149,224,220,220,152,225,224,219,140,196,221,213,219,219,218,216,212,214,178,211,215,213,213,176,209,212,184,208,208,208,191,167,162,200,192,201,198,195,159,190,197,185,191,139,194,173,182,176,189,189,180,182,149,183,186,169,181,157,177,179,177,179,166,164,166,172,162,171,168,152,159,171,166,164,154,162,162,157,161,162,158,160,157,156,155,144,153,143,150,147,149,148,146,144,134,143,139,142,139,133,136,136,134,132,132,129,129,128,123,125,126,124,124,122,120,120,118,114,116,115,110,114,114,111,110,110,108,0,71,105,101,101,101,101,100,100,96,95,96,94,92,92,90,88,71,85,83,82,80,79,76,75,74,72,70,71,61,67,67,65,63,62,60,58,57,54,53,52,51,49,46,47,45,42,40,41,39,37,36,34,32,30,28,26,25,24,22,20,18,16,14,12,10,8,6,4,2,0,0,0,0,0,0,0,2,4,6,8,10,10,12,14,15,17,16,20,21,23,25,24,27,29,31,33,34,33,36,37,37,41,40,44,46,48,50,52,53,55,55,58,60,62,63,66,67,69,71,73,75,77,79,79,81,80,82,84,85,86,87,90,91,92,95,91,96,100,101,102,103,102,106,108,108,108,112,113,115,115,116,118,120,119,119,122,122,121,122,122,124,126,103,119,130,129,133,129,113,134,134,136,115,137,138,131,140,139,143,144,137,141,140,141,143,147,146,141,148,148,145,146,129,147,144,145,145,144,145,123,146,120,94,145,128,129,146,148,146,140,149,149,139,149,114,151,147,152,130,138,131,150,143,124,149,139,147,149,104,152,129,131,151,115,142,150,153,123,153,130,151,0,131,42,145,155,135,154,102,152,158,160,162,144,161,164,167,161,169,158,159,106,169,109,173,173,178,153,173,154,149,167,119,172,118,168,186,167,145,160,146,154,183,135,193,119,155,147,179,192,167,132,160,189,167,168,206,157,152,163,202,209,207,188,177,215,214,194,163,194
237,235,201,192,242,242,232,243,183,181,160,225,225,183,133,197,183,193,215,205,128,177,205,240,209,174,227,173,172,227,186,225,241,172,222,164,210,237,164,208,162,173,198,191,193,232,229,0,199,228,187,216,216,231,224,232,217,224,207,192,190,214,187,185,216,230,229,211,180,227,203,229,231,202,230,233,194,233,199,141,226,212,232,185,221,169,229,227,226,206,224,198,124,217,0,184,175,217,175,126,207,221,194,141,121,216,144,184,146,217,137,212,140,216,213,214,145,220,220,215,136,193,220,212,220,220,219,219,215,217,182,216,220,220,220,185,218,221,194,220,219,219,203,177,174,212,203,212,210,206,170,202,209,197,202,150,206,185,194,187,201,200,192,193,160,194,197,181,192,168,188,190,188,190,175,175,177,182,171,182,178,162,170,181,178,173,163,171,172,165,171,171,168,168,166,165,164,151,162,149,157,154,155,154,153,150,141,149,144,148,145,139,142,142,140,138,138,135,135,134,130,131,131,130,129,128,125,126,123,120,121,120,115,119,119,115,115,114,112,109,74,108,104,104,104,104,103,102,99,97,98,96,94,94,92,90,73,87,85,84,82,81,78,77,76,74,72,73,70,69,69,67,65,64,62,60,59,56,55,54,53,51,48,49,47,44,42,43,41,39,38,36,34,32,30,28,27,26,24,22,20,18,16,14,12,10,8,6,4,2,0,0,0,0,0,0,0,2,4,6,8,10,11,13,15,17,16,20,21,23,25,24,27,29,31,33,34,33,36,37,37,41,40,44,46,48,50,52,53,55,55,58,60,62,63,66,67,69,71,73,75,77,79,79,81,80,82,84,86,87,87,90,91,92,95,91,96,100,101,102,103,104,106,108,108,109,112,113,115,115,116,118,120,119,120,122,122,121,122,123,125,128,105,121,131,130,134,130,113,136,135,138,117,139,140,133,142,141,144,147,140,145,143,147,149,153,154,151,159,160,159,160,143,162,161,163,165,163,166,146,169,145,120,170,155,158,174,178,177,170,181,181,174,183,152,188,186,191,171,180,174,192,186,170,194,186,196,198,154,201,181,184,204,170,196,204,209,182,211,190,210,147,193,138,206,216,196,216,165,214,219,220,222,205,220,222,224,218,225,213,215,163,224,166,227,228,232,208,226,209,202,220,175,225,171,222,239,220,200,212,199,205,232,184,241,167,202,194,223,236,211,176,202,231,207,207,243,194,188,199,237,243,240,220,210,245,243,225,193,221
262,261,229,220,270,271,262,273,215,214,194,260,260,219,170,233,221,231,254,244,169,218,247,282,253,218,272,219,219,274,233,274,290,223,273,216,263,289,219,262,217,230,254,248,249,290,288,216,260,287,246,273,272,285,277,284,267,274,257,241,239,261,234,231,261,274,273,254,222,269,244,269,271,240,267,270,229,268,234,175,260,246,266,218,256,204,263,262,260,242,258,234,159,251,204,217,208,249,207,156,235,252,222,170,148,242,204,209,204,240,159,234,160,236,233,232,163,237,236,231,151,207,234,226,232,232,231,229,225,227,190,224,227,226,225,189,221,224,194,221,220,220,203,177,174,211,204,211,210,208,168,203,210,197,203,148,206,184,194,186,200,200,191,192,157,193,196,179,191,166,186,189,187,189,173,174,175,181,169,180,176,158,168,179,176,172,162,170,170,164,169,169,166,167,164,163,162,148,160,148,155,152,153,152,151,148,139,147,141,146,143,137,140,140,138,136,136,133,133,132,127,129,0,128,128,126,124,125,122,119,120,119,114,118,118,114,114,113,110,79,73,107,103,103,103,103,102,101,98,96,97,95,93,93,91,89,72,86,84,83,81,80,77,76,75,73,71,72,0,69,69,67,66,65,63,61,60,57,56,55,54,52,49,50,48,45,43,44,42,40,39,37,36,34,32,30,29,28,26,24,22,20,18,16,14,12,10,8,6,4,2,0,0,0,0,0,0,0,2,4,6,8,9,11,13,15,14,18,19,21,23,22,25,27,29,31,33,31,35,37,36,40,39,43,45,47,49,51,52,54,54,57,59,61,62,65,66,68,70,72,74,76,78,78,80,79,81,83,85,86,86,89,90,91,94,90,96,99,100,101,102,104,105,107,107,108,111,112,114,114,115,117,119,119,119,121,121,120,122,123,124,127,106,120,130,129,133,129,112,135,134,137,118,138,139,132,141,140,144,146,139,144,143,146,148,153,153,151,158,158,158,159,143,162,161,162,164,163,165,145,169,145,119,170,155,157,174,177,177,170,180,181,173,183,152,187,187,190,171,180,174,192,186,170,194,186,196,198,153,201,181,184,204,170,196,204,209,182,211,189,211,147,193,138,206,216,196,216,165,214,219,220,222,205,220,222,225,218,226,214,215,163,225,166,228,229,233,210,227,211,204,221,176,227,173,224,241,223,202,215,203,209,237,190,247,174,211,203,233,246,221,188,214,245,222,223,259,210,207,216,255,262,259,240,232,267,266,249,217,247
257,256,225,214,265,266,257,268,209,210,190,256,256,213,166,228,215,225,248,238,165,214,243,277,249,212,268,215,215,270,228,269,285,219,269,212,259,285,215,257,212,225,249,244,246,288,287,216,260,287,244,273,272,285,277,284,266,273,256,241,239,260,232,231,261,274,272,254,220,269,244,269,271,240,267,270,228,268,235,173,261,246,266,217,257,205,264,263,261,243,259,234,158,252,205,218,209,249,208,155,235,253,221,171,147,243,205,210,205,240,158,235,159,235,234,231,162,238,236,232,150,207,235,226,233,233,232,230,226,228,191,225,228,227,226,189,222,225,193,222,221,221,204,177,175,210,205,210,211,209,168,204,211,198,204,147,207,183,195,186,201,201,192,193,157,194,197,180,192,165,185,190,188,190,172,175,176,182,168,181,177,160,169,178,177,173,163,171,171,163,170,170,167,168,165,164,163,148,161,150,157,154,155,154,153,150,141,149,142,148,145,139,142,142,140,138,138,135,135,134,130,131,131,129,129,127,125,125,123,120,121,120,115,119,119,115,115,114,112,109,74,108,104,104,104,104,103,102,99,97,98,96,94,94,92,90,73,87,85,84,82,81,78,77,75,74,72,73,70,69,69,67,65,64,62,60,59,56,55,54,53,51,48,49,47,44,42,43,41,39,38,36,35,33,32,30,29,28,26,24,22,20,18,16,15,13,11,9,6,6,4,2,0,0,0,0,0,0,0,2,4,6,7,8,10,11,0,13,15,17,19,18,21,23,24,26,27,0,29,31,24,34,33,37,39,41,43,45,46,48,48,51,53,55,56,59,60,62,64,66,68,70,72,72,74,73,75,78,79,80,80,83,84,85,88,82,90,93,94,95,96,98,99,101,101,102,105,106,108,108,109,111,113,113,113,115,115,114,116,117,118,121,102,116,124,123,127,123,106,129,128,131,114,132,133,126,135,134,138,140,134,138,137,140,142,147,147,146,152,153,152,153,137,156,155,156,158,157,159,139,163,141,113,164,151,151,168,171,171,164,174,175,168,177,148,181,182,184,167,176,170,186,181,166,189,182,190,192,147,195,177,180,198,166,192,198,203,178,205,183,205,141,187,132,201,210,190,210,161,209,213,214,216,201,215,217,219,213,220,208,210,157,219,163,222,223,227,206,222,207,198,216,172,222,167,219,235,219,198,209,199,203,233,184,242,168,207,200,227,241,216,184,208,240,218,219,254,204,203,210,250,257,254,234,228,262,261,245,213,241
231,229,198,186,236,236,226,237,177,178,158,222,222,177,131,191,177,187,209,199,126,173,202,234,206,169,224,170,170,223,180,222,236,170,220,162,208,232,162,203,157,170,193,186,189,230,228,157,200,227,184,213,212,225,216,222,205,212,194,181,178,199,171,170,201,213,210,194,159,208,183,209,210,179,205,209,166,206,172,109,199,182,203,153,193,141,200,198,196,177,193,167,90,185,137,151,141,181,140,85,166,183,151,102,76,174,0,141,134,171,88,168,91,169,169,166,98,175,174,171,88,147,177,169,178,178,178,178,175,178,142,177,181,181,182,146,180,183,153,183,182,184,168,139,141,175,170,177,178,176,136,173,182,170,177,121,182,159,172,163,180,181,173,176,140,179,182,166,179,152,174,179,178,181,164,168,170,178,164,178,175,156,166,176,174,170,161,169,170,163,169,170,166,168,165,164,164,148,162,151,158,155,156,155,154,151,142,150,144,149,148,142,145,145,143,141,141,136,138,135,133,133,134,132,132,130,128,128,126,123,124,123,118,122,122,118,118,117,114,112,77,111,107,107,107,107,106,105,102,100,101,99,96,97,95,93,76,90,88,87,85,84,81,80,78,77,75,76,73,72,72,70,68,67,65,63,62,59,58,57,56,54,51,52,50,47,45,46,44,42,41,39,38,36,35,33,32,31,29,27,25,23,21,19,18,16,14,12,9,8,6,4,2,0,0,0,0,0,0,0,2,4,6,8,10,12,11,15,16,18,20,19,22,24,25,27,28,20,30,31,0,34,33,37,39,41,43,45,46,48,48,51,53,55,56,59,60,62,64,66,68,70,72,72,74,73,75,78,79,80,80,83,84,85,88,83,90,93,94,95,96,98,99,101,101,102,105,106,108,108,109,111,113,113,113,115,115,114,116,117,118,121,103,117,124,123,127,123,106,129,128,131,115,132,133,126,135,134,138,140,133,138,137,140,142,147,147,146,152,152,152,153,135,155,155,156,158,155,158,138,161,141,112,162,151,150,166,170,169,160,173,173,165,175,146,179,179,181,166,173,168,184,177,164,185,178,186,189,142,192,175,177,195,163,188,195,200,176,202,180,201,138,184,128,197,207,186,206,158,205,209,210,212,198,210,212,214,208,215,203,205,151,214,159,217,218,222,201,216,203,192,210,168,215,160,214,229,213,193,203,192,197,225,177,234,160,199,190,217,230,204,173,196,226,204,204,236,188,187,192,231,237,233,214,207,239,237,222,189,215
218,217,187,176,226,227,218,229,170,173,154,218,218,175,130,189,176,187,209,199,129,176,205,238,211,173,230,178,178,232,189,232,246,182,231,175,221,245,178,218,173,188,210,204,206,249,247,176,219,246,202,232,231,244,236,242,224,231,214,200,198,218,190,190,220,233,230,213,179,228,203,228,230,199,226,229,186,227,195,132,220,204,225,176,216,165,223,222,220,202,218,194,117,211,165,178,169,209,167,114,193,212,179,131,106,202,164,170,165,200,117,194,118,194,193,190,121,197,195,191,109,165,195,186,193,193,192,189,185,188,151,184,188,187,186,149,181,185,152,182,180,181,163,135,135,169,165,169,171,169,126,163,171,157,164,105,167,142,154,144,162,161,151,153,115,154,157,140,150,122,141,148,144,147,129,131,133,139,124,138,134,0,126,134,135,133,124,135,137,130,139,141,137,141,139,139,139,124,140,129,137,135,138,138,138,136,127,137,130,138,137,130,136,136,136,135,136,133,133,132,128,127,129,127,127,125,122,123,121,116,120,118,112,118,118,114,114,114,110,110,76,109,105,104,105,105,104,104,102,100,101,99,97,98,96,95,78,92,90,89,87,86,82,82,80,79,77,78,75,74,74,72,70,69,67,65,64,61,60,59,58,56,53,54,52,49,47,48,46,44,43,41,40,38,37,35,34,33,31,29,27,25,23,21,20,18,16,14,11,10,8,6,4,2,0,0,0,0,0,0,0,2,4,6,8,10,10,13,15,17,19,19,21,23,25,27,29,27,31,33,32,36,35,39,41,43,45,47,48,50,50,53,55,57,58,61,62,64,66,68,70,72,74,74,76,75,77,80,81,82,82,85,86,87,90,86,92,95,96,97,98,100,100,103,103,103,106,107,109,109,110,112,113,113,113,115,115,114,116,117,117,120,103,116,123,123,127,121,106,128,127,129,112,128,128,120,128,127,128,130,122,127,125,127,128,130,129,128,131,132,130,130,112,131,130,129,130,127,128,105,129,108,77,128,116,112,129,130,130,0,117,134,126,136,108,140,142,143,128,136,131,146,141,128,149,143,151,154,106,157,140,142,160,129,153,160,165,141,167,145,167,102,148,93,162,172,152,172,124,170,175,176,178,163,176,178,181,174,182,170,171,117,181,126,184,185,189,168,183,170,159,177,135,183,128,182,197,181,161,171,162,165,193,146,203,129,170,161,189,202,177,147,169,203,180,181,215,166,166,172,211,218,215,196,190,223,222,207,176,202
256,255,226,213,264,265,256,267,208,212,193,257,257,212,169,227,213,224,247,237,168,215,245,276,250,212,269,216,218,270,227,271,284,220,271,214,260,284,217,256,211,226,248,243,245,289,288,218,262,289,244,275,274,287,278,284,266,273,256,243,241,260,232,233,263,276,272,256,220,271,246,271,273,242,269,272,228,270,237,173,263,246,268,217,259,208,266,265,263,245,261,236,158,254,208,220,211,251,210,155,235,255,221,174,147,245,207,212,208,242,158,237,159,235,236,231,162,238,236,232,150,207,237,228,235,235,234,232,228,230,193,227,230,229,228,191,224,227,193,224,223,223,206,177,178,210,207,210,213,211,168,206,213,200,206,147,209,183,197,186,203,203,194,195,157,196,199,182,194,165,185,192,190,192,172,177,178,184,168,183,179,161,171,178,179,175,165,173,173,163,172,172,169,170,167,166,165,148,163,152,159,156,157,156,155,152,143,151,142,150,148,141,145,145,143,141,141,137,138,136,133,133,134,132,131,129,128,128,126,122,124,123,117,122,122,118,118,117,114,112,77,111,107,107,107,107,106,105,102,100,101,99,0,98,96,95,78,92,90,89,87,86,83,82,80,79,77,78,75,74,74,72,70,69,67,65,64,61,60,59,58,56,53,54,53,50,48,49,47,45,44,42,41,39,38,36,35,34,32,30,28,26,24,22,21,19,18,16,13,12,10,8,6,4,2,0,0,0,0,0,0,0,2,4,6,8,8,11,13,15,17,17,19,21,23,25,27,25,29,31,30,34,33,37,39,41,43,45,46,48,48,51,53,55,56,59,60,62,64,66,68,70,72,72,74,73,75,78,79,80,80,83,83,84,87,0,89,92,93,94,95,97,98,100,100,101,104,105,107,107,108,110,112,112,112,114,114,113,115,116,117,120,104,117,123,122,126,122,105,128,127,130,116,131,132,125,134,133,137,139,133,137,136,139,141,146,146,145,151,152,151,152,136,155,154,155,157,156,158,138,162,142,112,163,152,149,167,170,170,163,173,174,167,176,149,180,182,183,169,177,171,185,180,168,188,181,189,191,145,194,179,181,197,167,191,197,202,179,204,182,204,140,186,131,200,209,189,209,163,208,212,213,215,202,214,216,218,212,219,207,209,155,218,165,221,222,226,207,221,209,197,215,174,221,166,220,234,220,200,208,200,202,232,183,241,166,209,201,226,240,215,186,207,241,219,220,253,203,205,209,249,256,253,233,229,261,260,246,214,240
212,212,184,171,221,222,213,224,166,170,151,215,216,169,128,184,170,182,204,195,127,173,203,233,209,170,228,175,175,229,185,229,242,179,230,173,219,242,176,215,170,184,207,201,203,248,248,177,221,248,203,236,235,250,241,247,230,237,221,210,209,227,200,203,234,248,243,229,194,245,222,247,249,220,247,250,207,250,217,154,245,227,252,201,244,195,252,252,251,233,251,226,148,245,198,211,203,241,201,145,225,245,212,166,137,237,198,205,200,233,149,229,150,227,228,223,153,230,228,224,141,198,229,220,227,226,226,224,220,222,186,219,223,221,221,184,217,220,186,217,217,217,200,170,172,204,202,204,208,204,161,199,207,194,200,140,204,177,191,179,199,199,189,191,152,192,196,179,190,161,181,189,186,189,169,173,176,181,165,181,177,157,169,176,175,174,163,172,172,162,172,172,168,170,167,166,164,147,162,151,160,0,159,158,157,154,144,154,143,153,150,143,147,147,145,143,143,139,140,139,134,135,136,134,134,132,130,130,128,124,126,125,119,124,124,120,120,119,116,114,80,113,109,109,109,109,108,107,104,103,104,102,98,100,98,96,79,93,91,90,88,87,83,83,81,80,78,79,76,75,75,73,71,70,68,66,65,62,61,60,59,57,54,55,54,51,49,50,48,46,45,43,42,40,39,37,36,34,34,32,30,28,26,24,23,21,20,18,15,14,12,10,8,6,4,2,0,0,0,0,0,0,0,2,4,6,7,9,11,13,15,15,17,19,21,23,25,24,27,29,29,32,31,35,37,39,41,43,45,47,47,50,52,54,55,58,59,61,63,65,67,69,71,71,73,72,74,77,78,79,79,82,83,84,87,85,89,92,93,94,95,97,97,100,100,100,104,105,107,107,108,110,112,112,112,114,114,113,115,116,117,120,105,118,123,122,126,122,105,128,127,130,117,131,132,125,134,133,136,138,132,137,136,139,141,145,145,145,150,152,151,151,135,154,154,155,156,155,157,136,161,142,111,161,152,148,165,168,168,161,170,172,162,171,144,172,174,174,160,167,161,173,167,155,173,165,173,174,126,176,160,161,177,146,168,174,178,155,178,155,176,110,156,99,169,177,156,175,128,172,176,176,177,163,173,174,175,167,173,159,161,0,168,115,172,174,178,159,173,161,149,167,126,172,117,173,187,174,153,161,154,155,184,136,194,118,163,154,180,194,169,141,162,196,175,176,208,160,161,166,206,211,209,190,185,217,216,202,171,196
174,172,142,126,178,177,167,178,117,121,102,165,164,116,74,130,0,125,147,129,70,117,147,178,154,115,174,122,123,177,133,179,191,129,179,122,169,192,127,165,120,134,158,153,156,202,201,131,174,202,157,190,189,204,196,201,184,192,175,165,164,181,155,157,189,203,198,185,148,201,177,202,205,175,203,206,163,206,174,109,202,183,208,156,200,151,209,208,208,190,208,184,104,203,158,171,163,203,162,106,188,208,175,132,101,203,165,172,169,203,117,199,120,198,200,196,125,204,202,199,116,175,207,199,207,206,207,205,202,205,169,203,208,207,208,171,204,209,175,208,208,208,192,162,166,198,196,199,203,199,156,194,202,189,196,135,199,173,186,175,195,194,185,187,148,189,191,176,186,156,177,186,181,186,165,169,173,178,161,178,174,155,166,172,173,169,159,169,170,159,170,169,166,168,166,165,164,145,162,149,159,155,157,156,155,152,141,152,140,151,148,140,145,146,144,141,142,138,139,138,134,134,135,134,133,132,130,128,128,123,126,125,119,124,124,121,121,120,118,116,83,116,112,112,112,112,111,110,107,106,107,105,101,103,101,99,82,96,94,93,91,90,86,86,84,83,81,82,78,78,78,76,74,73,71,69,68,65,64,63,62,60,57,58,57,54,52,53,51,49,48,46,45,43,42,40,39,37,36,34,32,30,28,26,25,23,22,20,17,16,14,12,10,8,6,4,2,0,0,0,0,0,0,0,2,4,6,8,10,12,14,14,16,18,20,22,24,23,26,28,29,31,30,34,36,38,40,42,44,46,46,49,51,53,54,57,58,60,62,64,66,68,70,70,72,71,73,76,77,78,78,81,82,83,86,85,88,91,92,93,94,96,97,98,98,99,102,103,105,105,106,108,110,109,110,111,112,111,113,114,115,117,105,117,121,120,124,119,103,125,124,127,115,127,128,121,130,129,133,135,129,134,131,135,134,138,138,136,140,140,139,139,122,139,139,138,139,137,138,116,140,122,88,139,130,124,140,142,141,136,142,143,134,143,116,145,145,146,133,139,133,145,138,126,144,136,142,144,0,145,132,134,149,122,143,150,154,134,157,135,157,93,140,83,154,162,143,162,117,162,165,167,168,157,167,170,171,166,172,161,164,108,172,120,174,176,179,162,176,163,151,169,128,174,117,174,184,171,149,156,149,148,177,127,184,107,152,143,166,180,153,125,145,179,156,155,186,136,138,140,180,185,181,160,155,186,183,169,137,159
203,203,176,161,212,213,204,215,156,162,143,207,208,159,120,175,160,172,195,185,119,165,195,224,201,160,220,167,167,221,176,221,233,171,222,165,211,233,168,206,160,174,198,192,194,240,240,170,213,241,194,228,228,242,233,238,221,228,212,202,201,218,190,195,226,240,234,221,184,237,214,239,241,212,239,242,198,242,209,143,237,218,244,191,236,187,244,244,243,225,243,217,137,238,192,205,197,235,195,136,218,239,204,161,128,231,192,199,194,227,140,223,141,219,222,215,144,222,220,216,132,191,223,214,221,218,220,218,214,216,180,213,217,215,215,178,211,214,178,211,211,211,194,162,166,196,196,196,202,198,153,193,201,188,194,132,198,169,185,171,193,193,183,185,144,186,190,173,184,153,173,183,180,183,161,167,170,175,157,174,171,151,163,168,169,168,157,166,166,154,165,166,161,164,161,160,159,139,157,145,154,150,152,150,150,0,138,149,137,150,148,141,145,145,143,141,141,137,138,137,133,133,135,133,133,131,129,126,127,122,125,124,118,123,123,120,119,119,116,114,82,114,110,110,110,110,109,109,105,105,106,104,100,102,100,98,82,94,93,92,90,90,86,87,85,84,82,83,79,79,79,77,75,74,72,70,69,66,65,64,63,61,58,59,58,55,53,54,52,50,49,47,46,44,43,41,40,38,37,35,33,31,29,26,26,24,23,21,18,17,15,13,10,10,8,6,4,2,0,0,0,0,0,0,0,2,4,6,8,10,12,12,14,16,18,20,22,21,24,26,27,29,28,32,34,36,38,40,42,44,45,48,50,52,53,56,57,59,61,63,65,67,69,69,71,70,72,75,76,77,77,80,81,82,85,85,87,90,91,92,93,95,96,98,98,99,102,103,105,105,107,108,110,111,111,113,112,112,114,114,116,118,107,118,122,121,124,121,103,125,125,127,118,128,130,122,131,131,134,136,130,135,134,136,137,140,139,138,141,142,140,139,122,141,140,139,139,138,139,116,140,123,88,139,130,123,140,142,141,136,143,143,134,143,116,145,145,146,133,139,133,145,138,127,144,136,142,143,96,145,131,132,145,116,137,142,145,124,145,122,143,0,124,30,138,147,127,147,103,147,150,152,154,144,154,157,159,154,161,150,153,97,162,110,165,166,170,153,166,155,142,160,120,165,109,167,178,167,146,152,146,146,176,127,185,110,156,147,171,185,159,133,152,188,167,168,199,149,153,155,196,202,200,180,177,208,207,194,163,187
237,236,210,194,245,246,237,248,190,196,178,241,242,193,154,208,194,205,228,218,153,199,229,257,235,194,254,202,202,255,209,255,266,205,255,199,245,266,203,239,193,208,231,225,227,274,273,204,247,274,227,262,261,276,267,271,254,261,245,236,234,251,224,228,260,273,266,255,216,270,247,272,274,243,270,273,226,271,239,169,264,244,269,215,260,210,267,266,264,246,263,236,155,256,210,223,214,252,212,152,234,256,221,179,144,248,210,216,212,244,156,240,157,236,239,232,160,239,237,233,148,207,241,231,239,235,238,235,231,234,198,230,235,233,233,195,228,232,195,229,227,228,210,178,183,212,213,212,218,215,169,209,218,204,211,148,215,185,201,187,210,208,199,201,159,202,206,189,199,168,188,199,195,199,175,182,185,190,171,191,186,167,179,182,185,182,171,181,181,167,179,180,176,178,175,174,173,151,171,158,167,163,165,164,163,159,149,159,145,158,155,147,152,152,150,148,148,144,145,144,140,140,141,139,139,137,135,132,133,129,131,130,124,129,129,125,125,124,121,119,86,118,114,114,114,114,113,112,109,108,109,107,103,105,103,101,85,98,96,95,93,92,88,89,87,86,84,85,81,81,81,79,77,76,74,72,71,68,67,66,63,63,60,61,60,57,55,56,54,52,51,49,48,46,45,43,42,40,39,37,35,33,31,28,28,26,25,23,20,19,17,15,12,11,9,7,6,4,2,0,0,0,0,0,0,0,2,4,6,8,10,10,12,14,16,18,20,20,22,24,25,27,26,30,32,34,36,38,40,42,43,46,48,50,51,54,55,57,59,61,63,65,67,67,69,68,70,73,74,75,75,78,79,80,83,84,85,88,89,90,91,93,94,96,96,98,100,101,103,103,105,106,108,109,110,112,111,111,113,114,115,118,107,118,121,120,124,121,102,126,125,128,118,129,130,123,132,132,135,137,131,136,134,138,140,144,144,144,149,150,150,150,134,153,152,153,155,154,156,136,160,144,110,161,154,147,165,167,167,163,0,171,164,173,150,177,179,180,169,176,172,182,177,168,185,178,186,188,142,191,179,181,194,167,188,194,199,180,201,179,201,137,183,127,197,206,186,206,163,205,209,210,212,202,211,213,215,209,216,204,206,152,215,165,218,219,222,205,216,205,191,208,168,212,155,212,222,210,189,193,188,185,214,162,221,0,191,183,205,220,194,169,187,224,202,203,233,183,188,189,230,236,234,214,212,242,241,229,198,221
200,200,174,158,209,210,201,213,153,160,143,205,206,157,120,173,158,170,193,183,119,164,194,222,199,158,218,166,167,220,173,220,230,170,220,163,209,230,167,202,157,171,194,189,191,239,237,169,211,238,190,224,223,236,228,230,212,219,202,192,190,206,177,182,212,225,218,205,165,220,195,220,222,191,218,221,174,220,187,116,213,192,217,162,208,159,216,215,212,195,211,184,101,203,158,170,162,200,159,98,181,203,166,126,89,194,156,163,157,191,100,185,101,180,184,176,103,184,181,178,92,152,186,175,186,0,184,184,179,184,149,182,188,187,188,151,184,189,152,188,188,190,172,139,147,175,177,177,185,182,136,178,188,175,182,118,188,158,175,162,186,187,177,181,139,183,188,172,182,151,172,184,181,186,162,170,174,180,159,179,176,156,168,171,174,172,161,171,171,157,169,171,167,169,167,165,165,143,163,150,160,156,158,157,156,152,142,153,138,152,149,141,146,146,144,142,142,138,139,138,134,134,137,135,135,133,131,125,129,123,127,126,119,125,125,122,121,121,117,116,84,116,112,112,112,112,111,111,106,107,108,106,102,104,102,100,84,96,95,94,92,92,88,89,87,86,84,85,80,81,81,79,77,76,74,72,71,68,67,66,64,63,60,61,60,57,55,56,54,52,51,49,48,47,46,44,43,41,40,38,36,34,32,28,29,27,26,24,21,21,19,17,14,13,11,8,8,6,4,2,0,0,0,0,0,0,0,2,4,6,8,8,10,12,14,16,18,18,20,22,23,25,24,28,30,32,34,36,38,40,41,44,46,48,49,52,53,55,57,59,61,63,65,65,67,66,68,71,72,73,73,76,77,78,81,82,83,86,87,88,89,91,92,94,95,96,99,100,102,102,104,105,107,108,108,110,109,109,111,111,113,115,106,116,119,118,121,118,100,122,122,124,117,125,127,119,128,128,131,133,127,132,131,133,134,137,136,136,138,139,137,136,119,138,137,136,136,135,136,113,137,122,85,136,129,121,137,139,138,135,141,140,131,140,115,142,142,143,132,137,132,142,135,126,141,133,139,140,94,142,130,131,142,115,134,139,142,123,142,119,140,47,121,0,135,144,124,144,102,144,147,149,151,143,151,154,156,151,158,147,150,96,159,109,162,163,167,151,163,154,139,157,119,162,106,166,175,165,145,149,145,143,173,124,182,108,154,145,168,182,156,132,149,186,165,166,196,146,152,152,193,199,196,177,175,205,204,193,162,184
231,230,205,187,239,240,231,242,183,191,173,236,237,186,149,202,189,199,222,212,148,194,224,251,230,187,249,197,197,250,203,249,260,200,250,194,240,260,198,233,187,201,225,219,221,269,268,199,242,269,221,257,256,271,262,265,248,255,239,231,229,245,217,223,255,268,260,250,209,265,242,267,269,238,265,268,220,266,234,161,259,238,264,208,255,205,262,261,259,241,258,229,147,251,205,218,209,246,207,145,228,251,214,174,136,243,205,211,207,239,149,235,150,229,234,225,153,232,230,226,141,201,236,225,234,229,233,230,226,229,193,225,230,228,228,190,223,227,188,224,222,223,205,171,178,205,208,205,213,210,162,204,213,200,206,141,211,178,197,181,205,204,194,197,153,198,202,185,195,161,182,195,190,195,169,178,181,185,165,185,181,162,174,176,179,178,167,177,177,162,173,177,171,175,172,171,170,146,168,156,165,161,163,162,161,157,147,157,141,156,153,145,150,150,148,146,146,142,143,142,138,136,139,137,137,134,133,127,131,125,130,128,121,128,128,124,124,123,119,118,85,117,113,113,113,113,112,111,108,107,108,106,102,104,101,101,85,98,96,95,93,92,88,89,87,86,84,85,81,81,81,79,77,76,74,72,71,68,67,66,64,63,60,61,60,57,55,56,54,52,51,49,48,47,46,43,43,41,40,38,36,34,32,0,29,27,26,25,22,22,20,18,15,15,13,10,10,8,6,4,2,0,0,0,0,0,0,0,2,4,6,6,8,10,12,14,16,16,18,20,21,23,22,26,28,30,32,34,36,38,39,42,44,46,47,50,51,53,55,57,59,61,63,63,65,64,66,69,70,71,71,74,75,76,79,80,81,84,85,86,87,89,90,92,93,94,97,98,100,100,102,103,105,106,107,109,108,108,110,111,112,115,106,114,118,117,121,118,99,123,122,125,117,125,127,119,128,128,131,133,127,131,128,131,132,134,133,132,135,136,134,133,116,135,134,133,134,131,132,109,133,118,48,132,125,0,136,138,139,136,141,143,136,145,122,150,150,153,143,148,145,156,151,143,159,152,160,162,118,165,154,156,168,142,162,168,173,155,175,153,175,112,158,102,172,181,161,181,139,181,184,186,188,178,186,189,191,186,193,180,184,131,191,142,194,195,199,184,195,186,171,189,151,194,138,197,207,197,177,181,177,175,205,156,214,141,187,178,200,214,188,164,181,217,197,198,227,177,183,183,224,230,228,208,207,236,235,224,193,215
198,198,173,156,207,208,199,211,151,160,143,205,206,155,120,171,159,168,191,181,119,164,194,220,200,156,219,167,167,220,172,219,229,170,220,164,210,229,168,202,156,170,194,188,190,239,238,170,212,239,190,227,226,241,232,234,217,224,208,201,199,214,186,193,225,238,229,220,178,235,211,236,238,207,234,237,188,235,203,129,228,206,233,176,224,175,231,230,228,210,227,198,115,220,174,187,179,215,176,113,196,221,182,143,104,212,174,181,176,208,117,204,118,197,203,193,120,201,198,195,109,169,205,194,203,197,202,199,195,198,162,193,198,196,196,158,191,195,155,192,191,192,174,138,147,172,176,172,181,178,129,172,181,167,174,0,178,130,165,148,176,176,167,171,127,173,178,162,172,139,160,175,171,177,151,162,166,171,151,173,169,152,164,165,171,171,161,172,172,156,169,172,168,171,168,167,166,142,164,151,160,157,159,158,157,154,143,154,137,153,150,142,147,147,145,143,143,139,140,139,135,135,138,136,136,133,132,123,130,124,128,127,120,126,126,123,122,122,118,117,85,117,113,113,113,113,112,112,107,108,109,107,103,105,103,101,85,97,96,95,93,93,89,90,88,87,85,86,81,83,83,81,79,79,77,75,74,71,70,69,67,66,63,64,63,60,58,59,57,55,54,52,51,50,49,46,46,44,43,41,39,37,35,31,32,30,29,27,24,24,22,20,17,17,15,11,12,10,8,6,4,2,0,0,0,0,0,0,0,2,4,4,6,8,10,12,14,14,16,18,19,21,20,24,26,28,30,32,34,36,37,40,42,44,45,48,49,51,53,55,57,59,61,61,63,62,64,67,68,69,69,72,73,74,77,78,79,82,83,84,85,87,88,91,92,93,96,97,99,99,101,102,104,104,106,107,107,107,109,109,111,113,106,114,117,116,119,116,98,120,120,122,116,123,125,117,126,126,129,131,125,130,128,130,131,134,133,133,135,136,134,133,116,135,134,133,133,132,133,110,134,121,82,133,128,119,135,136,136,133,138,137,128,137,114,139,139,140,131,134,131,139,132,125,138,130,136,137,93,139,129,129,139,114,131,136,139,122,139,116,137,50,118,0,132,141,121,141,101,141,144,146,148,141,148,151,153,148,155,144,147,95,156,108,159,160,164,150,160,153,136,154,118,159,103,164,173,165,145,147,145,141,171,122,180,108,154,145,166,180,154,132,147,184,165,166,194,144,152,150,191,197,195,175,176,203,202,193,162,182
214,212,187,167,220,219,209,220,159,168,150,211,211,158,123,174,162,169,192,181,118,162,191,217,195,151,213,160,160,212,163,209,219,160,209,152,197,215,153,186,139,153,176,169,172,218,217,149,190,216,167,202,201,215,205,205,189,195,177,170,167,181,152,159,189,201,193,182,138,196,171,197,198,167,193,197,148,194,161,86,187,164,191,132,181,132,188,186,184,166,182,153,68,174,128,141,132,168,129,64,149,172,133,94,53,162,124,131,125,157,64,153,65,146,152,140,0,150,149,147,60,123,160,149,161,156,161,160,157,161,126,159,165,165,166,130,163,168,128,167,167,169,152,116,127,153,157,155,164,162,113,158,169,155,163,97,169,137,157,141,168,169,159,163,118,166,170,155,166,133,155,169,165,170,144,155,159,166,143,167,163,146,158,159,166,164,154,165,167,151,164,169,165,168,167,166,167,142,166,153,162,159,160,160,159,155,145,155,139,154,152,144,149,149,147,145,146,141,144,141,139,138,140,139,139,137,135,126,133,127,131,129,123,129,129,125,125,124,120,119,86,117,115,114,114,115,114,113,110,109,110,108,105,106,105,103,87,100,98,97,95,94,90,91,89,88,86,87,83,83,83,81,79,78,76,74,73,70,69,68,66,65,62,63,62,59,57,58,56,54,53,51,50,49,48,45,45,43,42,40,38,36,34,30,31,29,28,26,23,23,21,19,16,16,14,0,11,10,8,7,6,4,2,0,0,0,0,0,0,0,2,2,4,6,8,10,12,12,14,16,17,19,18,22,24,26,28,30,32,34,35,38,40,42,43,46,47,49,51,53,55,57,59,59,61,60,62,65,66,67,67,70,72,72,75,76,77,80,81,82,83,85,87,89,90,91,94,94,96,96,98,100,101,102,103,105,104,104,106,107,108,111,104,111,114,113,117,114,95,118,118,120,114,121,123,115,124,124,127,130,124,128,127,131,133,137,137,138,141,143,142,142,126,145,145,146,148,145,148,127,151,139,101,152,149,142,157,160,159,159,164,163,156,165,143,169,170,171,164,167,165,174,168,162,176,169,176,179,136,182,173,174,185,161,179,185,190,174,192,170,191,132,174,120,188,196,176,196,156,195,199,200,202,195,200,203,204,198,205,193,195,146,204,156,207,208,211,198,207,200,183,201,165,205,148,208,216,207,187,188,185,181,209,160,217,145,189,180,199,213,187,163,178,214,193,193,220,170,177,175,214,220,217,196,196,223,220,211,179,198
251,250,228,208,259,260,251,262,204,214,196,259,258,206,173,222,213,219,242,233,172,217,247,271,252,207,271,219,220,271,222,270,279,222,273,216,262,279,220,251,206,221,243,238,240,289,289,222,264,291,241,279,278,292,283,282,265,272,254,249,247,258,231,239,269,282,271,262,218,276,252,277,279,248,275,278,227,276,244,167,269,245,274,215,265,216,272,271,269,251,267,237,152,260,215,227,219,254,216,151,234,260,219,183,142,251,214,220,215,246,154,243,154,234,242,230,159,238,235,232,146,206,244,231,242,237,241,238,234,237,201,233,237,236,235,197,230,234,192,231,230,231,212,175,185,209,215,209,218,217,166,211,221,206,213,146,217,183,203,184,211,211,200,202,155,203,207,190,200,165,185,200,196,200,171,183,186,191,167,191,184,168,180,178,186,184,172,182,182,163,176,181,177,179,176,175,174,148,172,159,168,164,166,165,164,160,150,160,141,159,156,148,153,153,151,149,149,145,146,145,141,141,143,141,141,137,137,126,135,130,133,132,125,131,131,127,127,126,122,121,88,120,116,116,116,116,115,114,110,110,111,109,105,107,105,103,87,100,98,97,95,94,90,91,89,88,86,87,82,83,83,81,79,78,76,74,73,70,69,67,66,65,62,63,62,59,57,58,56,54,53,51,46,46,48,0,47,46,45,44,42,40,38,34,35,32,32,30,27,27,25,23,20,20,18,13,15,13,11,9,8,6,4,2,0,0,0,0,0,0,0,0,2,4,6,8,10,11,13,15,17,19,18,22,24,26,28,30,32,34,35,38,40,42,43,46,47,49,51,53,55,57,59,59,61,60,62,65,66,67,67,70,72,72,75,76,77,80,81,82,83,84,87,89,90,91,94,95,97,97,99,100,102,103,104,106,105,105,107,108,109,112,107,112,115,114,118,115,96,120,119,122,118,123,125,117,126,126,129,131,126,130,129,132,134,138,138,139,143,145,144,144,128,148,147,148,150,150,151,130,155,144,104,156,154,147,161,163,164,163,167,167,161,169,150,173,175,176,170,172,172,178,173,169,181,174,182,184,144,187,180,181,190,166,184,190,195,181,197,175,197,139,179,128,193,202,182,202,164,201,205,206,208,202,207,210,212,206,213,201,203,155,212,167,215,216,220,208,215,211,191,209,176,215,159,219,228,221,202,202,202,196,226,177,235,166,211,202,221,235,209,189,202,239,221,222,248,198,208,204,244,251,248,228,231,256,255,248,217,235
189,188,164,142,195,194,184,195,135,145,128,189,187,134,101,149,139,144,167,156,96,140,168,192,172,126,189,137,137,187,138,185,193,136,185,128,174,189,130,160,114,127,150,143,145,192,191,124,165,191,140,177,176,189,179,178,161,167,149,143,140,152,123,132,162,174,164,155,109,168,144,169,170,139,165,169,118,166,133,54,158,133,162,101,152,103,159,157,155,137,153,122,36,145,99,112,103,137,99,32,117,142,101,64,21,132,94,100,94,124,0,121,2,112,121,0,7,119,118,116,29,92,131,119,132,126,132,131,128,132,98,131,137,137,138,102,135,140,99,140,141,143,126,89,101,125,132,127,138,137,87,133,144,131,139,71,145,111,133,114,144,144,135,138,92,141,146,131,142,107,128,145,141,146,118,131,135,141,117,143,138,122,135,133,142,141,131,142,144,126,139,146,142,145,144,143,144,117,144,132,141,139,141,142,142,138,129,140,122,141,139,132,138,138,138,136,138,134,137,135,134,133,136,135,134,131,131,119,129,123,127,125,119,125,125,121,121,120,117,116,83,114,112,111,111,112,111,110,105,106,107,106,102,102,103,101,85,97,96,95,93,92,88,90,88,87,85,86,81,83,82,81,79,78,77,75,75,72,71,69,69,68,65,66,65,62,61,62,60,58,57,55,52,51,52,48,49,47,46,44,42,40,38,34,35,32,32,30,27,27,25,24,21,21,19,15,16,15,13,11,10,8,6,4,2,0,0,0,0,0,0,0,2,4,6,6,9,10,12,14,16,18,17,21,23,25,27,29,31,33,34,37,39,41,42,45,46,48,50,52,54,56,58,58,60,59,61,64,63,66,65,68,69,69,72,73,74,77,78,79,78,81,83,85,86,86,89,89,91,91,93,95,96,97,98,100,99,99,101,101,103,105,101,106,108,108,112,108,90,113,112,115,112,116,118,109,118,119,120,124,117,121,119,124,124,128,128,128,132,133,133,133,116,136,136,137,139,136,139,117,141,133,91,143,142,135,147,150,149,150,154,153,146,155,135,159,160,161,157,157,158,164,158,154,166,159,166,169,129,171,166,166,174,151,168,174,179,166,180,159,180,123,163,112,176,185,165,184,148,184,187,189,190,185,188,189,190,184,189,177,179,130,186,141,187,188,191,178,185,180,159,177,144,180,123,184,191,184,165,163,162,156,184,135,192,123,166,157,174,188,162,141,153,189,170,170,195,145,154,150,189,195,192,171,173,198,195,188,157,173
211,211,190,169,220,221,212,223,165,176,159,220,220,167,137,183,175,180,203,194,136,180,209,232,215,168,233,183,183,233,184,231,241,186,236,180,225,241,184,214,168,183,206,200,202,251,252,186,227,255,203,242,242,255,245,246,229,236,220,217,216,226,199,209,240,254,242,235,191,249,229,253,255,227,253,256,206,256,225,148,251,226,258,198,250,203,258,258,257,240,257,226,142,252,207,220,212,244,208,142,225,253,211,176,133,245,207,214,209,237,146,236,147,226,235,222,153,231,228,224,138,198,238,223,236,230,235,231,228,231,195,227,232,230,230,192,225,229,185,226,226,226,206,169,181,204,211,204,213,213,160,206,216,202,209,142,213,177,199,179,208,208,196,200,151,201,205,188,197,161,182,198,194,198,168,181,185,189,164,189,182,166,178,176,183,183,171,181,181,162,174,181,175,179,176,175,174,146,172,158,169,165,167,166,165,162,151,162,141,161,158,149,155,155,153,151,152,147,149,147,143,142,147,145,144,139,141,128,139,132,137,136,127,134,135,132,131,131,126,126,93,125,121,121,121,121,120,120,112,114,117,115,111,112,111,109,93,106,104,103,102,101,97,98,96,95,93,94,88,90,90,88,86,85,83,81,80,77,76,72,73,72,69,70,69,66,64,65,63,61,60,58,53,52,55,51,52,50,49,47,45,43,41,37,38,34,35,33,30,30,28,26,23,23,21,17,18,17,15,13,12,10,8,6,4,2,0,0,0,0,0,0,0,2,4,6,8,9,11,13,15,17,16,20,22,24,26,28,30,32,33,36,38,40,41,44,45,47,49,51,53,55,57,57,59,58,60,63,64,65,65,68,70,70,73,74,75,78,79,80,81,83,85,87,88,89,92,93,95,95,97,99,100,101,102,104,103,103,105,106,107,110,107,111,114,113,117,114,95,119,117,120,118,0,122,114,123,123,126,129,123,127,125,129,131,135,135,136,140,142,141,141,125,145,144,145,146,146,147,126,150,141,98,149,148,140,152,153,153,153,155,154,146,154,134,156,156,157,151,151,151,156,150,146,156,148,155,156,116,158,151,151,158,133,151,156,159,145,159,136,157,100,138,87,151,158,137,155,117,155,0,160,162,158,162,165,167,162,169,157,160,113,168,125,172,173,177,166,173,169,149,167,135,172,116,177,186,180,161,160,161,154,184,135,193,126,170,161,179,193,167,149,160,197,181,182,207,157,168,163,204,210,208,188,191,216,215,208,178,195
210,208,187,163,216,215,205,216,155,168,150,209,208,154,125,170,162,165,188,177,120,162,191,213,195,147,210,160,160,208,159,205,214,159,208,151,196,210,152,181,134,148,171,164,167,214,213,148,189,214,162,201,200,212,201,200,184,190,172,169,166,176,147,158,188,200,188,181,133,192,170,195,197,166,192,196,143,193,160,80,186,159,190,127,180,131,187,185,183,165,181,148,62,173,127,140,131,164,128,59,144,171,128,93,48,161,123,130,124,153,30,152,0,141,152,135,70,148,147,145,58,121,162,148,163,158,163,162,159,163,128,161,167,167,168,132,165,170,126,169,169,171,152,114,129,150,159,152,162,164,111,160,171,157,165,99,171,135,159,138,170,170,161,164,116,167,172,157,167,130,151,170,166,171,141,156,160,166,140,168,160,147,159,155,166,165,155,166,168,148,161,170,166,169,168,167,168,139,168,155,165,162,163,163,162,158,148,158,137,157,155,147,152,152,150,148,149,144,148,144,142,141,145,144,143,137,140,124,138,132,136,135,128,133,135,131,131,130,125,125,92,123,121,120,120,121,120,119,111,114,116,115,111,111,112,110,94,107,105,104,103,102,98,99,97,96,94,95,89,91,91,89,87,86,84,82,81,78,77,71,74,73,70,71,70,66,66,67,65,63,62,60,53,52,57,53,54,52,51,49,47,45,43,39,40,36,37,35,32,32,30,28,25,25,23,19,20,19,17,15,14,12,10,8,6,4,2,0,0,0,0,0,0,0,2,4,6,7,9,10,12,13,0,16,18,20,22,24,26,28,29,32,34,36,37,40,41,43,45,47,49,51,53,54,56,55,57,60,61,62,62,65,67,66,70,71,72,75,76,77,78,80,82,84,85,86,89,89,91,91,93,95,96,97,98,100,99,99,101,102,103,106,104,108,110,109,113,110,91,114,114,116,116,118,120,111,121,121,123,126,120,124,122,127,128,132,132,133,137,138,138,138,121,141,141,142,144,141,144,123,146,139,95,148,148,142,152,155,154,155,159,158,151,160,142,164,165,166,163,162,164,169,163,161,171,164,171,174,136,177,172,171,180,156,174,180,185,174,187,165,186,132,169,120,183,192,171,191,156,190,194,195,197,192,195,198,199,193,200,188,190,145,199,156,202,203,206,197,202,200,178,196,166,201,144,205,212,205,188,184,185,177,205,155,213,146,189,180,195,209,183,164,173,210,193,193,216,166,177,171,210,216,213,192,196,219,216,210,179,194
250,249,229,206,258,259,250,261,202,215,198,258,257,204,175,221,214,218,241,231,174,218,248,270,253,206,270,220,221,270,221,269,278,223,274,217,263,278,221,250,205,219,242,237,239,288,288,223,265,291,239,280,279,291,282,282,265,272,254,251,249,258,230,241,271,284,271,264,217,276,254,278,281,250,277,280,227,278,246,166,271,245,276,214,267,218,274,273,271,253,269,237,151,262,217,229,221,254,218,150,234,262,219,185,141,253,216,222,217,246,154,245,154,234,244,230,162,238,235,232,145,206,246,231,244,239,243,240,236,239,203,234,239,237,237,199,232,236,192,233,232,233,212,175,187,209,217,209,218,219,165,213,223,208,215,149,219,183,205,184,213,213,202,204,155,205,209,192,202,165,185,202,198,202,171,185,188,193,166,193,184,170,182,178,188,186,174,184,184,164,176,184,179,182,179,178,177,149,175,162,171,167,169,168,167,163,153,163,141,162,159,151,156,156,154,152,153,148,150,148,145,144,147,146,145,139,141,127,140,133,138,136,129,135,136,132,132,131,127,126,93,125,121,121,121,121,120,120,111,115,117,115,111,112,111,109,93,106,104,104,102,101,97,98,96,95,93,94,89,90,90,88,86,85,83,81,80,77,76,70,73,72,69,70,69,66,64,65,63,61,60,58,51,50,55,51,52,50,49,47,45,43,41,37,38,0,35,33,30,31,29,27,24,24,22,18,19,19,17,15,14,12,10,8,6,4,2,0,0,0,0,0,0,0,0,2,4,6,8,10,12,14,13,17,19,21,23,25,27,29,30,33,35,37,38,41,42,44,46,48,50,52,54,54,56,55,57,60,61,62,62,65,67,67,70,71,72,75,76,77,78,80,82,84,85,86,89,90,92,92,94,96,97,98,99,101,100,100,102,103,104,107,104,108,111,110,114,111,92,116,115,118,116,120,122,113,123,123,126,129,124,127,127,130,132,136,136,137,141,143,142,142,126,146,145,146,148,148,149,128,153,144,101,154,153,148,159,161,162,162,165,165,159,167,150,171,173,174,170,170,172,176,171,169,179,172,180,182,145,185,180,180,188,164,182,188,193,181,195,173,195,140,178,129,192,201,181,201,165,200,204,205,207,202,206,209,211,205,212,200,202,157,211,169,214,215,219,209,214,212,190,208,178,214,157,218,227,220,203,201,203,195,225,175,234,168,212,203,220,234,208,191,200,238,222,223,247,197,209,203,243,250,247,227,232,255,254,248,218,234
195,193,172,146,199,198,187,199,138,151,109,192,191,0,109,153,146,150,173,162,108,152,181,202,187,138,203,155,156,204,156,202,213,160,210,154,200,214,159,187,141,155,179,173,176,225,226,162,203,229,177,219,218,230,220,221,204,212,195,194,193,201,173,186,218,232,217,213,165,225,206,228,233,204,231,234,181,234,203,123,229,201,234,171,224,177,232,230,229,212,227,193,0,221,177,190,183,214,180,112,197,227,184,152,105,222,185,192,188,215,124,217,127,206,218,204,137,213,211,208,122,184,226,210,226,221,226,223,221,224,189,222,227,226,227,190,223,228,183,226,226,227,205,167,182,201,211,201,211,213,158,207,217,203,210,144,214,177,200,178,210,209,198,202,151,203,207,190,199,161,181,200,196,200,168,184,187,192,163,192,182,169,181,175,187,185,173,184,184,162,176,184,180,183,180,179,178,148,176,162,172,168,171,170,168,165,155,165,141,164,161,153,158,158,156,154,155,150,153,150,147,146,150,149,146,140,144,127,143,136,141,139,132,137,139,135,135,133,129,129,96,128,124,124,124,124,123,122,112,117,120,118,114,115,115,113,97,110,108,107,106,105,101,102,100,99,97,98,92,94,94,92,90,89,87,85,84,81,80,72,77,76,73,74,73,69,68,69,67,65,64,62,53,52,59,55,56,54,53,51,49,47,45,41,42,38,39,37,34,34,32,30,27,27,25,21,22,21,19,17,16,14,12,10,8,6,4,2,2,0,0,0,0,0,0,0,2,4,6,8,10,12,12,15,17,19,21,23,25,27,28,31,33,35,36,39,40,42,44,46,48,50,52,53,55,54,56,59,60,61,61,64,66,66,69,70,71,74,75,76,77,79,81,83,84,85,88,89,91,91,93,95,96,97,98,100,99,99,101,102,103,106,104,108,110,109,113,109,91,114,113,116,115,118,120,111,121,121,124,127,122,125,124,128,129,133,133,134,138,140,139,139,123,143,142,143,145,145,146,124,149,143,97,150,150,146,155,157,158,158,161,161,155,163,148,167,169,170,166,166,168,172,167,167,175,168,176,178,143,181,178,176,184,160,178,184,188,179,190,169,190,137,173,126,187,195,176,195,161,195,198,199,201,196,199,202,202,196,201,189,191,146,198,157,199,200,202,192,197,194,171,188,158,192,134,195,202,195,177,174,176,166,195,144,202,137,179,170,184,198,172,155,162,198,183,182,204,154,165,158,198,203,200,179,184,206,203,196,166,179
232,231,211,186,238,237,228,239,177,193,175,232,231,177,150,193,187,188,211,200,145,187,216,236,220,170,234,185,185,232,182,229,238,184,234,177,222,234,179,205,159,173,195,189,191,238,237,174,215,238,186,228,226,235,225,224,207,214,196,195,192,201,172,183,216,227,213,209,158,218,197,220,224,193,219,222,166,220,186,0,215,188,223,159,215,167,224,224,223,206,223,189,103,214,170,183,174,205,171,100,185,215,170,138,91,206,168,174,168,196,102,197,103,183,196,179,113,187,184,182,0,158,201,185,202,197,202,200,197,200,166,198,204,204,205,168,202,206,160,205,205,207,185,147,164,183,194,185,195,199,144,195,206,191,199,134,205,167,193,170,203,204,194,197,147,200,204,189,199,159,181,201,197,201,168,185,188,193,164,193,182,170,181,175,187,185,174,184,185,163,175,185,180,183,180,179,179,147,177,164,172,169,172,171,169,165,156,166,141,165,162,154,159,159,157,155,156,151,154,151,148,147,151,151,147,140,146,127,145,138,143,141,134,139,141,137,137,135,131,131,98,130,126,126,126,126,125,124,112,119,122,120,116,117,117,115,99,112,110,109,108,107,103,104,102,101,99,100,94,96,96,94,92,91,89,87,86,83,82,72,79,78,75,76,75,71,70,71,69,67,66,64,53,52,61,57,57,56,55,53,51,49,47,43,44,40,41,39,36,36,34,32,29,29,27,23,24,23,21,19,18,16,14,12,10,8,6,4,4,2,0,0,0,0,0,0,0,2,4,6,8,10,10,13,15,17,19,21,23,25,26,29,31,33,34,37,38,40,42,44,46,48,50,51,53,52,54,57,58,59,59,62,64,64,67,68,69,72,73,74,75,77,79,81,82,83,86,87,89,89,91,93,94,95,96,98,97,97,100,101,101,104,102,106,108,107,111,109,89,113,112,115,114,118,119,110,120,121,123,126,121,124,125,127,130,133,133,134,138,140,139,139,124,144,142,143,145,144,146,124,150,145,97,151,150,148,155,157,158,158,161,162,155,164,149,168,170,171,167,167,169,173,168,169,176,169,176,179,144,182,179,176,185,161,179,185,190,181,192,170,191,140,174,128,188,197,176,196,163,195,200,200,202,197,201,203,205,199,206,194,196,154,205,165,208,209,213,203,208,208,184,202,173,207,150,212,220,213,198,194,197,188,217,167,226,163,205,197,211,225,200,184,191,229,215,215,237,188,201,193,232,238,235,214,220,241,238,232,204,216
242,241,222,198,250,250,242,253,192,209,192,249,249,196,170,213,208,209,232,222,168,210,238,258,242,192,255,208,208,253,204,251,259,207,256,199,244,256,201,227,181,194,217,211,212,260,260,197,237,261,208,250,249,258,248,247,230,237,219,219,216,223,194,205,237,250,235,230,181,240,221,243,246,217,243,246,191,244,212,130,237,208,242,177,231,183,239,237,235,217,232,197,111,221,179,192,183,213,179,109,193,224,178,146,0,215,177,183,179,206,114,209,118,196,210,195,129,204,201,199,112,174,218,201,219,213,219,216,214,218,183,216,221,221,221,185,218,223,176,222,221,224,201,163,181,200,211,202,211,216,159,210,222,208,216,151,221,181,208,183,216,216,204,208,154,209,213,196,205,165,186,206,202,206,172,190,193,198,167,198,186,175,187,180,193,191,179,189,189,165,178,188,183,187,184,183,182,149,180,166,174,172,174,173,172,168,158,168,141,167,164,155,161,161,159,157,158,153,156,153,150,148,153,153,147,140,148,127,147,139,145,143,135,141,143,139,139,137,133,133,100,132,128,128,128,128,127,126,112,120,124,122,118,118,119,117,101,114,112,111,110,109,105,106,104,103,101,102,96,98,98,96,94,93,91,89,88,85,84,72,81,80,77,78,77,73,72,73,71,69,68,66,53,52,63,59,59,58,57,55,53,51,49,45,46,42,43,41,37,38,36,34,31,31,29,24,25,25,23,21,20,18,16,14,12,10,8,6,6,4,2,0,0,0,0,0,0,0,2,4,6,8,9,11,13,15,17,19,21,23,24,27,29,31,32,35,36,38,40,42,44,46,48,49,51,50,52,55,56,57,57,60,62,62,65,66,67,70,71,72,73,75,77,79,80,81,84,85,87,87,89,91,92,93,93,95,94,86,97,97,0,100,98,102,104,103,107,105,85,109,108,111,110,114,115,106,116,117,119,122,117,120,121,123,126,129,129,130,134,136,136,135,120,140,139,140,142,143,143,122,148,143,95,149,148,147,154,155,157,157,159,161,154,162,149,167,168,170,166,166,168,172,168,168,176,169,176,178,144,181,178,175,184,160,178,184,189,181,191,169,191,141,174,130,188,196,176,196,164,196,200,201,203,197,201,205,205,200,207,194,198,156,205,168,209,210,214,203,209,209,185,202,173,208,151,213,221,214,199,194,198,188,218,167,227,165,206,198,212,226,200,186,192,230,216,217,238,188,203,194,235,242,239,219,226,247,245,240,212,225
214,212,194,167,219,219,209,220,159,175,158,213,212,158,134,174,169,169,192,181,129,170,198,217,202,151,214,168,168,212,163,209,218,167,215,159,203,214,160,185,138,152,175,168,171,218,217,156,195,218,166,208,207,215,205,204,187,194,176,177,174,180,151,162,195,207,191,188,137,196,178,199,203,174,199,203,147,200,168,84,193,163,197,131,187,139,194,192,190,172,187,151,65,176,134,147,138,167,134,0,147,179,132,102,47,170,132,139,133,158,0,160,67,146,160,145,79,153,151,149,61,125,170,152,171,165,171,169,167,171,136,169,175,175,176,140,173,178,130,177,176,179,156,118,137,154,167,156,166,172,114,167,179,165,173,108,179,139,167,142,178,178,168,172,119,175,180,165,174,133,155,177,174,179,144,164,168,174,143,176,164,155,167,159,174,173,163,174,176,151,165,178,174,177,176,175,176,143,176,162,169,169,170,170,169,165,155,165,138,164,162,154,159,159,157,155,156,151,155,151,150,148,153,153,147,139,149,125,147,140,145,144,136,142,144,140,140,138,134,134,101,132,130,129,129,130,129,127,112,122,125,124,120,118,121,119,103,116,114,113,112,111,107,108,106,105,103,104,98,100,100,98,96,95,93,91,90,87,86,72,83,82,79,80,79,75,74,75,73,71,70,68,53,52,65,61,61,60,59,57,55,53,51,47,48,44,45,43,39,40,38,36,33,33,31,26,27,27,25,23,22,20,18,16,14,12,10,8,6,6,4,2,0,0,0,0,0,0,0,2,4,6,7,9,11,13,15,17,19,21,22,25,27,29,30,33,34,36,38,40,42,44,46,47,49,48,50,53,54,55,56,59,61,61,64,65,66,69,70,71,72,74,76,78,79,80,83,84,86,86,88,90,92,93,94,96,95,95,98,99,99,102,100,104,106,105,109,107,87,111,110,113,112,116,117,108,118,119,121,124,119,122,122,125,128,131,131,132,136,137,137,137,120,141,140,141,143,141,143,122,147,143,94,148,148,148,153,155,155,156,159,159,152,161,147,165,166,168,164,164,166,170,165,167,172,166,173,176,143,179,176,173,182,158,176,182,187,180,189,167,188,140,171,128,185,194,173,193,162,192,197,197,199,194,198,200,201,196,202,190,193,153,201,165,204,205,209,199,204,205,180,198,168,203,146,208,216,209,195,188,192,181,209,158,217,156,196,187,199,213,187,173,177,214,200,200,220,170,184,175,214,220,217,196,203,223,220,214,186,198
187,187,171,144,196,197,188,200,139,157,141,196,196,145,119,160,157,157,180,170,119,161,191,209,197,145,210,164,164,210,161,208,218,167,217,161,207,218,165,191,145,159,183,177,179,228,229,167,209,232,179,225,224,233,223,224,207,214,198,199,198,204,176,189,223,237,220,218,168,227,211,231,237,209,237,240,184,240,208,128,235,205,242,176,234,186,242,242,241,223,241,205,122,232,191,204,197,226,195,126,209,241,196,167,120,236,199,205,200,224,135,228,137,213,227,211,145,217,215,211,125,185,229,210,227,222,226,223,219,222,186,218,223,221,221,183,216,220,172,217,216,217,193,156,173,190,203,191,199,204,146,198,207,193,199,135,205,163,190,165,200,199,188,191,137,192,197,180,189,148,168,190,185,190,155,172,177,180,150,182,168,159,171,162,175,174,162,174,174,149,162,173,169,173,170,169,168,133,166,152,159,159,161,160,159,156,144,156,126,155,152,143,149,149,147,144,146,140,144,141,136,136,141,140,133,125,136,110,134,126,132,130,122,127,130,126,126,124,120,121,88,120,115,116,116,116,115,113,96,108,111,109,105,104,105,103,87,100,98,95,95,94,90,91,89,88,86,87,80,83,83,81,79,78,76,74,73,70,69,54,66,65,62,63,62,58,58,58,56,54,53,51,33,0,48,44,47,47,48,48,48,48,48,45,47,44,45,44,40,41,39,37,34,34,33,27,28,29,27,25,24,22,20,18,16,14,12,10,9,8,6,4,2,0,0,0,0,0,0,0,2,4,6,8,10,12,14,16,18,20,21,24,26,28,29,32,33,35,37,39,41,43,45,45,47,46,48,51,52,53,54,57,59,59,62,63,64,67,68,69,70,72,74,76,77,78,81,82,84,84,86,87,89,90,91,93,92,92,95,96,97,99,97,100,102,101,105,103,83,107,106,109,108,112,113,104,114,115,117,119,115,118,119,120,123,126,126,127,131,133,132,132,118,136,135,136,137,138,138,117,143,138,89,143,143,144,149,150,152,152,154,156,147,154,141,156,157,158,153,152,153,157,152,153,158,150,155,156,125,158,154,152,159,134,152,157,160,154,161,138,159,110,140,97,153,159,139,157,127,156,159,159,159,154,156,158,157,151,156,142,145,103,151,113,153,153,155,144,149,149,123,139,90,145,0,150,159,153,139,132,139,126,157,105,166,106,148,140,153,168,141,129,133,172,161,162,182,132,148,138,180,185,183,163,172,191,190,185,159,171
245,244,228,201,253,254,245,256,196,214,197,253,252,202,176,216,213,213,236,226,175,218,247,265,252,201,265,220,221,265,216,264,273,223,271,217,262,273,221,245,200,214,237,232,234,283,283,223,264,286,234,279,278,287,277,278,261,268,252,254,252,257,229,240,274,287,270,267,216,275,258,277,281,254,280,283,226,281,250,168,274,244,279,213,270,222,277,276,274,257,272,236,153,260,221,233,225,253,220,152,233,266,218,189,143,257,220,226,221,245,156,248,158,233,247,231,166,237,235,231,146,205,250,230,248,242,247,243,240,243,207,238,243,241,241,203,236,240,190,237,233,237,211,173,191,208,221,208,217,223,163,216,226,212,218,153,223,180,209,182,217,217,205,209,153,210,214,197,206,164,185,207,203,207,170,190,193,198,165,198,184,175,187,178,193,191,179,189,189,163,176,188,183,187,184,183,182,146,180,166,172,172,174,173,172,168,158,168,137,167,164,155,161,161,159,157,158,153,156,153,150,148,153,153,145,138,148,124,147,139,145,143,135,141,143,139,139,137,133,133,100,132,128,128,128,128,127,126,109,120,124,122,118,118,119,117,101,114,112,111,110,109,105,106,104,103,101,102,96,98,98,96,94,93,91,89,88,85,84,68,81,80,77,78,77,73,72,73,71,69,68,66,49,48,63,59,59,58,57,55,53,51,49,45,46,42,43,41,0,38,37,35,33,33,31,0,20,27,25,24,23,21,20,18,16,14,12,11,10,9,7,6,4,2,0,0,0,0,0,0,0,2,4,6,8,10,12,14,16,18,19,22,24,26,27,30,31,33,35,37,39,41,43,44,46,45,47,50,51,52,53,56,58,58,61,62,63,66,67,68,69,71,73,75,76,77,80,81,83,83,85,87,89,90,91,93,92,92,95,96,97,99,97,101,103,102,106,104,84,108,107,110,109,113,114,105,115,116,118,121,117,119,121,122,125,128,128,129,133,135,134,134,120,140,138,139,141,142,142,120,147,142,92,148,147,149,153,154,156,156,158,160,153,161,150,165,167,168,164,164,166,170,166,168,174,167,174,176,146,179,175,174,182,158,176,182,187,181,189,167,189,141,172,131,187,195,175,195,165,195,199,200,202,196,200,204,205,200,207,194,197,158,205,170,209,210,214,203,209,211,185,202,171,209,154,213,222,215,202,195,202,189,220,168,229,169,211,202,215,229,202,191,194,233,221,222,242,191,208,197,238,245,242,222,231,250,249,243,217,229
241,240,225,197,249,250,241,252,192,212,195,249,248,200,174,212,211,209,232,222,173,215,244,261,249,197,261,217,218,261,212,260,269,220,268,214,259,269,218,241,196,210,233,228,230,279,279,221,261,282,230,276,275,282,273,272,255,262,244,247,245,248,220,232,266,279,261,259,207,266,250,268,273,246,272,275,217,273,242,161,266,235,271,204,262,214,269,268,266,249,264,227,146,252,214,225,217,244,212,145,224,258,209,182,136,249,213,218,214,236,149,240,151,224,239,222,159,228,225,222,139,196,242,221,240,234,239,235,232,235,199,231,235,234,233,195,228,232,181,229,225,229,202,164,184,198,213,198,208,215,154,208,219,204,211,147,215,172,201,173,209,209,197,200,143,201,205,188,197,154,174,198,194,198,160,181,184,189,155,189,174,166,178,167,184,182,170,180,180,152,166,179,175,177,174,173,172,135,170,156,161,162,164,163,162,158,148,158,126,157,154,146,151,151,149,147,148,143,146,143,140,139,144,143,134,126,139,103,137,130,135,134,125,131,133,129,129,127,123,123,90,122,117,117,118,117,116,115,0,110,115,113,111,110,114,114,99,113,112,111,112,112,108,109,107,106,104,105,98,101,101,99,97,96,94,92,91,88,87,0,84,83,80,82,81,77,76,77,75,73,72,70,53,52,67,63,63,62,61,59,57,56,54,50,51,47,48,46,42,43,41,39,36,36,35,29,30,31,29,27,26,24,22,20,18,16,14,13,12,11,9,8,6,4,2,0,0,0,0,0,0,0,2,4,6,8,10,12,14,16,17,20,22,24,25,28,29,31,33,35,37,39,41,42,44,43,45,48,50,51,52,55,57,57,60,61,62,65,66,67,68,70,72,74,75,76,79,80,82,82,84,86,88,89,90,92,91,91,94,95,97,98,97,99,101,100,104,102,82,106,105,108,108,111,112,103,113,114,116,118,114,117,118,119,122,125,125,126,130,132,131,131,117,137,135,136,138,139,139,117,144,140,89,145,144,146,150,151,153,153,155,157,150,158,148,162,164,165,162,161,163,167,163,166,171,164,171,173,145,176,174,171,179,155,173,179,184,179,186,164,186,140,168,130,183,191,171,191,163,190,195,195,197,192,196,200,201,196,203,190,193,156,201,167,205,206,210,200,205,209,181,198,169,205,152,209,218,211,200,191,199,185,216,164,225,167,209,199,211,225,198,188,190,229,218,219,238,187,206,193,234,241,238,218,228,246,245,239,214,225
241,241,227,197,249,250,241,252,192,213,196,250,249,202,175,213,213,209,232,222,174,217,246,261,251,197,262,219,220,263,212,261,270,222,269,216,261,270,220,241,196,210,233,228,230,280,280,222,263,283,230,277,276,284,274,275,257,265,248,252,250,254,226,239,276,289,270,269,215,275,259,277,282,255,282,285,225,283,252,171,276,243,281,212,272,224,279,278,276,258,275,236,157,262,223,236,228,253,222,156,233,268,218,192,146,260,222,229,224,245,160,251,162,233,250,232,170,238,236,232,150,205,253,231,251,245,250,245,242,246,210,241,246,244,244,205,238,243,190,240,235,240,212,173,194,209,224,210,218,226,163,219,229,215,221,157,226,181,211,183,220,220,208,212,153,213,217,200,209,163,186,210,204,210,170,192,196,200,165,201,185,178,190,179,195,194,182,192,192,164,177,191,186,190,187,186,185,146,183,169,173,175,177,176,175,171,160,171,138,170,167,158,164,164,162,160,161,156,159,156,153,151,156,155,146,138,151,124,149,142,147,146,137,144,145,141,142,140,136,136,103,135,131,131,131,131,130,129,111,123,127,125,121,121,122,120,104,117,115,114,113,112,108,109,107,106,104,105,99,101,101,99,97,96,95,93,92,89,88,72,85,84,81,82,81,77,76,77,75,73,72,70,0,52,67,63,64,63,62,60,58,57,55,51,52,48,49,47,43,44,42,40,37,37,37,31,31,33,31,29,28,26,24,22,20,18,16,15,14,13,10,10,8,6,4,2,0,0,0,0,0,0,0,2,4,6,8,10,12,14,14,17,19,21,22,25,26,28,30,32,34,36,38,39,41,40,42,45,47,48,49,52,54,54,57,58,59,62,63,64,65,68,70,72,73,74,77,78,80,80,82,84,86,87,88,90,89,89,92,93,95,96,95,98,100,99,103,101,81,105,104,107,107,110,111,101,111,112,0,116,111,109,115,116,119,122,122,124,127,129,129,128,114,134,134,134,136,137,137,115,142,138,87,143,143,145,148,149,151,151,153,155,148,156,147,161,162,164,161,161,163,166,162,166,170,164,171,172,145,175,173,171,178,155,173,178,183,179,185,163,185,141,168,131,183,191,171,192,164,192,195,196,198,193,196,200,201,196,203,190,195,157,201,168,205,206,210,201,206,210,181,198,169,205,154,210,218,212,201,191,201,185,216,164,225,169,210,201,211,225,198,190,190,230,220,220,238,187,207,193,235,241,238,218,230,246,245,240,216,225
189,188,172,139,192,192,181,193,130,151,133,187,186,137,110,148,145,142,165,0,107,151,180,195,186,131,197,154,155,198,148,196,206,159,205,153,199,208,158,179,133,147,172,166,168,219,220,161,202,223,169,217,216,224,214,215,197,206,187,193,192,194,165,179,217,231,211,213,157,219,206,222,227,203,230,233,175,233,202,124,229,195,235,165,227,180,236,235,235,218,235,197,119,223,186,199,192,218,186,123,200,236,186,161,117,231,194,201,197,219,135,226,139,209,227,209,149,217,215,212,132,187,235,214,235,230,235,231,230,233,198,231,236,235,234,197,230,233,181,231,225,231,204,163,187,200,215,201,210,217,154,211,221,207,214,150,218,174,204,175,214,213,202,206,147,207,211,194,203,158,179,204,200,204,165,187,191,195,160,196,180,173,185,173,190,189,177,188,188,160,174,187,184,186,184,183,182,143,180,166,170,172,175,174,172,169,159,169,135,168,166,156,163,163,161,159,160,155,158,155,152,151,156,156,145,138,151,124,150,142,148,146,138,143,146,142,142,139,137,137,104,136,131,132,132,132,131,129,112,124,128,126,122,121,123,121,105,118,116,114,114,112,109,110,108,107,105,106,99,102,102,100,98,97,96,94,93,90,89,72,86,85,82,83,82,78,77,78,76,74,73,71,53,53,68,64,64,63,62,60,58,57,55,51,52,48,49,47,43,44,42,40,37,37,36,24,0,32,30,29,29,27,25,23,21,19,17,17,16,15,12,12,10,8,6,4,2,0,0,0,0,0,0,0,2,4,6,8,10,12,14,16,18,20,20,23,24,26,28,30,32,34,36,37,39,38,40,43,45,46,47,50,52,52,55,56,57,60,62,63,64,67,69,71,72,73,76,77,79,79,81,83,85,86,87,89,88,88,91,92,94,95,94,97,99,98,102,100,80,104,103,106,106,109,110,101,111,112,114,117,113,116,116,118,120,123,123,125,128,130,130,129,115,134,135,135,137,138,138,115,141,139,86,142,143,145,148,149,151,151,153,155,148,156,148,161,162,164,161,160,163,165,162,165,169,164,170,171,146,174,172,171,177,155,173,177,181,178,183,162,183,140,166,130,182,188,169,189,162,190,192,192,194,191,193,196,194,190,194,181,186,147,190,158,192,193,195,186,192,194,165,181,150,186,134,190,195,190,177,166,176,158,189,135,196,138,179,170,177,192,164,155,154,193,183,180,198,146,165,150,193,197,194,172,184,199,196,191,166,173
222,222,207,176,228,227,218,229,167,190,172,223,222,176,148,184,185,178,201,190,143,184,212,226,216,160,225,182,182,223,172,220,228,181,226,174,218,225,175,195,148,161,185,178,180,229,228,172,210,229,176,222,221,226,216,215,197,205,186,192,189,191,161,174,211,223,203,204,148,208,194,211,215,190,216,219,158,217,186,107,210,176,215,145,205,159,212,211,209,192,207,168,91,193,156,168,159,184,152,89,163,200,147,124,79,191,154,160,155,175,92,181,93,162,180,160,101,167,164,161,80,134,182,158,179,172,178,173,170,172,136,167,171,169,168,130,162,165,111,162,156,161,132,91,115,127,143,0,138,147,2,142,154,141,149,87,155,110,143,112,154,155,145,150,91,153,158,143,153,108,130,157,154,159,119,144,148,154,118,156,141,135,148,136,155,155,145,156,158,129,144,160,157,160,158,158,158,119,158,144,147,151,152,152,151,147,137,147,112,146,144,136,141,140,138,136,137,132,135,132,130,128,133,133,121,113,129,0,128,122,129,127,120,127,130,128,129,129,127,128,97,129,127,127,129,129,130,129,112,124,127,126,122,121,123,121,105,118,116,115,114,114,110,112,110,109,107,108,102,104,104,102,100,99,98,96,95,92,91,75,88,87,84,85,84,81,80,81,79,77,76,75,57,57,72,68,68,67,66,64,62,61,59,55,56,52,53,51,47,48,46,44,41,41,40,34,34,36,34,32,31,29,27,25,23,21,19,19,18,17,13,14,12,10,8,6,4,2,0,0,0,0,0,0,0,2,4,6,8,10,12,14,16,18,20,22,23,25,27,29,31,33,35,36,38,37,39,42,44,45,45,48,50,50,53,54,55,58,60,61,62,65,67,69,70,71,74,75,77,77,79,81,83,83,84,86,85,85,88,89,91,92,92,94,96,95,99,96,77,100,99,102,103,105,106,97,106,108,109,112,107,111,111,112,115,117,117,119,121,123,122,122,108,128,127,127,129,129,130,107,134,132,78,135,135,137,140,141,142,143,145,147,139,148,140,152,153,154,153,151,153,157,152,157,160,154,160,162,137,165,164,160,168,145,163,168,173,170,175,153,174,133,157,122,172,180,159,180,154,179,183,183,185,181,184,187,188,183,190,177,181,146,188,157,192,193,197,188,193,199,168,185,157,191,142,197,204,198,189,177,188,171,201,149,210,156,196,187,195,209,183,176,174,214,205,204,221,171,193,177,219,225,222,202,215,230,228,223,200,206
223,223,209,176,228,228,219,230,167,191,173,224,223,177,149,185,186,178,202,190,144,186,214,227,218,161,226,184,184,224,172,221,229,183,227,175,220,226,177,195,148,162,186,179,180,230,229,173,212,230,176,222,221,227,217,216,198,206,186,193,190,192,162,175,213,223,204,206,148,209,195,211,215,191,217,220,158,218,187,107,211,176,216,144,206,159,213,212,210,192,208,168,91,193,156,168,159,184,152,88,162,199,147,123,78,191,153,160,154,174,91,181,92,161,180,159,100,166,163,160,80,133,182,157,179,172,178,171,169,172,136,167,171,169,168,129,161,165,110,162,155,161,131,89,114,126,143,121,137,147,0,142,154,141,149,86,155,109,142,112,154,155,145,150,90,153,158,143,153,107,129,157,153,159,118,143,148,153,117,156,140,135,148,135,155,155,145,156,158,128,143,159,156,160,158,158,159,118,159,146,148,154,156,157,157,153,144,155,121,156,155,147,154,154,154,153,155,151,155,153,151,148,154,153,142,134,149,121,147,140,145,144,136,142,144,140,140,139,135,136,104,134,131,132,132,132,132,129,113,125,128,127,123,120,124,122,106,119,117,115,115,113,109,112,110,109,107,108,101,104,104,102,100,99,98,96,95,92,91,75,88,87,84,85,84,80,79,80,78,76,75,74,57,57,71,67,67,66,65,63,61,60,58,54,55,51,52,50,46,47,45,43,40,40,39,33,33,35,33,31,30,28,26,24,22,20,18,18,17,16,0,13,12,10,9,7,6,4,2,0,0,0,0,0,0,0,2,4,6,8,10,12,14,16,18,20,21,23,25,27,29,31,33,34,36,35,37,40,42,43,45,47,49,49,52,53,54,57,59,60,61,64,66,68,69,71,73,74,76,76,78,80,82,82,83,85,84,84,87,88,90,91,91,93,95,94,98,96,76,99,98,101,102,104,105,96,105,107,109,111,107,110,110,112,114,116,116,119,120,122,123,121,107,127,127,127,129,129,130,107,134,132,78,135,136,138,140,141,142,143,145,147,140,148,141,152,153,154,153,152,154,157,153,157,160,155,160,162,138,165,164,161,168,146,164,168,173,170,175,153,174,134,157,123,173,180,159,180,155,180,183,183,185,182,185,188,188,184,190,177,182,147,188,158,192,193,197,189,194,199,169,186,157,192,143,198,204,199,190,177,189,171,202,149,211,157,197,189,195,210,183,177,174,215,206,205,222,171,194,177,220,226,223,202,217,230,228,224,202,207
238,237,226,192,245,247,237,249,188,212,196,246,246,202,175,209,213,204,228,218,174,217,245,257,251,194,259,220,220,259,209,257,266,223,265,217,261,267,221,239,192,206,231,226,227,277,277,223,263,280,227,275,274,281,271,272,254,262,245,253,251,251,222,236,276,287,267,271,214,274,263,277,282,259,285,288,225,286,256,176,279,244,284,212,275,228,282,281,279,262,278,236,162,262,227,240,232,253,222,161,233,273,219,196,152,264,227,234,229,246,166,255,167,235,254,233,175,240,237,233,156,207,258,232,256,250,255,247,247,251,215,246,251,249,249,210,243,248,192,245,236,245,213,173,199,210,229,214,219,231,164,223,234,219,226,162,231,182,216,184,225,225,212,217,154,218,221,205,213,164,187,215,209,215,171,197,201,204,166,206,186,183,195,180,200,199,186,197,197,165,178,196,191,195,192,191,190,147,188,174,175,181,183,182,181,177,166,177,140,176,173,163,170,170,167,166,167,162,165,162,159,156,162,161,148,140,157,130,155,148,153,152,143,150,151,147,148,146,142,143,110,141,137,137,138,138,137,135,118,129,134,132,128,126,128,127,111,124,121,120,120,118,114,116,114,113,111,112,105,108,108,106,104,103,102,100,99,96,95,79,91,91,88,89,88,84,83,84,82,80,79,78,61,61,75,71,71,70,69,67,65,64,62,58,59,55,56,54,50,51,49,47,44,44,43,37,37,39,37,35,34,32,30,28,26,24,22,22,21,20,16,17,15,13,11,9,8,6,4,2,0,0,0,0,0,0,0,2,4,6,8,10,12,14,16,18,19,21,23,25,27,29,31,32,34,33,35,38,40,41,43,45,47,47,50,51,52,55,57,58,59,62,64,66,67,69,70,71,72,0,74,76,78,79,80,82,81,82,85,86,88,89,89,91,93,92,96,95,65,98,97,100,101,102,103,0,103,105,107,109,106,109,109,111,113,116,116,119,121,123,124,122,108,128,128,128,130,131,131,108,136,133,80,137,138,140,142,143,145,145,147,149,144,150,145,155,156,158,156,156,158,161,158,162,165,160,166,167,146,170,169,167,173,151,169,173,178,175,180,158,180,141,163,131,179,186,166,187,163,188,190,191,193,189,192,196,196,192,198,185,191,157,196,169,200,201,205,197,202,207,177,194,165,202,154,207,213,209,200,186,200,180,213,159,221,169,209,200,206,222,193,190,185,226,218,216,234,182,207,188,231,237,235,213,229,242,241,236,215,221
238,238,227,193,245,247,238,249,188,214,198,247,247,204,177,210,215,205,229,219,176,218,246,258,252,194,260,221,221,260,209,258,267,224,266,219,262,268,222,239,193,207,232,226,227,278,278,225,264,281,227,276,275,282,272,273,255,263,245,254,252,252,223,237,277,288,268,272,214,275,263,277,282,259,285,288,225,286,256,177,279,243,284,211,275,228,282,281,279,262,278,236,163,262,227,240,232,253,222,162,233,273,218,197,153,265,227,234,229,246,167,255,168,234,254,232,176,239,236,233,157,206,258,232,256,250,255,247,247,251,215,246,251,249,249,210,243,248,191,245,236,245,213,172,199,209,229,214,219,231,163,223,234,220,226,162,231,181,216,182,225,225,212,217,154,218,221,205,213,164,186,215,209,215,171,197,201,204,166,206,186,183,195,179,200,199,187,197,197,165,178,196,191,195,192,191,190,147,188,174,175,181,183,182,181,177,166,177,0,176,174,164,171,171,168,167,168,163,166,163,160,157,163,162,149,141,158,131,156,149,154,153,144,151,152,148,149,147,143,144,111,142,138,139,139,139,138,136,119,130,135,133,129,127,129,128,112,125,123,121,121,119,115,117,115,114,112,113,106,109,109,107,105,104,103,101,100,98,97,81,93,93,90,91,90,86,85,86,84,82,81,80,63,63,77,73,73,72,71,69,67,66,64,60,61,57,58,56,52,53,51,49,46,46,45,39,39,41,39,37,36,34,32,30,28,26,24,24,23,22,18,19,17,15,13,11,10,8,6,4,2,0,0,0,0,0,0,0,2,4,6,8,10,12,14,16,17,19,21,23,25,27,29,30,32,31,33,36,38,40,42,44,46,46,49,50,51,54,56,57,58,61,63,65,65,67,69,70,72,72,74,76,78,79,80,82,81,82,85,86,88,89,89,91,93,91,95,94,0,97,96,99,100,102,103,94,104,105,108,110,107,110,110,112,114,117,117,120,122,124,125,123,109,129,129,129,131,132,132,110,137,134,80,138,139,141,143,144,146,146,148,150,144,151,146,156,157,159,157,156,159,162,159,163,166,161,167,168,147,171,170,167,174,152,170,174,179,176,181,159,181,143,164,133,180,187,167,188,165,189,191,192,194,190,192,197,197,193,199,186,192,159,197,170,201,202,206,198,203,208,178,195,165,202,156,207,214,209,202,187,202,181,213,160,222,171,211,201,207,222,194,192,185,227,219,217,235,183,208,189,232,238,235,214,230,242,241,237,215,222
220,220,210,174,227,229,219,231,169,196,181,229,229,187,160,192,197,186,210,200,159,201,229,240,235,176,242,204,204,242,191,240,249,207,249,201,245,250,205,221,174,188,213,208,209,260,261,208,247,263,208,257,256,264,254,255,237,245,227,237,236,234,204,219,260,270,251,255,196,258,249,262,267,247,273,275,214,276,246,169,271,234,278,203,270,224,278,277,275,258,274,231,159,257,223,236,228,248,216,158,228,268,214,193,149,260,223,230,225,241,163,251,164,229,250,227,172,234,231,228,153,201,254,227,252,246,251,241,243,247,211,243,248,246,246,207,240,245,187,241,231,242,209,168,196,205,226,211,215,228,161,220,231,216,224,160,228,178,213,179,223,223,210,215,151,216,219,203,211,160,183,213,207,213,168,195,199,202,163,203,182,180,192,176,197,197,184,195,195,162,175,194,189,193,190,189,188,144,186,171,172,179,181,180,179,175,164,175,138,174,171,161,168,168,165,164,165,160,163,160,157,155,160,160,145,138,155,128,154,146,152,151,142,149,151,147,147,146,142,143,111,142,138,138,139,139,138,136,120,131,135,133,130,128,130,129,113,126,124,122,122,120,116,118,117,116,114,115,108,111,111,109,107,106,105,103,102,100,99,83,95,95,92,93,92,88,87,88,86,84,83,82,65,65,79,75,75,74,73,71,69,68,66,62,63,59,60,58,54,55,53,51,48,48,47,41,41,43,41,39,38,36,34,32,30,28,26,26,25,24,20,21,19,17,15,13,12,10,8,6,4,2,0,0,0,0,0,0,0,2,4,6,8,10,12,14,15,17,19,21,23,25,26,27,28,0,29,32,34,36,38,40,42,42,45,47,48,51,53,54,55,58,60,62,63,65,67,68,70,70,72,74,76,77,78,80,79,80,83,84,86,87,87,89,91,90,94,93,73,96,95,98,99,100,101,92,102,103,106,108,105,108,108,110,111,113,112,114,114,115,114,112,97,116,115,113,114,113,112,0,114,111,13,115,117,119,121,122,124,124,126,128,123,129,124,134,135,137,135,135,138,140,137,141,144,141,145,147,127,150,149,147,153,131,149,153,158,155,160,138,160,123,143,113,160,166,146,167,145,168,170,171,173,169,173,177,177,175,180,166,174,140,177,152,181,182,186,179,184,188,159,176,145,183,138,189,194,190,183,167,183,161,194,140,202,153,192,183,187,203,174,173,165,208,199,197,215,163,190,170,214,219,217,195,212,224,223,218,197,203
234,233,224,188,241,243,233,245,182,211,195,242,241,202,175,205,212,200,224,214,174,215,243,253,248,190,254,217,218,254,204,253,261,220,261,214,258,262,218,233,187,201,225,221,222,272,272,221,260,275,220,270,269,275,265,264,246,254,235,245,243,239,210,224,264,273,253,257,196,258,248,260,265,244,270,272,208,271,241,163,264,227,269,192,260,213,267,266,264,247,262,219,148,244,212,224,216,236,204,147,215,257,201,181,138,247,211,217,212,228,151,238,152,215,237,213,159,220,217,214,141,188,241,213,239,233,238,228,230,234,198,230,234,233,232,193,226,231,173,228,217,228,194,154,182,190,212,197,200,214,147,206,218,202,210,146,214,163,199,0,209,209,196,201,136,202,205,189,197,147,168,199,194,199,153,181,185,189,148,190,168,167,179,161,185,183,170,181,181,146,160,179,175,178,175,174,173,128,171,156,155,163,165,164,163,159,148,159,111,158,155,145,152,152,149,148,149,144,147,144,141,139,144,143,128,120,139,112,137,130,135,134,125,132,133,129,129,127,123,124,91,122,118,117,118,118,117,0,98,109,115,114,112,111,115,115,100,114,113,112,114,114,112,115,115,115,114,115,109,112,112,110,108,107,105,104,103,101,100,84,96,96,93,94,93,89,88,89,87,85,84,83,67,67,80,76,77,76,75,73,71,70,68,64,65,61,62,60,56,57,55,53,50,50,49,43,43,45,43,41,40,38,36,34,32,30,28,28,27,26,22,23,21,19,17,15,14,12,10,8,6,4,2,0,0,0,0,0,0,0,2,4,6,8,10,12,14,16,18,20,22,24,26,27,29,28,30,33,35,37,39,41,43,43,46,48,49,52,54,55,56,59,61,63,64,66,68,69,71,71,74,76,78,79,80,82,81,82,85,86,88,89,89,90,93,92,96,94,75,98,97,100,101,103,104,96,105,106,109,111,107,111,111,112,115,118,118,120,123,125,125,124,110,129,128,129,131,132,132,111,137,133,79,137,138,141,143,144,145,145,147,149,144,150,145,154,156,157,156,155,157,159,156,161,163,158,165,165,147,168,168,165,171,149,167,171,176,173,178,156,178,142,160,132,176,183,163,184,163,184,187,187,189,186,189,192,192,188,194,181,186,156,192,167,196,197,201,193,198,203,173,190,160,198,154,203,209,205,199,182,199,176,209,155,217,169,208,198,202,218,189,189,180,222,214,212,230,178,206,184,227,233,231,209,227,238,237,232,211,217
216,216,207,170,223,225,215,227,164,194,178,225,225,184,157,188,195,182,206,196,156,198,225,236,231,171,237,200,200,237,186,235,244,203,244,198,241,245,201,215,169,183,207,202,202,252,252,200,238,254,196,247,245,250,240,239,221,229,209,220,217,214,184,198,239,248,227,231,168,232,222,234,239,218,245,246,182,245,214,137,238,199,243,0,233,174,242,242,241,225,242,198,129,225,193,207,199,220,189,133,202,244,188,172,128,239,203,210,205,222,146,233,149,212,234,212,159,220,218,215,144,190,244,217,244,239,244,235,238,242,207,240,245,244,245,207,240,246,188,244,233,244,211,169,200,207,228,214,217,230,165,223,234,220,227,164,231,180,216,181,227,226,214,219,154,220,223,208,215,165,186,218,212,217,173,200,205,208,168,210,188,187,199,181,203,202,191,201,201,167,180,200,195,200,197,196,195,150,193,178,177,186,188,187,186,182,170,182,145,181,178,168,175,175,172,170,172,166,170,167,164,161,167,167,150,143,162,135,161,153,159,158,149,156,157,153,154,152,148,149,116,147,143,143,144,144,143,141,124,135,140,138,134,132,134,133,117,130,128,126,126,124,120,122,120,119,117,118,111,114,114,112,110,109,108,106,105,103,102,86,98,98,95,96,95,91,90,91,89,87,86,85,68,69,82,78,79,78,77,75,73,72,70,66,67,63,64,62,58,59,57,55,52,52,51,45,45,47,45,43,42,40,38,36,34,32,30,30,29,28,24,25,23,21,19,17,16,14,12,10,8,6,4,2,0,0,0,0,0,0,0,2,4,6,8,10,12,14,16,18,20,22,24,25,27,27,28,31,33,35,37,39,41,41,44,46,47,50,52,53,54,57,59,61,62,64,66,67,69,70,72,74,76,77,78,80,79,80,83,84,86,87,87,89,91,90,94,93,75,96,95,98,99,101,102,96,103,104,107,109,106,109,109,111,113,116,116,119,121,123,124,122,108,127,128,128,130,131,131,112,136,133,78,136,138,140,142,143,144,144,146,148,143,149,145,154,155,157,156,155,158,160,157,162,164,160,166,166,149,169,169,166,172,151,169,172,177,175,179,157,179,144,162,134,179,185,165,186,166,188,189,190,191,189,191,195,195,192,197,184,191,160,195,172,199,199,203,195,199,201,172,188,156,194,149,197,202,197,191,172,189,164,196,141,202,154,192,181,183,198,168,169,0,202,195,193,209,158,186,163,209,214,212,190,209,219,218,214,192,198
224,224,214,178,231,233,223,235,172,202,187,233,233,194,167,196,204,190,214,204,166,207,235,244,241,180,246,210,210,246,195,244,253,213,253,207,251,254,211,225,178,192,217,212,213,264,265,214,252,267,212,261,260,268,258,259,241,249,231,243,242,238,208,223,266,274,255,261,199,262,255,266,271,253,279,279,218,282,252,176,277,238,282,205,273,226,280,279,277,260,276,231,162,257,225,238,230,248,216,161,228,270,214,196,152,262,225,232,227,241,166,253,167,230,252,227,175,234,231,228,157,201,256,227,254,248,253,241,245,249,213,245,250,248,248,209,242,247,187,243,231,244,209,168,198,204,228,211,214,230,164,222,233,218,226,163,230,178,215,180,225,225,212,217,150,218,221,205,213,160,182,215,209,214,168,197,201,204,163,205,182,182,194,175,199,199,186,197,197,161,174,196,191,195,192,191,190,144,188,173,171,181,183,182,181,177,166,177,140,176,173,163,170,170,167,166,167,162,165,162,159,157,162,162,144,137,157,130,156,148,154,153,144,151,153,149,149,148,144,145,113,144,140,140,141,141,140,138,122,133,137,135,132,130,132,131,115,128,126,124,124,122,118,0,119,118,116,118,111,114,114,112,110,109,108,106,105,103,102,86,98,98,95,96,95,91,90,91,89,87,86,85,68,69,82,78,79,78,77,75,73,72,70,67,68,64,65,63,59,60,58,56,53,53,52,46,46,48,46,45,44,42,40,38,36,34,32,32,31,30,26,27,25,23,21,19,18,16,14,12,10,8,6,4,2,0,0,0,0,0,0,0,2,4,6,8,10,12,14,16,18,20,22,23,25,25,26,29,31,33,35,37,39,39,42,44,45,48,50,51,52,55,57,59,60,62,64,65,67,68,70,72,74,75,76,78,77,78,81,82,84,85,85,87,89,88,92,91,74,94,93,96,97,99,100,95,101,102,105,107,104,107,107,109,111,114,114,117,117,118,117,115,100,119,118,116,117,116,115,95,118,114,0,119,121,123,125,126,128,128,130,132,127,133,128,138,139,141,139,139,141,144,141,145,148,145,149,151,134,154,153,151,157,135,153,157,162,159,164,142,164,130,147,120,164,170,150,171,151,172,174,175,177,173,177,181,181,179,184,170,178,147,181,158,185,186,190,183,188,192,163,180,149,187,145,192,198,194,189,171,189,165,198,144,206,160,198,189,191,207,178,179,169,212,203,201,219,166,196,173,218,223,221,199,218,228,227,222,201,207
156,157,148,111,165,167,158,170,107,139,124,169,169,130,103,133,142,127,151,141,103,146,174,182,180,118,184,149,150,185,135,184,193,155,193,148,193,194,153,165,118,133,157,153,154,205,206,156,194,209,152,204,203,210,200,201,183,191,173,186,185,180,150,166,210,218,197,205,139,205,198,208,214,196,223,223,161,226,196,121,222,181,228,149,220,174,229,228,228,211,228,183,116,210,180,193,186,204,173,120,186,229,172,158,114,224,188,195,191,205,132,219,135,195,220,195,145,203,201,198,130,174,229,200,229,224,229,218,223,227,192,225,230,229,230,192,225,231,171,230,218,231,197,156,189,195,219,203,206,221,157,214,225,210,218,156,222,170,207,172,218,217,205,209,142,211,213,199,206,153,176,209,202,207,161,190,196,198,156,200,177,178,189,169,194,192,180,192,192,156,170,191,187,191,189,188,187,139,185,169,167,178,180,179,178,175,162,175,138,174,170,160,168,169,166,163,166,160,164,161,157,155,162,161,143,136,157,130,155,148,154,153,144,150,152,149,149,146,143,146,113,144,140,140,141,141,140,138,121,133,137,135,132,130,132,130,115,128,126,122,124,123,119,121,119,118,116,117,110,113,114,112,110,109,108,106,105,103,103,87,99,99,96,97,96,92,92,92,91,89,88,87,70,71,84,80,81,80,79,77,75,74,72,69,70,66,67,65,61,62,60,58,55,55,54,48,48,50,48,47,46,44,42,40,38,36,34,34,33,32,28,29,27,25,23,21,20,18,16,14,12,10,8,6,4,2,0,0,0,0,0,0,0,2,4,6,8,10,12,14,16,18,20,21,23,24,24,27,29,31,33,35,37,37,40,42,43,46,48,49,50,53,55,57,58,60,62,63,65,66,68,70,72,74,75,76,75,76,79,80,82,82,83,84,86,85,89,88,72,91,90,93,94,96,96,93,97,99,101,103,100,103,103,105,106,109,109,112,114,116,117,115,101,120,121,119,122,123,122,105,127,124,69,126,129,132,133,134,135,135,137,139,133,140,135,144,145,147,146,145,148,150,146,151,152,147,151,150,134,152,151,147,153,131,148,151,154,152,155,132,153,119,134,108,149,153,133,152,134,153,153,153,153,151,151,154,152,149,152,138,144,114,147,124,149,150,152,145,149,152,121,138,106,143,100,148,151,147,141,120,139,112,144,88,150,104,142,131,130,145,115,116,40,145,136,132,147,0,124,0,145,151,149,128,149,158,157,154,133,138
234,234,225,188,241,243,233,245,182,214,199,243,243,206,178,206,216,200,224,215,177,218,246,254,252,190,256,221,221,256,205,254,263,224,262,219,262,264,223,235,188,202,227,222,223,274,274,226,263,277,222,272,271,278,268,269,251,259,241,254,252,248,218,233,277,284,264,272,208,271,265,275,280,262,288,288,224,289,259,183,282,242,287,211,278,231,285,284,282,265,281,235,169,261,231,244,236,252,221,168,232,275,218,202,159,268,231,238,233,245,173,258,174,234,257,232,182,238,236,232,164,205,261,231,260,254,259,246,250,254,219,250,256,253,254,214,247,253,190,249,236,250,213,171,204,208,234,215,218,235,171,227,239,224,232,170,236,181,220,186,231,231,217,223,153,224,227,211,218,164,187,221,214,218,171,202,207,209,166,211,187,188,200,179,204,205,192,203,203,165,178,201,196,201,198,197,196,147,194,179,175,187,189,188,187,183,171,183,147,182,179,169,176,176,173,172,173,168,171,168,165,161,168,167,148,140,162,136,161,153,160,158,149,157,157,154,155,153,149,150,117,148,144,144,145,145,144,142,125,135,141,139,135,133,135,134,118,131,129,127,127,125,121,123,121,120,118,119,112,115,115,113,111,110,109,107,106,104,103,87,99,99,96,97,96,92,91,92,90,88,87,86,0,70,83,79,81,80,79,77,75,74,72,69,70,66,67,65,61,62,60,58,55,55,54,48,48,50,48,47,46,45,43,41,39,37,35,35,34,33,29,30,28,26,24,22,21,19,17,14,14,12,10,8,6,4,2,0,0,0,0,0,0,0,2,4,6,8,10,12,14,16,18,19,21,22,22,25,27,29,31,33,35,35,38,40,41,44,46,47,48,51,53,55,56,58,60,61,63,64,66,68,70,72,73,75,74,75,78,79,81,82,82,84,86,85,89,88,73,91,90,93,94,96,97,94,98,99,102,104,101,104,104,106,108,111,111,114,116,118,119,117,103,123,123,0,124,125,125,109,130,127,72,131,133,136,137,138,140,140,142,144,139,145,140,150,151,153,151,151,153,156,153,157,160,156,162,162,148,165,164,162,168,146,165,168,173,170,175,153,175,143,158,133,175,181,161,182,164,184,185,186,188,184,187,191,191,189,194,180,188,158,191,170,195,196,200,193,199,202,173,190,159,197,157,202,208,204,201,181,201,175,208,154,216,172,210,200,201,217,188,191,181,222,214,212,229,177,207,184,228,233,231,209,229,238,237,232,211,217
231,231,221,184,237,240,229,242,178,211,196,240,239,203,176,202,212,194,219,208,171,212,237,245,241,178,244,209,209,242,189,239,246,208,245,200,242,244,202,212,165,178,202,197,197,248,248,199,234,250,192,242,240,246,236,235,217,225,205,219,216,210,178,192,238,242,222,229,0,229,222,233,238,220,247,246,183,249,220,145,246,204,253,176,245,199,254,253,253,236,253,207,141,234,205,218,211,228,196,145,210,254,196,183,140,249,213,220,216,229,157,242,160,219,245,219,170,226,225,222,156,197,254,224,254,249,254,241,248,252,217,249,254,253,252,214,247,251,188,248,234,249,212,169,205,206,233,214,216,235,172,227,239,224,231,170,236,180,221,186,231,230,218,222,152,223,226,212,216,164,186,221,215,218,170,203,208,210,165,212,186,189,201,178,205,205,192,203,203,164,178,202,197,202,199,198,197,146,195,179,175,188,190,189,188,184,172,184,148,183,180,169,177,177,174,172,174,168,172,169,166,162,169,168,148,139,163,137,162,154,161,159,150,157,157,155,156,153,149,152,119,150,146,146,147,147,146,144,128,137,143,141,138,136,138,137,121,134,132,130,130,128,124,126,125,124,122,123,116,119,119,117,115,114,113,111,110,108,107,91,103,103,100,101,100,96,95,96,94,92,91,90,73,74,87,83,84,83,82,80,78,77,75,72,73,69,70,68,64,65,63,61,58,58,57,51,51,53,51,50,49,48,46,44,42,40,38,38,37,36,32,33,31,29,27,25,24,22,20,17,16,14,12,10,8,6,4,2,0,0,0,0,0,0,0,2,4,6,8,10,12,14,16,17,19,20,20,23,25,27,29,31,33,33,36,38,39,42,44,45,45,48,50,52,53,55,57,58,60,61,63,65,67,69,71,73,72,73,76,76,79,80,80,82,84,83,87,86,72,89,88,91,92,93,94,92,0,96,98,100,97,100,99,102,104,107,107,110,112,114,115,113,99,118,119,119,120,122,122,107,126,124,70,127,130,132,133,134,136,136,138,140,135,141,137,146,147,149,148,148,150,152,149,154,156,154,158,160,145,163,162,159,166,144,162,166,171,168,173,150,173,141,156,132,173,178,159,179,163,181,182,183,185,182,184,188,188,187,191,177,186,157,188,168,192,193,197,191,196,200,170,187,157,195,155,200,205,202,199,178,199,173,206,151,212,171,207,199,197,215,185,188,179,219,210,208,224,173,205,178,225,230,228,205,227,234,232,229,208,213
205,205,194,157,210,210,200,212,147,181,165,206,205,170,142,167,177,159,183,172,137,176,202,209,205,143,208,174,174,206,154,203,211,173,209,165,207,208,168,177,129,143,167,161,162,212,211,165,198,212,156,205,204,209,199,198,180,188,168,183,180,174,143,157,202,206,186,195,128,191,185,193,197,181,205,204,140,205,177,101,200,158,205,129,195,149,202,201,199,182,197,150,85,175,147,160,151,166,134,82,144,189,128,116,73,180,144,151,145,156,84,168,86,142,168,140,93,147,144,141,74,114,171,138,168,162,167,153,158,161,126,156,161,158,158,118,150,155,90,151,135,150,111,67,103,0,132,110,116,136,73,130,143,129,139,78,145,88,131,98,144,145,133,140,68,142,147,133,139,87,108,147,142,144,97,132,138,142,96,146,121,125,138,114,144,145,133,146,148,107,123,148,145,150,149,148,149,97,149,134,128,144,146,147,147,143,133,146,112,147,146,136,146,145,144,143,146,141,146,144,141,140,147,148,127,120,146,120,146,139,145,145,137,145,144,144,145,145,141,144,114,144,142,140,143,142,141,140,124,132,139,136,134,131,133,132,117,130,127,126,126,123,119,123,122,120,119,120,112,116,116,114,113,111,111,109,108,107,106,90,102,102,99,100,99,95,95,96,94,92,91,90,73,74,87,83,85,83,83,81,79,78,76,73,74,70,71,69,65,66,64,63,60,60,59,53,53,55,53,52,51,50,48,46,44,42,40,40,39,38,34,35,33,31,29,27,26,24,22,19,18,16,14,12,10,8,6,4,2,0,0,0,0,0,0,0,2,4,6,8,10,12,14,15,17,18,18,21,23,25,27,29,31,31,34,36,37,40,42,43,44,46,48,50,52,53,55,56,58,59,61,63,65,66,67,69,68,69,72,73,75,76,76,78,80,79,83,81,69,84,83,86,87,89,90,89,90,92,94,96,92,96,96,98,100,102,102,105,106,107,108,107,92,112,112,112,113,113,112,96,115,112,0,114,117,119,120,121,123,123,125,127,121,128,123,132,133,135,134,133,137,138,135,140,142,138,143,144,131,147,147,144,150,129,147,150,155,153,157,135,156,127,139,116,156,162,141,162,146,163,165,165,167,165,167,170,170,167,172,159,165,139,170,149,174,175,179,172,177,182,151,168,138,175,137,182,186,183,181,160,180,153,185,130,193,151,188,179,177,193,165,169,159,198,190,188,204,154,185,162,203,209,206,184,207,213,210,206,184,188
210,210,201,163,217,219,209,221,157,192,177,219,218,184,157,181,194,175,200,191,156,196,222,230,227,164,231,198,198,231,180,229,238,201,237,196,237,238,200,209,162,176,201,196,198,248,248,202,236,250,192,243,242,247,237,237,218,226,207,221,219,212,180,196,240,245,225,233,169,230,224,232,237,220,245,244,180,245,217,142,240,198,245,169,236,189,243,242,240,223,238,191,127,216,189,201,193,208,176,126,187,232,171,159,117,223,187,193,188,199,129,211,130,186,212,184,137,190,188,185,120,158,217,184,215,209,214,199,206,209,174,205,210,208,208,169,202,207,141,204,188,204,165,121,159,160,188,166,170,189,126,181,193,177,184,122,188,128,172,138,183,182,168,173,99,174,176,162,165,111,0,173,167,169,123,158,165,168,122,172,146,152,164,140,170,171,160,173,175,134,150,175,172,177,177,177,178,125,178,162,156,173,175,176,175,173,161,174,140,175,173,163,173,173,172,171,174,169,174,171,167,164,171,171,148,140,166,139,164,156,163,162,152,159,158,158,158,156,152,154,123,152,148,147,150,150,149,147,131,138,146,144,141,139,141,140,125,137,135,133,134,131,127,130,129,128,126,127,119,123,123,121,119,118,117,115,114,112,111,95,107,107,104,105,104,100,99,100,97,96,95,94,77,78,91,87,88,87,86,84,82,81,79,76,77,73,74,72,68,69,67,65,62,62,61,55,55,57,55,54,53,52,50,48,46,44,42,42,41,40,36,37,35,33,31,29,28,26,24,21,20,18,16,14,12,10,8,6,4,2,0,0,0,0,0,0,0,2,4,6,8,10,12,13,15,16,16,19,21,23,25,27,29,29,32,34,34,37,39,40,42,44,46,48,50,52,54,55,57,58,60,62,64,66,68,70,69,70,73,74,76,77,78,80,82,81,85,84,72,87,86,89,90,92,93,93,94,95,98,100,97,100,100,102,104,107,107,110,112,114,115,113,99,118,119,119,120,122,122,109,127,124,72,127,130,132,133,134,136,136,138,140,134,141,137,146,147,149,148,148,150,152,150,154,157,154,158,160,147,163,162,159,166,144,162,166,171,168,173,150,173,143,155,134,172,177,158,178,164,179,181,181,183,181,184,187,186,184,188,174,181,155,183,164,186,186,190,183,186,190,160,175,145,182,143,186,189,185,184,0,182,153,185,130,193,153,189,180,177,194,165,170,160,199,191,189,206,156,187,163,204,210,207,184,208,214,213,209,187,193
175,174,162,123,177,178,165,179,112,147,133,173,171,136,109,132,143,125,149,0,106,147,172,180,177,114,182,151,151,183,132,182,191,156,192,150,191,194,155,164,117,131,156,151,153,205,206,159,193,209,153,203,202,210,200,201,183,192,173,190,189,181,150,166,212,217,198,209,143,206,202,209,215,200,224,223,161,226,200,127,225,182,230,155,224,178,232,230,231,214,231,183,121,210,183,196,189,204,172,125,186,232,171,161,120,227,191,198,194,205,137,217,139,192,220,191,145,197,195,192,128,166,224,191,223,216,221,206,213,217,182,213,218,217,216,178,211,215,150,212,196,212,174,130,168,168,197,175,178,199,135,190,202,186,194,133,198,140,183,150,194,193,181,185,112,186,188,175,177,123,145,185,179,0,133,169,176,179,132,183,156,162,174,149,181,180,168,181,182,140,156,183,179,183,183,183,183,130,183,168,161,179,181,181,181,178,167,180,145,180,178,167,175,175,173,170,173,167,171,168,165,162,169,168,145,137,164,138,163,155,161,160,151,158,155,156,156,153,150,153,122,151,147,146,149,148,147,145,130,135,145,142,140,138,139,138,124,136,134,132,132,129,126,130,129,128,126,127,119,123,122,121,119,118,117,115,114,112,112,96,108,108,105,106,105,101,100,101,98,97,96,95,78,79,92,88,89,88,87,85,83,82,80,77,78,74,75,73,69,70,68,66,63,63,62,56,56,58,56,55,54,53,51,49,47,45,43,43,42,41,37,38,36,34,32,30,29,27,25,22,20,20,18,16,14,12,10,8,6,4,2,0,0,0,0,0,0,0,2,4,6,8,10,11,13,14,14,17,19,21,23,25,27,27,30,32,34,36,38,39,41,43,45,47,49,51,53,54,56,57,59,61,63,65,67,69,68,69,72,73,75,76,77,79,81,80,84,84,73,86,85,88,89,91,92,93,94,94,97,99,97,99,99,101,102,105,105,108,110,112,113,111,97,117,117,118,119,120,120,108,124,123,71,125,128,130,131,132,134,134,136,138,133,139,135,144,145,147,146,145,148,150,147,152,154,152,156,157,146,159,160,156,163,142,160,163,167,166,169,147,169,141,151,132,169,173,154,174,160,176,177,177,178,176,177,179,178,176,178,165,172,145,174,155,176,177,179,173,177,180,149,166,134,172,134,176,179,176,173,152,172,142,175,118,180,139,175,165,161,178,148,153,143,179,170,166,182,133,163,139,180,184,180,156,180,184,181,177,154,158
197,196,186,147,201,202,190,203,138,172,157,197,195,162,134,156,170,148,173,164,129,169,192,198,194,130,196,164,163,193,141,189,197,161,194,153,192,192,154,161,112,126,151,145,146,195,194,127,180,195,0,190,190,197,188,188,171,179,160,178,177,168,137,154,201,206,185,198,132,194,192,199,204,191,215,214,152,218,192,119,218,173,223,149,217,171,225,223,225,208,225,177,116,204,179,193,185,198,168,121,181,228,166,158,117,224,188,196,191,200,135,214,137,191,218,190,146,198,196,194,132,168,229,195,230,224,229,214,222,226,193,224,231,229,231,192,225,232,165,231,214,233,193,149,191,191,220,198,202,223,162,216,230,216,224,164,230,171,215,184,228,228,215,220,145,222,224,210,212,158,182,220,212,212,165,200,207,209,160,211,183,189,201,174,204,204,192,203,204,161,175,202,198,201,201,200,199,144,197,180,173,190,192,191,190,186,173,187,151,186,183,171,181,181,178,176,178,172,176,173,169,167,173,173,148,140,168,142,167,159,165,164,155,162,158,160,160,157,154,156,126,155,151,149,153,152,151,149,134,138,149,146,144,142,143,142,128,140,137,136,136,133,130,134,133,132,130,131,123,127,126,125,123,122,121,119,118,116,115,99,111,111,108,109,108,104,103,104,101,100,99,98,81,82,95,91,92,91,90,88,85,85,83,80,81,77,78,76,72,73,71,69,66,66,65,59,59,61,59,58,57,56,54,52,50,48,46,46,45,44,40,41,39,37,35,33,32,30,28,25,23,22,20,18,16,14,12,10,8,6,4,2,0,0,0,0,0,0,0,2,4,6,8,9,11,13,12,15,17,19,20,22,23,0,26,28,30,32,34,35,37,39,41,43,45,47,49,50,52,53,55,57,59,61,63,65,64,65,67,68,71,72,73,75,77,76,80,80,70,82,81,84,86,87,88,89,90,90,93,95,93,95,94,97,99,102,102,105,107,109,110,108,94,114,114,115,116,117,117,108,122,120,71,123,126,128,129,130,132,132,134,136,132,137,134,142,143,145,144,144,146,148,146,150,153,150,154,156,146,159,158,156,162,140,159,162,167,164,169,146,169,142,152,133,169,174,155,175,162,177,178,178,180,178,181,185,182,181,184,171,179,155,182,166,186,187,191,185,191,194,164,181,151,188,154,195,198,195,194,173,192,161,194,137,199,160,195,185,180,197,167,173,163,199,190,187,202,155,184,160,199,203,200,176,200,205,202,198,175,180
188,189,180,142,196,198,188,201,136,172,159,198,198,167,140,161,176,155,180,173,139,178,203,210,208,145,212,181,181,212,161,210,219,184,219,179,218,220,183,191,144,157,183,178,179,230,231,186,219,234,178,228,228,234,224,225,207,215,197,214,213,204,173,190,236,241,221,232,169,228,226,232,237,224,247,246,184,249,223,151,248,204,253,180,247,202,254,253,254,237,254,205,146,232,207,220,213,226,195,150,207,254,192,183,142,247,210,217,212,220,155,233,156,208,235,206,162,212,210,207,146,180,240,206,239,233,238,221,229,233,198,229,235,232,233,193,226,232,164,229,212,229,189,145,185,186,214,190,194,215,153,206,219,204,212,152,216,154,200,167,211,211,197,203,127,204,207,192,194,140,164,202,195,194,146,182,189,190,141,192,163,170,182,154,185,186,173,184,184,140,154,182,177,181,180,179,178,122,176,159,151,169,171,170,169,166,152,166,130,165,161,151,159,158,155,153,155,149,153,149,145,142,149,148,123,114,144,117,141,133,140,138,128,134,0,136,137,136,134,137,108,138,133,132,139,139,139,138,122,127,140,138,136,135,137,137,124,137,136,132,134,132,128,131,131,129,127,129,120,125,125,124,122,121,120,118,117,115,115,99,111,111,108,109,108,104,103,104,100,100,99,98,82,83,95,92,93,92,91,89,86,86,84,81,82,78,79,76,73,74,72,70,67,67,66,60,60,62,60,59,58,57,55,53,51,49,47,47,46,45,41,42,40,38,36,34,33,31,29,26,24,23,21,19,17,15,14,12,10,8,6,4,2,0,0,0,0,0,0,0,2,4,6,7,9,11,10,14,16,18,20,22,24,24,27,29,31,33,35,36,38,40,42,44,46,48,50,51,53,54,56,58,60,62,64,66,65,66,69,70,72,73,74,76,78,77,81,81,72,83,82,85,86,88,89,90,91,91,94,96,94,96,96,98,100,103,103,105,108,110,111,109,95,114,115,116,116,118,118,110,123,120,73,124,126,128,129,130,132,132,134,136,132,137,134,141,143,144,143,143,145,147,145,149,152,148,153,153,145,156,156,152,158,134,154,156,159,157,160,136,158,131,140,120,155,158,138,157,145,157,158,157,158,155,157,159,156,153,155,141,148,123,150,132,152,152,154,147,150,153,0,139,107,147,112,153,158,156,157,135,157,125,160,104,167,129,165,155,152,170,140,148,139,175,168,166,183,135,166,143,182,187,185,162,187,192,191,187,165,171
169,168,156,116,171,172,159,173,0,141,132,171,171,139,112,134,149,127,151,145,111,152,175,183,180,117,185,156,156,186,134,185,194,161,195,156,194,197,160,167,120,134,159,154,156,207,208,165,195,211,157,205,204,212,202,203,185,193,175,193,192,182,150,167,214,219,199,211,147,207,205,210,216,203,225,224,163,227,203,131,229,183,231,159,227,181,234,231,235,218,235,185,127,212,187,200,193,206,174,131,188,236,173,166,126,231,195,202,198,207,143,220,146,196,225,196,154,204,202,200,141,175,236,202,236,231,236,219,230,234,199,232,236,235,235,196,229,234,165,231,212,231,191,145,188,188,214,192,195,217,155,207,221,206,214,154,218,158,203,171,214,213,201,206,129,207,210,195,196,143,168,205,199,196,149,186,193,194,144,197,166,175,187,157,190,189,176,188,188,144,159,187,183,183,186,185,184,127,183,165,156,175,177,175,174,172,158,172,136,170,168,156,166,167,162,161,0,159,165,162,159,158,166,166,141,133,164,139,163,156,164,163,154,161,156,160,160,156,153,156,126,155,150,147,153,152,151,148,133,136,150,147,144,143,144,141,129,141,138,136,137,133,131,135,134,133,131,132,123,128,126,126,124,123,122,120,119,117,117,101,113,113,110,111,110,106,105,106,103,102,101,100,84,85,97,94,95,94,93,91,88,88,86,83,84,80,81,78,75,76,74,72,69,69,68,62,62,64,62,61,60,59,57,55,53,51,49,49,48,47,43,44,42,40,38,36,35,33,31,28,26,25,23,21,19,17,16,14,12,10,8,6,4,2,0,0,0,0,0,0,0,2,4,5,7,9,8,12,14,16,18,20,22,22,25,27,29,31,33,34,36,38,40,42,44,46,48,49,51,52,54,56,58,60,62,64,63,64,67,68,70,71,72,74,76,75,79,79,72,81,80,83,85,86,87,88,89,89,92,94,92,94,94,96,98,101,101,104,106,108,109,107,93,113,113,114,115,116,115,109,121,118,72,121,124,126,127,128,130,130,132,134,130,135,132,140,141,143,142,142,144,146,144,148,151,149,152,154,146,156,156,153,160,138,157,160,164,162,166,143,166,141,149,132,167,171,151,172,160,173,173,173,174,171,172,175,173,171,173,160,167,143,169,152,171,172,174,168,172,174,144,161,128,167,132,171,174,171,169,150,168,136,170,112,174,137,170,160,156,172,142,149,139,173,164,160,176,130,160,135,174,178,174,149,174,178,175,171,148,151
225,225,216,178,232,234,224,236,174,208,197,234,234,204,177,196,214,190,215,210,176,215,238,245,243,180,247,218,218,247,196,245,254,221,254,217,253,255,220,226,178,192,218,213,214,265,266,224,254,268,216,263,262,269,259,260,242,250,232,251,250,239,208,225,271,276,256,267,206,263,263,267,272,261,282,281,219,284,260,189,285,239,288,217,283,238,288,286,287,271,287,235,179,261,237,250,242,252,221,178,232,281,217,210,170,274,237,244,239,245,183,258,184,233,260,231,190,238,235,232,174,205,267,231,266,260,265,246,256,260,225,256,262,259,260,220,253,259,188,255,236,256,213,168,211,212,238,214,218,241,179,230,245,230,238,178,242,180,226,193,237,237,223,229,150,230,233,218,218,163,190,228,220,220,169,208,214,215,164,217,186,195,207,177,210,211,198,209,209,163,177,207,202,204,205,204,203,145,201,184,174,194,196,194,194,190,177,190,154,0,186,175,184,184,179,179,181,175,179,176,172,170,176,176,148,140,171,145,170,162,168,167,158,165,159,163,163,161,157,159,129,158,154,149,156,155,154,152,137,138,152,149,147,145,146,145,131,143,141,139,139,136,132,136,135,134,132,133,125,129,128,127,125,124,123,121,120,118,117,102,113,113,110,111,110,107,106,107,104,103,102,101,85,86,98,95,96,95,94,92,90,89,88,85,86,82,83,80,77,78,76,74,71,71,70,64,64,66,64,63,62,61,59,57,55,53,51,51,50,49,45,46,44,42,40,38,37,35,33,30,28,27,25,23,21,19,18,16,14,12,10,8,6,4,2,0,0,0,0,0,0,0,2,2,4,5,0,8,10,12,14,16,18,18,21,23,25,27,29,30,32,34,36,38,40,42,44,45,47,48,50,52,54,56,58,60,59,60,63,64,66,67,68,70,72,71,75,75,69,77,76,79,81,82,83,84,85,85,88,90,88,90,90,92,94,97,97,100,102,104,105,103,89,109,109,110,111,112,112,108,118,115,71,119,122,123,124,125,127,127,129,131,127,132,129,137,138,140,139,139,142,144,142,146,149,146,150,151,145,154,154,151,157,135,154,157,162,160,164,141,164,141,148,132,165,170,150,171,161,173,174,175,177,174,178,182,181,180,184,170,179,157,181,167,185,186,190,184,190,193,165,180,149,188,156,194,198,196,196,178,196,165,199,143,206,171,204,194,191,208,178,189,179,213,205,203,220,175,206,182,219,224,222,199,223,229,228,223,202,208
190,191,181,143,197,200,189,203,138,173,164,201,201,171,144,164,180,157,179,177,144,182,205,212,210,147,214,185,186,215,162,213,222,188,221,183,220,222,187,192,145,159,184,179,180,232,232,190,221,235,182,230,229,236,226,227,209,217,199,218,216,206,174,190,238,242,222,234,172,229,229,233,238,225,246,245,181,246,222,150,245,199,246,175,241,195,245,243,244,228,244,192,137,218,194,207,199,209,178,136,189,238,173,167,128,230,194,201,195,202,140,214,141,190,216,188,147,193,192,188,130,162,223,187,223,216,221,203,212,216,181,211,217,214,215,175,208,214,143,211,191,211,169,123,168,167,193,169,173,196,134,185,200,185,193,102,197,0,182,150,195,195,183,190,111,192,196,183,182,129,157,195,188,189,139,179,187,188,138,192,161,172,185,154,189,190,179,191,192,147,162,193,189,191,194,194,193,136,193,176,167,189,191,189,188,186,172,186,151,184,182,171,180,180,174,174,176,170,175,171,167,164,173,172,144,136,168,142,166,157,165,164,153,160,154,160,160,157,153,156,126,155,149,145,153,152,151,148,132,134,149,146,144,142,143,141,129,140,139,135,137,134,131,135,133,133,131,132,123,128,128,127,125,125,123,122,121,119,118,103,114,114,111,112,112,109,108,109,105,105,104,103,87,88,100,97,98,97,96,94,92,91,90,87,88,84,85,82,79,80,78,76,73,73,72,66,66,68,66,65,64,63,61,59,57,55,53,53,52,51,47,48,46,44,42,40,39,37,35,32,30,29,27,25,23,21,20,18,16,14,12,10,8,6,4,2,0,0,0,0,0,0,0,2,4,6,5,9,11,13,15,17,19,20,22,24,26,28,30,31,33,35,37,39,41,43,45,46,48,49,51,53,55,57,59,61,60,61,64,65,67,68,69,71,73,72,76,75,71,78,77,80,82,83,84,85,86,86,89,91,88,91,91,94,95,98,98,100,102,104,105,103,90,109,109,110,110,111,111,108,117,114,72,118,121,122,122,122,124,123,124,126,121,125,121,126,126,127,124,125,126,126,123,126,128,124,126,126,120,128,126,123,128,104,123,125,128,124,127,101,125,100,106,82,123,128,0,129,120,132,133,134,136,135,138,141,141,140,144,131,139,118,143,128,147,148,152,146,151,154,125,142,110,150,118,156,161,159,160,141,160,127,163,105,168,135,166,158,154,172,142,153,143,177,170,168,184,140,171,147,184,189,187,163,189,193,192,189,167,172
222,222,212,174,228,231,220,233,172,204,195,231,230,202,175,193,212,186,211,208,175,213,234,242,239,176,244,216,216,244,192,242,251,219,250,215,249,252,218,221,174,188,213,209,210,262,262,221,250,265,214,259,258,266,256,257,239,247,229,249,247,236,204,220,267,271,252,263,202,258,257,260,265,253,272,271,208,272,250,178,273,226,272,203,269,223,272,269,271,256,272,219,165,245,222,235,227,236,204,164,216,266,199,195,155,258,221,228,223,228,167,240,168,215,243,213,174,220,217,215,158,188,251,214,250,244,249,228,240,244,209,239,245,242,243,203,236,242,169,239,217,239,195,149,194,195,219,195,199,224,162,211,228,213,220,160,225,162,209,176,219,219,205,211,129,212,214,200,198,144,172,210,202,202,149,190,196,198,144,200,167,178,190,157,193,193,180,191,191,142,157,188,184,0,187,187,185,127,185,170,158,182,185,182,185,182,170,184,150,184,183,172,183,183,178,180,183,177,181,178,174,171,178,178,148,140,173,147,172,163,170,169,159,166,161,165,165,163,158,161,131,160,155,149,158,157,156,154,139,138,154,151,149,147,148,147,133,145,142,141,141,138,135,139,136,137,135,136,128,132,131,130,128,127,126,124,123,122,121,106,117,117,114,115,114,111,110,111,107,107,106,105,89,90,102,99,99,99,98,96,94,93,92,89,90,86,87,84,81,82,80,78,75,75,74,68,68,70,68,67,66,65,63,61,59,57,55,55,54,53,49,50,48,46,44,42,41,39,37,34,32,31,29,27,25,23,22,20,18,16,14,12,10,8,6,4,2,0,0,0,0,0,0,0,2,4,4,7,9,11,13,15,17,18,20,22,24,26,28,29,31,33,35,37,39,41,43,44,46,47,49,51,53,54,56,57,0,57,60,61,63,64,65,67,69,68,72,72,68,74,73,76,78,79,80,81,82,82,85,87,85,87,87,90,91,94,94,97,99,101,102,100,86,106,106,107,108,109,109,107,115,113,71,116,119,120,121,122,124,124,126,128,125,129,126,134,135,137,136,137,140,141,139,143,146,144,147,148,144,151,151,149,154,133,153,154,159,157,161,138,161,140,145,131,163,167,147,168,159,171,171,172,174,173,175,179,178,177,180,167,176,156,178,166,182,183,187,182,187,190,163,177,146,186,155,191,195,193,193,177,193,162,197,140,203,170,201,191,188,206,175,188,178,211,202,200,217,174,205,179,216,222,219,195,221,225,224,221,199,204
222,223,214,175,230,232,221,234,175,205,197,232,232,204,178,194,213,188,212,210,178,215,236,243,241,178,245,218,218,245,194,243,252,221,252,217,251,253,220,224,175,189,216,211,212,263,264,224,252,266,216,261,260,267,257,258,240,248,230,251,250,237,205,223,269,274,254,265,207,261,263,265,270,261,280,279,217,282,260,191,284,237,286,218,284,239,287,286,288,274,289,236,183,262,241,253,246,253,222,183,233,284,218,214,175,277,240,247,243,246,187,259,188,234,261,232,194,239,236,233,178,206,270,232,269,263,268,247,259,263,229,259,265,262,263,223,256,262,190,258,237,260,214,169,215,216,239,215,219,244,183,231,248,233,241,181,246,184,229,197,241,241,226,232,151,233,236,222,219,164,194,232,223,224,171,211,218,218,166,220,187,198,211,178,213,215,201,213,213,164,178,210,204,207,209,208,206,146,204,188,175,198,201,196,197,195,180,195,159,193,190,179,188,188,180,182,185,178,183,180,175,172,180,180,149,141,175,149,174,164,172,171,160,167,163,167,167,165,160,163,133,162,157,151,160,159,158,156,140,139,156,153,151,149,150,148,135,147,144,142,143,140,137,141,137,138,137,137,129,134,133,132,130,129,128,126,125,124,123,108,119,119,116,117,116,113,112,113,109,108,108,107,91,92,104,101,101,101,100,98,96,95,94,91,92,88,89,86,83,84,82,80,77,77,76,70,70,72,70,69,68,67,65,63,61,59,57,57,56,55,51,52,50,48,46,44,43,41,39,36,34,33,31,29,27,25,24,22,20,18,16,14,12,10,8,6,4,2,0,0,0,0,0,0,0,2,2,5,7,9,11,13,15,16,18,20,22,24,26,28,30,32,34,35,37,39,41,42,44,45,47,49,51,53,55,57,57,57,60,61,63,64,64,66,67,0,70,69,52,71,70,73,75,76,77,78,79,79,82,84,82,84,84,87,88,91,91,94,96,98,99,97,83,103,103,104,105,106,106,105,112,110,69,113,116,117,118,119,121,121,123,125,121,0,123,130,131,133,132,133,136,137,135,139,142,140,144,145,142,148,147,145,152,128,149,152,157,154,159,134,159,138,142,129,160,165,143,166,158,168,169,170,172,170,173,177,176,175,179,166,174,155,177,165,181,182,186,180,186,188,162,176,144,184,154,191,194,192,192,176,192,160,195,138,201,169,200,190,187,204,174,187,177,209,202,200,216,174,205,179,216,221,219,195,220,225,225,220,199,205
160,159,148,105,162,163,151,164,103,133,124,157,155,126,99,115,133,107,0,111,98,136,157,164,162,98,166,140,141,168,117,168,177,147,178,142,178,180,147,150,102,115,142,137,138,190,191,150,179,194,143,189,188,195,186,186,168,177,158,180,179,165,133,150,198,203,182,194,135,190,192,193,199,189,209,208,146,211,190,120,214,167,216,148,214,169,218,216,219,205,221,169,117,196,175,188,181,190,160,122,172,224,157,155,118,219,183,191,187,191,134,205,136,181,209,180,145,188,186,185,131,159,224,186,225,219,224,205,217,221,189,219,226,224,226,187,220,227,155,226,204,228,184,138,187,188,210,188,192,218,160,207,225,211,219,161,226,166,210,181,224,223,211,216,135,218,220,207,204,149,180,217,208,209,156,196,204,205,151,207,174,186,199,164,200,200,188,200,201,152,166,199,193,195,199,197,196,135,194,176,164,188,190,183,186,184,169,185,148,183,180,167,178,179,170,172,177,168,175,171,166,164,173,172,141,133,168,142,166,157,165,164,153,159,154,160,160,156,152,156,125,155,149,142,153,152,150,148,132,131,149,146,144,142,143,140,129,140,138,134,136,133,132,136,129,133,132,132,124,129,127,128,126,126,124,123,122,121,121,106,117,117,114,115,115,112,111,112,107,108,108,107,91,92,104,101,100,101,100,99,97,96,95,92,93,89,91,88,85,86,84,82,79,79,78,72,72,74,72,71,70,69,67,65,63,61,59,59,58,57,53,54,52,50,48,46,45,43,41,38,36,35,33,31,29,26,26,24,22,20,18,16,14,12,10,8,6,4,2,0,0,0,0,0,0,0,2,4,6,8,10,12,14,15,17,19,21,23,25,27,29,31,33,35,37,39,41,42,44,45,47,49,51,53,55,57,57,57,60,61,63,64,65,67,69,68,72,72,70,75,74,77,79,80,81,82,83,83,86,88,86,88,87,90,90,93,93,96,98,100,101,99,86,105,105,106,106,107,107,106,112,110,70,113,116,117,118,119,121,121,123,125,121,125,121,126,126,127,125,125,127,127,124,127,129,125,127,126,124,128,127,124,128,105,124,125,129,126,128,0,126,105,108,96,126,130,110,131,124,135,135,136,138,138,140,144,142,142,144,132,141,121,143,132,146,148,152,148,153,156,129,143,111,152,122,158,161,160,159,144,159,125,160,101,164,131,160,151,145,163,131,144,134,164,156,152,167,125,155,127,165,169,165,140,165,168,166,162,139,142
208,209,199,160,215,218,207,221,162,190,185,218,218,192,165,181,201,174,200,198,166,203,222,230,227,164,232,206,206,232,180,230,239,209,239,204,237,240,208,210,162,175,202,197,198,250,251,211,238,254,204,247,247,254,244,245,227,235,217,239,238,224,191,209,255,260,241,252,195,248,251,252,257,249,266,265,204,268,248,179,271,224,272,206,272,227,274,272,275,262,277,225,174,252,232,245,238,246,214,178,227,279,211,209,171,272,235,242,238,240,182,252,183,227,255,225,189,232,229,227,174,200,265,226,264,258,263,240,254,258,224,254,260,257,258,218,251,257,182,254,231,254,209,162,211,212,233,209,213,240,180,225,244,229,237,177,242,181,225,194,237,236,221,228,144,229,232,218,213,160,190,228,220,220,165,207,215,215,160,217,183,195,208,172,210,211,198,210,210,159,173,207,200,204,206,205,203,141,201,184,170,195,197,189,194,192,177,192,156,190,187,174,185,185,175,179,182,175,180,177,172,169,178,177,145,137,173,147,172,162,170,169,158,165,161,165,164,163,157,161,131,160,154,146,158,157,155,154,137,135,154,151,149,147,148,146,133,144,141,140,140,137,135,139,132,137,135,136,127,133,132,131,129,129,127,126,125,124,123,108,119,119,116,117,116,113,112,113,108,108,108,107,91,92,104,101,0,102,101,100,98,97,96,93,94,90,91,88,85,86,84,82,79,79,78,72,72,74,72,71,70,69,67,65,63,61,59,59,58,57,54,54,53,51,49,47,45,44,42,39,37,36,34,32,30,27,27,25,23,21,19,17,15,13,11,9,7,5,2,2,0,0,0,0,0,0,0,2,4,6,8,10,12,13,15,17,19,21,23,25,27,29,31,33,35,37,39,40,42,43,45,47,49,51,53,55,55,55,58,59,61,62,63,65,67,67,70,70,68,73,72,75,77,78,79,80,81,81,84,86,84,86,85,88,89,92,92,95,97,99,100,98,85,104,104,105,106,108,107,108,113,111,73,114,117,118,120,120,123,123,124,126,123,128,125,131,132,133,130,132,132,132,130,132,134,131,132,132,129,134,129,129,135,0,133,135,140,138,143,120,143,124,126,115,145,149,130,150,142,153,153,154,156,155,157,161,160,160,163,150,159,141,162,151,166,167,171,166,171,173,149,161,128,170,141,176,179,178,177,162,177,145,181,122,187,156,185,175,172,190,159,174,164,195,187,185,202,161,192,164,202,207,205,181,207,211,210,207,184,190
199,199,188,148,204,204,193,206,148,175,168,200,199,173,146,160,180,152,178,175,143,178,196,203,199,135,202,176,176,200,148,197,205,175,203,169,201,202,170,171,121,134,160,154,157,206,205,168,192,206,158,199,198,203,193,192,174,182,162,185,182,168,134,151,197,200,180,191,133,185,187,187,191,183,199,198,134,199,178,106,198,150,197,130,195,149,195,192,193,181,193,140,89,165,145,158,149,155,123,86,133,186,116,116,77,178,141,147,142,143,85,155,87,128,156,125,92,0,131,130,78,105,172,133,174,168,174,153,168,173,141,172,179,178,180,142,175,182,107,181,157,183,138,91,143,144,164,141,146,175,115,162,183,169,177,118,184,123,169,138,182,182,167,176,92,179,182,169,165,111,143,182,174,175,120,164,172,173,116,175,140,153,166,113,168,167,155,167,168,115,129,164,157,161,164,162,161,97,158,141,125,151,153,0,150,136,133,150,114,148,148,136,149,149,140,146,150,144,150,148,145,142,152,152,121,112,151,126,151,142,151,150,141,148,144,151,150,149,145,150,120,149,146,137,151,151,150,149,134,131,151,149,148,144,147,144,132,143,139,139,140,137,134,139,130,137,135,136,128,133,131,131,129,128,128,126,125,125,124,109,121,121,118,119,118,115,115,116,111,111,111,110,94,95,107,104,103,104,103,101,99,98,97,94,95,91,92,89,86,87,85,84,81,81,80,74,74,76,74,73,72,71,69,67,65,63,61,61,60,59,56,56,55,53,51,49,47,46,44,41,39,38,36,34,32,28,29,27,25,23,21,19,17,15,13,11,9,7,4,4,2,0,0,0,0,0,0,0,2,4,6,8,10,12,14,16,18,20,22,24,26,28,30,32,34,36,38,39,41,42,44,46,48,50,52,54,55,54,57,58,60,61,62,64,66,66,69,69,67,72,71,74,76,77,78,79,80,80,83,85,83,85,85,88,89,92,92,95,97,98,99,98,83,103,103,104,105,105,106,107,111,110,72,112,114,116,116,118,119,119,122,123,120,125,122,128,130,131,131,131,134,134,132,137,138,136,139,141,140,144,144,141,147,127,144,147,152,150,154,132,153,136,136,126,154,159,140,159,151,160,162,162,164,162,165,168,167,165,169,156,163,148,167,156,171,172,176,170,175,179,153,165,135,173,145,180,183,181,181,166,180,149,183,125,189,160,187,178,174,191,162,176,167,196,188,185,201,163,192,165,200,205,202,177,202,206,204,200,178,181
218,218,209,168,224,227,216,229,174,200,195,227,226,202,175,189,211,182,210,208,176,212,231,238,235,171,239,214,215,239,187,238,246,217,246,213,245,247,216,216,168,182,208,204,205,257,257,219,246,260,213,255,254,260,250,249,231,239,219,242,240,224,191,208,254,258,238,248,192,243,245,245,250,241,258,257,193,258,238,168,258,211,258,193,257,211,257,255,256,244,256,204,154,229,210,222,214,221,189,153,200,254,184,183,146,245,209,215,211,213,156,225,157,199,227,197,163,204,201,199,148,172,238,198,237,231,236,213,227,231,197,227,232,230,230,190,223,229,153,226,201,226,180,131,183,183,203,180,183,212,152,196,216,200,208,149,213,152,196,165,208,206,190,197,111,198,200,187,181,126,158,196,187,187,130,174,181,182,125,184,148,162,176,0,179,180,169,183,185,133,149,184,178,183,188,188,187,123,187,170,155,184,187,178,185,184,170,186,151,186,184,170,184,185,175,181,186,179,186,182,177,175,183,183,148,139,178,152,176,165,175,174,162,169,164,170,168,167,162,166,135,165,159,148,163,162,160,158,143,138,159,154,154,152,153,150,138,149,144,144,145,142,140,144,134,142,140,141,132,137,135,135,133,132,131,129,128,127,126,111,122,122,119,120,119,116,115,116,111,111,111,110,94,95,107,104,103,104,103,101,99,98,97,94,95,91,92,89,86,87,85,83,80,80,79,73,73,75,73,72,71,70,68,66,64,62,60,60,59,58,55,55,54,52,50,48,46,45,43,40,38,37,35,33,31,0,28,27,25,24,22,20,18,16,14,13,11,9,5,6,4,2,0,0,0,0,0,0,0,2,4,6,8,10,12,14,16,18,20,22,24,26,28,30,32,34,36,37,39,40,42,44,46,48,50,52,53,52,55,56,58,59,60,62,64,65,67,67,65,70,69,72,74,75,76,77,78,78,81,83,81,83,83,86,87,90,90,93,95,97,98,96,83,102,102,103,104,106,105,108,111,110,73,112,115,116,118,118,121,121,123,125,123,128,125,131,132,134,134,135,137,138,137,141,143,142,145,146,146,149,149,147,152,134,151,152,157,155,159,139,159,142,141,133,161,165,149,166,158,168,169,169,171,170,172,175,174,173,176,163,171,156,174,166,178,179,183,178,183,186,163,173,143,182,155,187,191,189,189,174,190,157,193,134,199,170,197,188,184,202,171,188,178,207,199,197,213,174,204,175,212,218,215,191,217,221,220,217,195,200
217,218,208,167,224,227,215,229,173,199,195,227,227,202,175,189,211,181,210,208,176,213,230,238,235,171,240,216,216,240,188,238,247,219,247,214,245,248,218,218,168,182,209,205,206,258,259,221,246,262,214,255,255,262,252,253,235,243,225,249,248,232,198,217,263,268,249,260,205,256,261,260,265,259,274,273,212,276,258,189,279,232,280,216,281,237,282,280,283,272,285,233,184,260,241,254,246,251,219,185,231,285,215,215,177,278,241,248,244,244,189,256,190,231,259,229,196,236,233,231,180,204,271,230,270,264,269,244,260,264,230,260,266,263,264,224,257,263,186,260,235,260,213,165,217,218,237,213,217,246,186,229,250,235,243,183,248,186,231,199,243,242,225,234,147,235,238,224,217,164,196,234,226,226,169,213,221,221,164,223,187,201,214,176,216,217,204,216,216,163,177,212,204,210,212,211,209,144,207,190,174,201,203,195,200,198,183,198,162,196,193,178,191,191,179,185,188,181,186,183,178,175,183,183,148,139,178,153,177,165,175,174,162,170,166,171,170,168,162,167,136,165,159,149,163,163,161,159,143,138,159,154,155,152,154,151,139,150,145,145,146,143,140,145,136,143,141,142,132,137,136,136,134,133,132,130,129,128,127,112,123,123,120,121,120,117,117,116,112,113,113,112,96,97,109,106,105,106,105,103,100,100,99,96,97,93,94,91,88,89,87,85,82,82,81,75,75,77,75,74,73,72,70,68,66,64,62,62,61,60,57,57,56,54,52,50,48,47,45,42,40,39,37,35,33,29,30,28,26,24,22,20,18,16,14,12,10,8,0,5,4,2,2,0,0,0,0,0,0,0,2,4,6,8,10,12,14,16,18,20,22,24,26,28,30,32,34,35,37,38,40,42,44,46,48,50,51,50,53,54,56,57,58,60,62,63,65,66,64,68,67,70,72,73,74,75,76,76,79,81,80,81,81,84,85,88,88,91,93,95,96,94,81,100,100,101,102,104,103,106,109,108,73,110,113,114,116,116,119,119,121,123,121,126,123,129,130,132,132,133,135,136,135,139,142,140,143,144,144,147,147,145,151,133,149,151,156,154,158,139,158,142,141,133,160,164,149,165,158,168,168,169,171,170,173,176,175,176,178,165,175,159,176,169,180,180,183,178,182,183,160,168,0,179,151,184,187,187,186,171,186,153,190,130,195,167,194,184,180,199,167,185,175,204,196,194,210,172,202,172,211,215,214,189,215,219,219,215,193,198
209,209,199,156,213,215,202,216,160,185,180,210,209,186,158,170,193,160,191,188,155,190,206,213,209,143,212,188,187,210,157,206,214,186,212,180,210,211,181,179,128,142,168,163,164,214,214,176,201,215,169,208,206,211,201,199,182,190,169,195,191,175,0,141,207,212,192,204,150,200,205,204,209,203,219,219,156,222,204,136,225,177,227,164,228,184,229,227,230,220,232,180,133,207,190,204,196,201,171,137,183,239,168,170,134,234,198,206,202,203,149,216,152,192,221,192,160,200,198,196,148,171,239,198,240,235,240,216,233,237,204,235,241,239,241,202,235,242,165,240,214,241,192,144,198,198,216,192,196,226,168,209,231,216,223,165,229,168,212,180,224,222,205,215,127,216,219,205,198,144,177,215,207,207,149,195,202,203,144,205,168,183,196,157,198,198,186,198,199,144,159,194,186,192,195,194,192,126,190,174,156,184,186,177,183,180,166,180,144,179,175,160,173,174,160,167,171,163,169,165,160,156,166,165,129,119,160,135,158,146,158,156,143,152,147,152,152,149,144,148,116,146,140,128,144,143,141,139,124,117,140,134,135,133,134,131,119,130,124,125,126,123,120,123,0,122,122,124,116,123,122,123,123,123,123,123,124,125,126,112,124,125,123,124,123,120,119,120,115,115,115,114,98,99,111,108,107,108,107,105,103,102,101,98,99,95,96,93,90,91,89,87,84,84,83,78,78,80,78,77,76,75,73,71,69,67,65,65,64,63,60,60,59,57,55,53,51,50,48,45,43,42,40,38,36,32,33,31,29,27,25,23,21,19,17,15,14,12,8,9,7,5,4,2,0,0,0,0,0,0,0,2,4,6,8,10,12,14,16,18,20,22,24,26,28,30,32,33,35,37,39,41,43,45,47,49,50,49,52,53,55,56,57,59,61,62,64,65,63,67,66,69,71,72,73,74,75,75,78,80,79,80,80,83,84,87,87,90,92,94,95,93,80,99,99,100,102,103,102,106,108,107,74,110,112,114,116,116,119,119,121,123,121,126,123,129,130,132,132,132,133,136,134,139,141,139,142,143,144,146,146,143,148,132,147,149,154,151,156,138,156,141,139,132,158,162,148,163,155,166,166,167,168,166,169,172,171,172,173,161,170,156,171,165,175,176,180,176,181,183,163,170,143,180,155,185,188,187,186,172,187,154,190,131,194,169,193,185,179,199,167,185,177,203,195,193,207,172,201,170,209,213,211,187,212,215,214,210,188,191
197,197,185,144,201,202,190,204,149,172,169,198,197,174,146,158,181,148,179,176,143,178,193,201,196,132,200,176,176,198,145,195,203,175,201,169,199,200,170,168,117,130,157,152,154,204,203,166,189,204,159,196,195,201,191,190,172,180,160,185,182,165,130,147,193,196,177,188,133,182,186,184,188,182,195,194,131,195,177,107,196,148,194,131,194,149,193,189,191,181,191,138,90,163,145,158,149,153,120,86,131,186,114,116,78,178,141,147,142,141,85,152,86,123,155,0,95,136,132,132,83,107,176,135,178,172,178,154,172,177,145,176,183,182,184,146,179,186,108,185,159,187,140,91,147,149,166,144,148,179,121,163,187,173,182,123,188,129,174,144,188,187,171,181,94,184,188,176,168,114,151,188,181,182,123,171,179,181,122,184,147,165,178,140,181,182,171,183,185,131,145,182,175,182,187,186,185,118,185,168,150,182,184,176,182,181,167,183,148,183,180,164,179,179,165,173,177,169,175,171,167,163,173,173,135,127,168,143,166,153,165,164,150,160,156,161,158,157,152,157,126,154,149,136,153,153,151,149,133,125,149,142,145,141,144,141,129,140,132,135,136,133,130,135,124,133,131,132,122,127,126,126,124,122,122,120,119,118,117,102,114,114,111,112,111,107,108,108,103,104,104,103,87,88,100,97,96,97,96,94,0,90,90,86,90,87,89,88,85,88,86,87,85,86,85,79,79,81,79,78,77,76,74,72,70,68,66,66,63,64,61,61,60,58,56,54,52,51,50,47,45,44,42,40,38,34,35,33,31,29,27,25,23,21,19,17,16,14,10,11,9,7,6,4,2,0,0,0,0,0,0,0,2,4,6,8,10,12,14,16,18,20,22,24,26,28,30,31,33,35,37,39,41,43,45,47,48,47,50,52,54,54,55,56,58,59,61,62,60,64,63,66,68,69,70,71,72,72,75,77,76,77,78,80,81,84,84,87,89,90,91,90,76,95,95,96,98,98,98,101,103,103,71,105,108,109,111,111,114,114,115,117,115,119,116,122,123,125,125,126,128,129,128,132,135,132,134,136,136,139,139,137,142,128,141,142,147,145,149,133,148,135,131,125,150,154,141,154,147,157,157,158,159,159,162,163,162,163,164,152,161,147,163,157,167,168,172,168,173,175,154,162,135,171,147,177,179,179,178,163,178,145,181,122,186,160,185,175,170,190,158,177,169,194,185,183,198,164,191,161,198,202,200,174,200,203,201,198,175,178
176,175,165,121,179,180,167,182,127,150,148,176,174,152,124,135,159,125,157,154,121,158,171,177,174,108,176,154,153,173,120,169,177,151,174,143,172,172,144,139,87,0,128,124,126,178,179,142,168,183,139,178,177,184,175,175,158,166,147,175,174,154,122,140,188,193,172,184,132,180,188,185,190,186,200,199,137,202,187,118,205,158,207,146,208,166,209,207,210,202,212,160,115,187,172,185,178,181,151,119,163,221,148,152,116,216,180,188,184,182,131,196,133,172,200,172,142,181,178,176,129,151,221,177,222,216,221,196,214,218,186,216,223,221,223,184,217,224,145,223,196,225,175,127,184,185,202,180,184,215,158,198,222,208,216,158,223,163,207,178,221,220,202,214,124,217,220,207,199,145,181,220,212,213,154,202,210,210,150,213,174,191,204,166,206,206,194,206,207,150,165,201,193,201,204,202,201,132,199,181,163,194,196,187,192,190,175,191,154,189,186,168,184,185,169,178,183,174,181,177,172,168,179,178,140,131,174,149,172,158,171,170,155,165,160,167,165,162,158,163,132,161,155,141,159,159,156,154,138,130,155,147,151,148,150,146,136,146,138,140,142,139,138,143,132,140,139,139,130,135,133,135,133,132,131,130,129,129,128,113,124,125,122,122,123,119,119,119,113,115,116,115,99,100,112,109,108,110,109,107,104,104,102,100,101,97,98,95,92,93,90,89,86,87,86,80,80,82,80,79,78,77,75,73,71,69,67,67,66,65,62,62,61,59,57,55,53,52,51,48,46,45,43,41,40,36,37,35,33,31,29,27,25,23,21,19,18,16,12,13,11,9,8,6,4,2,0,0,0,0,0,0,0,2,4,6,8,10,12,14,16,18,20,22,24,26,28,29,31,33,35,37,39,41,43,45,46,45,48,50,52,52,53,56,57,58,60,61,59,63,62,65,67,68,69,70,71,71,74,76,75,76,77,79,80,83,83,86,88,90,91,89,76,95,95,96,97,98,97,101,101,103,73,105,108,109,111,111,114,114,116,117,115,120,117,120,120,121,120,120,120,120,117,122,122,119,119,119,119,121,120,117,121,106,117,118,122,119,121,105,119,106,0,94,119,123,112,124,118,128,128,129,131,131,134,137,136,137,139,126,136,123,138,134,142,144,147,144,149,151,132,138,113,148,124,154,156,156,155,140,156,121,159,99,163,139,162,154,148,168,136,156,147,172,165,162,176,143,170,139,178,181,179,153,179,182,180,177,155,157
192,192,183,141,198,201,189,203,151,174,172,201,200,180,153,163,189,155,188,186,154,190,205,212,209,144,213,192,193,213,161,212,220,195,220,191,219,221,194,190,141,155,181,178,179,231,231,194,220,234,191,228,227,232,222,222,203,211,192,218,216,197,162,180,226,230,210,220,168,215,221,217,222,217,230,229,165,230,214,144,230,183,230,169,230,187,229,227,228,220,228,176,130,201,186,198,190,193,161,129,172,229,155,159,121,221,184,191,186,184,131,196,132,168,198,168,138,176,171,169,122,142,212,167,211,204,209,182,200,203,169,198,203,200,200,160,192,197,116,194,165,194,143,93,149,151,165,0,147,180,122,163,188,174,183,124,189,130,175,144,189,189,170,183,92,186,188,177,168,113,152,190,183,184,123,173,181,182,122,187,147,167,181,142,184,185,174,187,189,131,148,185,177,187,191,190,190,119,188,171,152,186,188,179,186,185,171,187,153,187,185,168,185,186,170,181,186,178,186,182,178,174,186,185,146,137,181,156,179,164,178,177,161,172,169,174,172,170,165,171,141,168,163,147,167,166,165,163,146,137,163,154,159,156,159,155,145,155,145,149,151,148,144,151,140,148,147,147,137,143,141,142,140,136,138,136,135,134,133,118,129,129,126,127,126,122,122,122,116,117,118,117,101,102,114,111,110,110,110,108,105,105,103,101,102,98,99,96,93,94,91,90,87,87,86,80,80,82,80,79,78,77,75,73,71,69,67,67,65,65,62,62,61,59,57,56,54,53,52,49,47,45,45,43,42,38,39,37,35,33,31,29,27,25,23,20,20,18,14,15,13,11,10,8,6,4,2,0,0,0,0,0,0,0,2,4,6,8,10,12,14,16,18,20,22,24,26,27,29,31,33,35,37,39,41,43,44,43,46,48,50,50,51,54,55,56,58,59,57,61,60,63,65,66,67,68,69,69,72,74,73,74,76,77,78,81,81,84,86,88,90,87,74,93,94,95,97,98,97,101,103,103,74,104,108,109,111,111,114,114,116,117,115,120,118,123,124,126,126,128,129,130,130,134,136,135,138,139,140,143,142,140,146,133,144,146,151,149,152,139,152,140,135,131,154,158,147,158,152,161,162,162,164,163,166,168,167,168,170,157,166,154,167,162,169,170,173,168,172,173,154,159,133,167,143,171,172,171,169,152,168,133,168,0,173,148,169,162,156,174,143,165,154,180,173,170,185,152,178,148,186,191,189,164,191,194,194,191,169,173
194,193,184,0,197,200,188,203,151,173,174,201,201,181,154,164,190,155,189,187,155,191,205,212,210,144,214,194,195,215,163,213,222,198,222,194,222,223,197,193,143,157,184,180,181,233,234,197,222,237,194,232,231,238,228,229,211,219,201,229,228,208,176,193,241,246,225,238,186,233,241,236,242,239,252,251,188,254,239,172,257,209,258,198,260,218,261,258,262,254,263,211,168,237,224,237,229,232,201,171,214,272,198,204,168,267,232,239,235,233,183,246,186,222,251,224,194,233,227,226,181,202,272,226,271,265,269,242,261,264,231,261,266,264,265,225,257,264,183,261,232,261,210,161,219,220,235,213,215,246,189,227,251,236,244,186,249,190,232,202,245,243,224,236,144,237,239,227,216,162,200,237,228,229,167,215,224,221,162,226,185,205,219,179,219,219,206,219,219,161,177,212,205,215,218,217,215,142,212,192,174,207,209,200,204,204,187,204,168,202,197,179,196,197,179,189,194,185,192,188,182,177,190,189,148,139,185,160,182,167,182,181,164,176,173,178,176,173,168,174,144,172,166,149,170,170,168,165,149,138,166,155,162,159,162,157,148,158,146,151,154,150,148,154,143,151,150,150,139,146,143,145,143,138,140,139,138,137,136,121,132,132,129,130,129,125,125,125,118,120,121,120,104,105,117,114,113,113,112,111,108,108,106,104,105,101,102,99,96,97,94,93,90,90,89,83,83,85,83,82,81,80,78,76,74,72,70,70,68,68,65,65,64,62,60,59,57,56,55,52,50,48,47,45,44,40,41,39,37,35,33,31,29,27,25,22,22,20,16,17,15,13,12,10,8,6,4,2,0,0,0,0,0,0,0,2,4,6,8,10,12,14,16,18,20,22,24,25,27,29,31,33,35,37,39,41,42,41,44,46,48,48,49,52,53,54,56,57,55,59,58,61,63,65,66,67,68,68,71,73,73,73,75,76,77,80,80,83,85,87,89,86,73,93,93,94,96,97,96,100,102,102,75,104,107,108,110,110,113,113,115,117,115,120,118,123,124,126,126,127,129,130,129,134,136,135,137,138,139,142,141,139,145,133,143,145,150,148,152,139,152,141,135,133,154,158,149,159,152,162,162,163,164,164,167,170,169,170,171,158,167,155,167,163,169,169,172,167,171,172,154,158,133,166,143,170,171,170,168,90,167,0,169,102,174,151,174,165,159,179,147,170,160,184,177,175,190,157,183,152,191,195,194,169,197,199,199,195,172,176
201,201,191,152,207,209,197,211,159,180,179,205,204,183,157,166,191,155,189,186,154,189,201,208,204,139,206,187,187,204,152,202,209,186,208,179,206,207,181,175,123,140,164,159,160,211,210,175,197,211,170,204,203,208,198,197,179,187,167,196,193,172,140,155,201,205,185,195,145,190,198,192,196,192,204,203,139,204,190,120,203,156,204,144,203,162,202,200,201,195,201,149,105,174,160,173,164,165,133,103,144,202,127,133,95,195,158,165,160,156,104,168,106,141,169,142,111,150,143,141,95,114,185,138,183,176,182,153,171,175,141,170,175,172,172,132,162,169,86,166,135,165,112,62,121,122,0,114,116,151,93,132,159,145,154,97,161,102,147,117,161,161,140,155,62,158,159,149,138,84,123,162,155,156,93,145,154,152,93,160,118,140,155,116,158,159,148,161,163,103,120,157,150,161,166,165,164,91,164,145,125,161,163,156,161,160,146,162,128,162,160,141,160,161,144,157,162,155,162,159,156,148,163,164,122,113,162,137,161,145,162,161,144,158,155,162,160,159,155,161,133,160,156,138,161,161,159,158,141,129,158,146,154,151,153,150,141,151,136,145,147,143,140,147,137,145,143,144,133,140,137,139,138,131,136,135,134,134,133,118,130,129,127,128,127,123,124,124,117,118,119,119,103,104,116,113,113,111,112,111,108,108,106,104,105,101,102,99,96,97,94,94,91,91,90,84,84,86,83,83,82,81,79,77,75,73,72,72,69,70,67,67,66,64,62,61,59,58,57,54,52,50,49,47,46,42,43,41,39,37,35,33,31,29,27,23,24,22,18,19,17,15,14,12,10,8,6,4,2,0,0,0,0,0,0,0,2,4,6,8,10,12,14,16,18,20,22,23,25,27,29,31,33,35,37,39,40,39,42,44,46,46,47,50,51,52,54,55,53,57,56,59,61,63,64,65,66,66,69,71,70,71,73,74,75,78,78,81,82,84,86,83,70,90,90,91,93,94,93,97,99,99,73,100,102,102,102,0,105,103,105,108,104,110,108,113,115,117,117,119,120,121,121,125,127,126,129,130,130,133,133,131,137,126,135,137,142,140,144,132,143,134,127,124,145,149,140,150,143,153,153,154,156,155,158,160,159,159,161,148,157,148,159,156,163,164,168,164,168,171,153,157,135,167,145,173,175,174,174,159,174,142,177,119,182,160,180,172,166,185,154,177,167,190,182,180,194,163,188,158,195,200,198,173,200,203,202,200,178,181
199,199,188,149,203,204,192,206,154,174,174,200,199,178,152,160,187,150,185,182,149,185,196,203,200,133,202,182,182,200,147,197,205,181,203,175,202,202,176,170,118,135,159,154,155,206,205,168,192,206,165,199,198,203,193,192,174,182,162,191,188,167,135,149,196,199,179,190,139,184,192,186,190,187,198,197,133,198,183,113,197,149,197,137,196,155,195,192,193,187,193,140,96,165,151,164,155,155,123,92,133,191,116,122,84,184,147,153,148,143,90,155,93,0,158,130,100,141,134,133,88,108,181,136,183,177,183,155,175,181,149,180,187,186,188,150,181,190,108,189,159,191,140,91,151,153,168,148,147,183,125,164,191,177,186,127,192,133,178,147,192,192,171,186,93,189,189,180,169,114,155,192,185,186,123,175,183,182,122,188,147,169,183,145,186,186,175,188,190,130,145,184,176,187,192,191,191,116,189,170,150,187,189,183,187,186,172,188,154,188,185,166,185,186,168,181,186,178,186,182,178,171,185,185,141,132,181,156,178,163,177,176,160,171,169,174,171,169,165,171,141,167,163,142,166,167,164,162,146,132,162,149,159,155,158,154,145,155,140,149,151,147,144,151,141,149,147,148,136,144,140,143,141,133,139,137,137,136,135,120,132,132,129,130,129,124,126,126,119,121,122,121,105,106,118,115,114,114,113,112,109,109,107,105,106,102,103,100,97,98,94,95,92,92,91,85,85,87,84,84,83,82,80,78,76,74,72,72,69,70,66,67,66,64,62,61,59,58,57,54,52,50,49,47,46,42,43,41,39,37,35,33,31,29,27,0,24,22,18,20,18,16,15,13,12,10,8,6,4,2,0,0,0,0,0,0,0,2,4,6,8,10,12,14,16,18,20,21,23,25,27,29,31,33,35,37,38,37,40,42,44,44,45,48,49,50,52,53,51,55,54,58,60,62,63,64,65,65,68,70,70,70,72,73,74,77,77,80,82,84,86,83,70,90,90,91,93,93,93,96,98,98,73,100,103,104,106,106,108,109,111,112,111,115,114,118,120,122,122,124,125,126,126,130,132,130,133,134,134,137,137,135,141,130,139,141,146,144,148,136,147,138,132,129,149,153,144,153,147,157,157,158,160,159,162,164,163,163,165,152,161,152,163,160,167,168,172,168,173,175,158,162,140,171,151,177,179,179,178,163,178,147,181,125,186,164,185,176,170,190,158,181,172,194,186,184,198,167,191,161,199,204,202,176,202,205,203,200,178,180
201,201,190,153,205,206,194,208,158,177,178,202,201,181,156,162,190,152,188,185,153,188,198,205,202,135,204,186,186,202,149,199,207,185,205,178,204,204,180,172,120,139,161,156,157,208,207,172,194,208,169,201,200,205,195,194,176,184,164,194,191,169,139,151,198,201,181,193,143,186,195,188,192,188,200,199,135,200,187,117,200,151,199,141,199,159,198,194,196,190,196,142,100,167,155,168,159,157,125,96,135,193,118,126,88,187,151,157,152,145,95,157,97,132,160,133,103,142,0,133,90,108,183,136,185,179,185,155,175,183,151,181,189,188,190,151,181,192,108,191,159,193,139,91,152,155,170,148,147,185,127,164,193,178,188,129,194,135,178,149,194,194,172,188,93,191,190,182,169,114,157,194,186,188,123,176,185,182,122,190,147,170,185,146,188,188,176,190,192,130,145,184,176,189,194,193,193,116,191,170,150,189,191,184,189,188,172,190,155,190,187,166,187,188,168,183,188,180,188,184,180,172,188,188,142,133,184,159,181,164,180,179,161,174,172,177,174,172,168,173,144,170,166,143,169,170,167,165,149,133,165,150,161,158,161,157,148,158,141,152,154,150,147,154,144,152,150,151,139,147,143,146,144,135,142,140,140,139,138,123,135,135,132,133,132,127,129,129,122,124,125,124,108,109,120,118,117,117,116,115,112,112,110,108,109,105,106,103,100,101,97,98,95,95,94,88,88,90,87,87,86,85,83,81,79,77,75,75,72,73,70,70,69,67,65,64,62,61,60,57,55,53,52,50,49,45,46,44,42,40,38,36,34,32,30,26,27,25,21,22,20,18,17,15,14,12,10,8,6,4,2,0,0,0,0,0,0,0,2,4,6,8,10,12,14,16,18,19,21,23,25,27,29,31,32,34,35,0,36,38,40,40,42,44,45,46,48,49,48,51,50,54,56,58,59,60,61,61,64,66,66,66,68,69,70,73,73,76,78,80,82,79,66,86,86,87,89,89,89,92,94,94,71,96,99,100,102,102,105,105,107,109,108,112,111,115,117,119,119,121,122,123,123,127,129,127,130,131,131,134,134,132,138,129,136,138,143,141,145,135,144,137,131,128,146,150,143,151,144,154,154,155,157,156,159,161,160,160,162,149,158,151,160,159,164,165,169,165,170,172,156,159,139,168,149,174,176,176,175,160,176,146,178,124,183,163,183,173,167,187,155,179,171,191,183,181,195,166,189,158,196,201,199,174,202,204,203,201,179,182
213,214,205,169,220,223,211,225,178,195,198,223,223,202,179,185,214,177,214,212,180,216,227,234,232,165,236,219,219,236,184,234,243,222,243,217,242,244,221,214,163,183,205,201,202,254,255,219,243,258,219,252,252,258,248,249,231,239,221,251,251,228,200,213,260,265,245,256,210,252,264,256,261,259,271,270,208,273,261,193,275,228,277,221,278,240,278,277,279,275,281,229,188,256,245,258,251,249,218,190,229,287,213,220,183,283,246,253,249,242,194,255,195,232,257,233,201,241,233,229,186,202,276,228,275,269,274,243,262,269,235,265,271,268,269,228,258,268,183,265,233,265,211,162,222,225,239,217,215,251,192,228,255,240,248,189,253,193,234,205,248,247,223,239,142,240,238,229,216,161,203,239,230,231,166,217,226,221,161,228,184,206,220,182,221,222,209,221,221,158,174,211,202,215,218,217,215,137,212,190,171,207,209,201,205,204,186,204,169,202,198,177,196,197,175,190,194,186,192,188,183,174,190,189,143,135,185,161,183,164,182,181,161,176,174,178,176,174,168,175,145,172,167,144,170,171,167,166,150,133,166,150,162,159,161,158,148,159,140,152,154,150,147,154,143,151,150,150,139,146,143,145,143,134,141,140,139,138,137,122,133,133,130,131,130,126,126,126,119,121,122,121,105,106,118,115,114,114,113,112,109,109,107,105,106,102,103,100,97,98,95,94,91,91,90,82,83,86,0,85,85,85,84,82,80,78,76,76,73,74,71,71,70,68,66,65,63,62,61,58,56,54,53,51,50,47,48,46,44,42,40,38,36,34,32,28,29,27,23,24,22,20,19,17,16,14,12,10,8,6,4,2,0,0,0,0,0,0,0,2,4,6,8,10,12,14,16,18,20,22,24,26,28,29,31,33,34,34,36,38,40,40,42,44,45,46,48,48,47,50,0,53,55,57,58,59,60,60,63,65,65,65,67,68,69,72,72,75,77,79,81,78,64,85,85,86,88,89,88,92,94,94,72,96,99,100,102,102,105,105,107,109,108,112,111,115,117,119,119,122,123,123,124,128,129,129,131,132,133,136,135,134,139,131,138,139,144,143,146,137,146,139,134,130,149,152,147,153,146,156,157,157,160,159,162,165,164,165,167,153,164,156,166,165,170,171,175,171,176,178,164,165,146,175,156,181,183,183,181,166,182,154,186,132,191,171,190,181,176,195,163,189,180,200,193,191,206,176,198,168,207,211,210,185,212,215,215,212,190,194
201,201,191,154,204,206,193,208,159,176,178,202,200,180,156,160,191,151,189,186,153,189,197,203,200,131,202,185,184,199,146,195,203,182,201,175,198,198,175,166,114,134,155,150,151,201,200,0,185,201,162,196,196,203,193,194,176,185,166,198,198,174,146,159,207,212,191,204,156,199,212,204,209,207,219,218,156,222,211,144,226,177,227,171,229,191,230,227,231,227,233,180,141,207,197,210,203,201,172,145,183,243,167,177,142,241,205,213,209,202,157,216,159,195,221,197,168,207,199,197,155,170,246,197,247,241,246,216,236,243,211,241,248,246,248,208,238,249,164,248,216,250,195,146,210,212,226,206,203,240,184,218,247,233,241,184,248,189,230,202,246,244,221,237,139,238,236,228,213,159,201,238,228,230,163,216,225,220,159,227,183,207,220,182,221,220,208,221,221,157,173,210,202,216,220,219,217,137,213,191,171,209,211,203,206,205,187,206,170,204,200,177,199,200,178,192,198,188,196,192,187,177,194,193,145,137,189,165,186,167,186,185,164,180,177,182,180,176,171,179,149,176,171,147,174,175,172,170,154,136,170,153,166,163,166,162,152,163,143,156,158,154,151,158,148,156,154,155,143,151,148,150,148,138,146,145,144,143,142,127,138,138,135,136,135,131,131,131,123,126,127,126,110,111,122,120,119,119,118,117,114,114,112,110,111,107,108,105,102,103,100,99,96,96,96,90,90,92,89,89,88,87,85,83,81,79,77,77,74,75,72,72,71,69,67,66,64,63,62,59,57,55,54,52,51,48,49,47,45,43,41,39,37,34,34,30,31,29,25,26,24,22,21,19,18,16,14,12,10,8,6,4,2,0,0,0,0,0,0,0,2,4,6,8,10,12,14,16,18,20,22,24,26,28,30,32,33,33,35,37,39,39,41,43,44,45,47,48,47,50,50,53,55,57,58,59,60,60,63,65,65,65,67,68,69,72,72,75,77,79,81,78,65,85,85,86,88,89,88,92,94,94,73,96,99,100,102,103,105,105,107,109,108,112,111,115,117,119,119,121,122,123,123,128,130,129,132,133,135,137,136,134,140,133,138,140,145,143,147,139,147,141,136,132,149,153,149,154,148,157,157,158,159,159,162,165,164,165,166,154,164,156,165,166,169,170,174,171,174,174,161,160,141,169,150,172,168,173,171,0,172,144,175,122,180,161,180,171,164,184,152,178,169,189,181,179,193,165,187,156,195,199,198,173,201,203,202,200,178,182
205,205,196,162,211,214,202,216,171,187,191,214,214,194,172,176,207,168,207,205,173,208,218,225,223,156,227,212,212,227,175,225,234,215,233,210,233,235,214,205,154,176,197,193,193,245,245,212,234,248,212,243,242,249,239,240,222,230,212,242,242,219,193,203,251,255,235,248,201,242,254,246,251,248,260,259,195,260,250,181,261,213,260,206,261,223,260,257,259,254,260,206,167,232,222,235,227,223,192,167,203,261,187,196,160,258,222,229,225,216,171,229,172,208,232,208,178,217,208,203,163,176,252,202,251,245,250,217,236,245,211,240,247,244,245,202,232,244,156,240,206,241,184,134,197,200,214,192,187,226,168,201,230,214,223,164,228,168,207,179,223,222,197,214,114,215,212,204,189,133,177,214,202,206,137,190,200,193,132,202,156,180,194,156,195,196,182,195,195,129,145,183,174,189,192,191,189,108,186,163,142,181,183,175,179,177,158,177,142,175,171,148,169,170,147,163,167,159,165,161,156,145,162,162,112,103,157,132,154,133,153,152,131,147,144,148,147,144,137,145,115,141,136,110,138,139,135,134,118,98,134,0,129,127,128,128,120,132,112,127,131,129,127,134,125,134,134,136,125,134,132,135,135,124,135,135,136,136,137,123,135,136,134,136,136,133,133,134,127,129,130,129,113,114,125,123,122,122,121,120,117,117,115,113,114,110,111,108,105,106,103,102,100,100,99,93,93,95,92,92,91,90,88,86,84,82,80,80,77,78,75,75,74,72,70,69,67,66,65,62,60,58,57,55,54,51,52,50,48,46,44,42,40,37,36,32,33,31,27,28,26,24,23,21,20,18,16,14,12,10,8,6,4,2,0,0,0,0,0,0,0,2,4,6,8,10,12,14,16,18,20,22,24,26,28,30,31,31,33,35,37,37,39,41,42,43,45,46,45,48,48,51,53,55,56,57,58,58,61,63,63,63,65,66,67,70,70,73,74,75,77,55,0,81,81,82,84,85,84,88,90,90,70,92,94,96,98,99,101,102,103,105,104,108,107,111,113,115,115,118,118,119,120,125,126,125,127,128,130,132,132,130,135,129,134,135,140,139,142,135,142,137,132,129,145,148,145,149,143,152,153,153,156,154,157,160,159,160,162,147,159,152,159,159,163,164,168,164,169,171,159,158,141,168,151,173,176,175,175,159,176,149,179,127,184,166,184,174,169,188,156,183,174,193,185,183,198,170,191,160,199,203,202,177,204,207,207,203,182,186
209,211,202,169,216,219,207,222,178,192,198,220,220,200,180,182,214,174,214,212,181,216,225,231,230,162,234,219,219,234,181,232,240,222,241,217,240,242,221,211,160,184,203,199,199,252,253,219,240,256,219,250,250,256,247,247,228,237,218,249,250,225,201,210,258,263,242,254,209,250,262,254,260,257,270,269,205,272,262,196,274,226,276,223,277,241,277,276,278,274,280,228,190,255,247,259,252,249,218,195,230,289,215,226,190,287,251,258,255,245,201,258,202,237,260,238,208,247,238,232,193,204,281,231,280,274,279,246,265,274,241,270,276,273,274,231,261,273,184,270,236,270,214,163,228,231,245,223,217,256,199,231,260,244,252,195,259,199,237,210,254,252,226,244,143,245,241,235,219,163,208,245,233,237,167,220,232,224,162,233,187,211,226,188,226,227,213,227,227,159,177,214,206,222,225,224,222,139,218,194,174,214,216,208,211,211,190,211,176,209,205,181,203,204,179,196,201,192,199,195,189,178,197,196,146,138,192,168,190,168,189,188,165,182,181,185,183,181,172,182,152,179,174,148,177,178,173,173,156,137,173,154,169,166,167,164,155,166,144,159,161,156,154,161,151,159,157,158,145,154,151,153,151,139,149,148,147,146,145,130,141,140,139,139,139,135,135,135,128,130,130,130,114,115,126,124,123,123,122,121,118,118,116,114,115,111,112,109,106,107,104,103,101,101,100,94,94,96,93,93,92,91,89,87,85,83,81,81,78,79,76,76,75,73,71,70,68,67,66,63,62,60,59,57,56,53,54,52,50,48,46,44,42,39,38,34,35,33,29,30,28,26,25,23,22,20,18,16,14,12,10,8,6,4,2,0,0,0,0,0,0,0,2,4,6,8,10,12,14,16,18,20,22,24,26,28,30,30,31,33,35,35,37,39,40,41,43,44,43,46,46,49,51,53,54,56,56,57,59,61,61,0,62,63,64,67,67,70,72,74,76,61,60,80,80,81,83,84,83,87,89,88,70,91,94,95,97,98,100,101,102,104,103,107,106,109,111,112,0,115,116,116,117,121,123,123,125,126,128,130,130,129,134,129,133,134,139,137,141,135,141,137,132,128,144,147,145,148,142,151,152,152,155,154,157,160,159,160,162,148,160,154,161,161,165,166,170,167,171,173,162,160,144,170,154,176,178,178,177,161,178,152,181,131,186,169,186,178,171,191,159,188,178,197,190,187,202,175,195,164,204,207,206,181,209,211,211,209,186,190
210,210,201,170,216,219,207,221,178,193,198,219,219,200,179,180,214,174,214,212,180,215,223,230,228,160,232,218,218,232,180,230,239,221,239,217,238,240,220,210,159,184,201,197,198,250,250,219,239,253,219,248,247,254,244,245,227,235,217,248,248,224,201,208,256,260,240,253,206,247,260,251,256,254,265,264,200,265,256,189,266,218,265,213,266,229,265,262,264,260,265,211,175,237,228,241,233,228,198,174,208,267,191,203,167,264,228,235,231,221,178,234,179,213,237,214,185,223,214,208,170,181,258,207,257,251,256,222,242,251,217,247,253,250,251,208,238,250,160,246,211,247,189,137,204,206,220,198,192,232,174,206,236,220,229,171,234,174,213,185,229,227,201,220,0,220,217,212,195,141,187,225,213,219,148,204,216,209,147,220,173,201,215,177,217,217,204,217,217,149,165,204,195,212,215,214,212,128,208,185,162,204,207,199,201,201,180,201,165,199,194,170,193,194,168,186,191,182,189,185,180,167,186,186,134,126,181,157,178,156,178,177,154,170,170,174,172,169,161,171,141,168,163,0,167,167,162,163,147,126,165,143,161,160,162,160,152,163,142,158,161,157,154,161,151,159,157,158,146,154,151,153,151,138,149,148,147,146,145,130,141,141,139,139,139,135,135,135,128,130,131,130,114,115,126,124,123,123,122,121,118,118,116,114,115,111,112,109,107,107,105,104,102,102,101,95,95,97,94,94,93,92,90,88,86,84,82,82,79,80,77,77,76,74,72,71,69,68,67,64,63,61,60,58,57,54,55,53,51,49,47,45,43,40,39,35,36,34,30,31,29,28,27,25,24,22,20,18,16,14,12,10,8,6,4,2,0,0,0,0,0,0,0,2,4,6,8,10,12,14,16,18,20,22,24,26,28,28,29,31,33,33,36,38,39,40,42,43,42,45,46,48,50,52,53,55,55,56,59,61,61,62,64,65,66,69,69,72,74,76,78,75,64,82,82,83,85,86,85,89,91,90,72,93,95,97,99,100,102,103,104,106,104,109,108,112,114,116,116,118,119,120,120,125,127,126,129,130,132,134,134,132,138,133,136,138,143,141,145,139,145,141,136,133,147,151,149,152,146,155,156,156,159,157,161,164,163,163,166,152,162,158,164,164,168,169,173,169,173,176,165,163,147,172,157,178,181,180,179,165,181,155,183,134,189,172,188,178,174,192,160,189,180,197,190,188,203,177,197,165,204,208,207,182,209,212,212,208,187,192
205,206,196,166,211,213,202,216,173,188,194,214,214,194,175,175,210,168,210,208,176,209,216,222,219,150,222,208,208,220,166,217,224,207,223,201,221,222,203,189,138,164,177,174,175,226,226,195,213,227,193,220,219,225,214,213,195,202,182,214,213,187,164,170,218,221,201,213,0,209,219,212,217,214,227,227,162,229,222,153,232,183,232,180,233,197,232,229,231,226,231,178,140,203,196,208,200,195,163,140,173,232,155,169,132,228,194,201,196,186,142,198,143,178,201,179,149,187,179,171,133,143,223,170,221,214,220,185,203,214,180,208,214,211,211,166,195,208,116,205,167,205,146,0,161,164,177,157,151,193,136,168,201,184,196,137,202,144,182,157,202,202,176,196,93,199,193,190,173,117,165,203,191,197,125,181,194,187,124,199,153,179,194,157,197,198,184,200,202,132,151,190,182,200,204,204,203,119,202,177,157,200,202,196,200,199,179,201,168,201,199,174,199,200,176,195,200,192,200,194,190,178,197,197,145,136,193,168,189,168,189,188,165,180,181,186,183,181,172,183,153,179,175,146,178,179,174,173,157,136,174,153,170,165,168,165,156,167,143,160,162,157,155,162,152,160,158,159,147,155,152,154,152,137,150,149,148,147,146,131,142,142,140,140,140,136,136,136,129,131,131,131,115,116,127,125,124,124,123,122,119,119,117,115,116,112,113,110,108,108,104,105,103,103,102,96,96,98,95,95,94,93,91,89,87,85,83,83,78,81,78,78,77,75,73,72,70,69,68,65,64,62,61,59,58,55,56,54,52,50,48,45,44,42,41,37,38,36,32,33,31,30,29,27,26,24,22,20,18,16,14,12,10,8,6,4,2,0,0,0,0,0,0,0,2,4,6,8,10,12,14,16,18,20,22,24,26,26,27,29,31,31,34,36,37,38,40,41,40,43,44,46,48,50,51,53,53,54,57,59,60,60,62,63,64,67,67,70,72,74,76,73,64,80,80,81,83,84,83,87,89,89,72,91,94,95,97,98,100,101,102,104,102,107,106,110,112,114,114,117,118,118,119,124,125,125,127,128,130,132,132,131,136,133,135,136,141,140,143,139,143,141,136,132,146,149,148,150,145,153,154,154,157,156,159,161,160,161,163,149,160,157,162,161,166,167,171,167,172,174,164,161,147,170,156,177,179,179,178,165,179,155,180,134,186,171,185,177,171,189,158,187,178,195,187,185,198,174,193,161,200,204,202,177,206,207,206,205,183,184
203,204,195,165,209,212,200,214,173,185,192,213,213,193,174,173,208,166,209,207,175,210,217,223,222,153,226,213,213,226,173,224,232,216,233,211,232,234,215,203,151,179,194,191,191,244,245,214,232,247,214,242,241,248,238,239,220,228,210,241,242,217,196,202,250,255,234,246,201,242,254,246,251,249,261,260,197,263,255,189,265,217,267,216,268,234,268,266,267,263,268,215,179,241,234,246,238,232,201,179,211,270,195,208,172,267,233,240,237,225,183,238,184,219,240,220,190,229,220,212,175,184,263,211,262,256,261,226,245,256,223,252,258,255,256,211,241,255,163,251,215,252,193,142,209,212,226,204,196,237,180,210,241,223,234,174,240,180,216,191,235,233,205,225,122,226,220,216,198,141,189,226,211,218,144,199,212,202,139,213,165,191,206,169,206,207,191,207,207,136,154,192,183,201,204,203,201,114,197,171,151,193,195,187,190,189,167,189,154,187,183,157,181,182,155,174,179,170,177,173,167,154,174,174,120,112,169,145,167,143,166,165,140,157,158,162,160,158,147,159,129,156,151,122,154,155,150,150,134,111,150,129,146,143,144,141,132,143,118,136,138,133,131,138,128,136,134,135,122,130,127,129,127,111,125,123,122,121,120,105,116,115,113,114,113,109,110,109,102,104,0,104,85,89,103,102,102,103,104,105,102,103,102,101,103,100,102,101,100,101,100,102,102,104,104,98,98,100,97,97,96,95,93,91,89,87,85,84,81,83,80,80,79,77,75,74,72,71,70,68,67,65,64,62,61,58,59,57,55,53,51,48,46,44,43,39,40,38,34,35,33,32,31,29,28,26,24,22,20,18,16,14,12,10,8,6,4,2,0,0,0,0,0,0,0,2,4,6,8,10,12,14,16,18,20,22,24,24,25,27,29,29,32,34,35,36,38,39,38,41,42,44,46,48,49,51,51,52,55,57,58,58,60,61,62,65,65,68,69,71,72,0,62,77,77,78,80,81,80,84,86,85,70,88,91,93,95,96,98,99,100,102,101,105,104,108,109,111,111,114,115,115,116,119,121,121,122,124,125,127,127,126,130,128,130,130,135,133,137,134,137,135,131,126,140,143,144,144,138,147,148,148,151,150,153,156,155,156,158,144,156,152,156,157,160,161,165,162,166,168,160,155,142,165,151,171,173,172,172,160,173,151,176,130,181,166,181,172,166,185,152,182,175,191,184,181,196,172,189,158,198,201,200,175,202,205,205,202,180,184
195,196,186,159,202,203,193,206,165,178,186,204,204,185,167,165,201,158,202,200,168,203,208,213,211,142,213,201,201,211,159,209,215,200,215,194,213,214,195,182,131,158,170,167,167,218,218,188,205,219,186,212,211,216,206,205,186,194,174,206,205,179,158,163,209,213,192,204,157,198,209,201,205,202,213,212,147,213,205,139,213,164,213,162,213,178,212,209,211,207,211,158,123,183,176,189,180,174,143,122,152,212,135,150,114,208,174,180,177,165,123,178,125,158,180,159,130,167,159,150,114,122,202,149,201,195,201,164,185,195,161,190,195,193,192,149,178,191,83,187,150,187,128,75,145,146,160,138,130,172,114,144,176,157,167,107,172,112,149,123,167,165,137,156,46,157,150,147,127,71,119,156,141,147,0,128,142,132,0,146,98,128,143,105,145,146,132,149,151,80,99,138,131,150,155,155,155,63,153,128,105,152,153,147,151,152,131,154,120,154,151,126,153,153,127,148,154,146,154,151,148,133,156,157,101,95,155,131,153,130,155,154,131,147,150,155,153,151,142,155,126,153,150,120,155,156,154,153,139,116,155,135,153,150,154,151,142,154,130,149,152,150,147,155,146,154,153,155,143,151,148,150,149,133,147,146,145,146,145,131,142,142,140,140,140,136,137,137,130,132,132,132,116,116,129,126,126,125,125,124,121,121,119,116,118,114,115,112,110,110,107,108,106,106,105,99,99,100,98,97,97,96,94,92,90,88,87,87,83,85,82,82,81,79,77,76,74,73,72,70,69,67,66,64,63,60,61,59,57,55,53,50,48,46,45,41,42,40,36,37,35,34,33,31,30,28,26,24,22,20,18,16,14,12,10,8,6,4,2,0,0,0,0,0,0,0,2,4,6,8,10,12,14,16,18,20,22,22,24,25,27,27,30,32,33,35,37,39,38,41,42,44,46,48,49,51,51,52,55,57,57,59,60,61,62,65,64,68,69,71,73,71,63,77,77,78,80,81,80,84,86,86,71,88,91,93,95,96,98,99,100,102,99,105,104,107,109,110,112,114,115,115,116,121,121,121,123,124,126,128,128,127,132,130,130,132,137,136,139,137,139,138,132,130,141,144,145,145,141,147,149,149,152,150,153,155,154,153,156,142,152,152,154,154,158,159,163,159,163,166,157,152,141,161,149,168,170,169,169,158,170,149,171,127,177,163,175,167,161,179,147,178,170,185,177,175,189,166,183,151,190,195,192,167,196,198,197,195,173,177
193,194,185,156,200,202,191,205,165,176,185,204,204,183,167,164,200,157,201,199,168,201,207,212,211,0,215,204,205,216,163,214,222,208,223,203,223,224,208,193,140,171,183,181,182,235,236,206,224,239,206,234,233,240,230,231,212,220,202,233,234,209,188,194,243,248,226,240,172,235,246,238,244,241,254,253,189,256,250,183,259,210,260,210,262,229,263,260,264,259,265,213,179,239,235,248,240,234,203,184,215,274,198,215,181,273,243,250,246,235,195,248,198,232,253,235,206,244,237,228,193,202,283,228,282,276,280,244,263,275,242,270,277,275,276,229,259,275,181,272,232,272,212,162,229,232,245,224,215,257,201,229,262,242,255,194,260,202,235,212,256,254,226,247,144,248,240,237,218,162,211,247,232,239,165,219,234,223,160,237,187,216,230,192,230,230,212,230,230,158,177,214,207,225,229,228,226,137,222,194,174,218,220,212,215,215,190,215,179,213,209,181,207,209,181,201,206,197,204,199,194,180,202,201,146,137,197,173,194,170,194,193,167,183,186,190,188,185,174,187,157,184,179,151,182,183,179,177,161,137,178,157,174,171,173,169,160,171,144,164,166,161,159,166,156,164,162,163,151,159,156,158,156,139,154,153,152,152,151,136,147,147,145,145,145,141,141,141,133,136,136,136,120,120,132,130,129,129,127,127,124,124,122,118,120,117,118,115,113,113,110,110,108,108,107,101,101,103,100,100,98,98,96,94,92,91,89,89,85,87,84,84,83,81,79,78,76,75,74,72,71,69,68,66,65,62,63,61,59,57,55,52,50,48,47,43,44,42,38,39,37,35,35,33,32,30,28,26,24,22,20,18,16,14,12,10,8,6,4,2,0,0,0,0,0,0,0,2,4,6,8,10,12,14,16,18,20,20,22,23,25,25,28,30,31,33,35,37,36,39,40,42,44,46,47,49,50,50,53,55,56,57,58,59,60,63,63,66,68,70,72,70,64,76,76,77,79,80,79,83,85,85,72,87,90,92,94,95,97,98,100,102,101,105,105,108,110,112,113,115,116,116,117,122,123,123,125,126,128,130,130,129,134,132,133,134,139,138,141,140,141,141,137,133,144,147,148,148,144,152,153,153,156,155,158,161,160,161,163,148,161,159,162,162,166,167,171,168,172,174,167,160,150,171,159,177,179,179,178,168,180,158,182,138,187,174,187,179,172,192,157,190,183,197,188,184,197,173,188,156,196,198,196,169,198,198,197,194,170,0
202,203,195,168,209,211,200,213,175,185,195,212,211,192,177,172,209,166,211,209,178,210,217,222,222,151,225,215,215,225,173,223,231,218,231,213,232,233,217,203,151,182,193,190,191,243,243,216,232,246,216,242,241,247,237,238,219,227,210,241,241,216,198,201,250,254,232,245,201,239,250,241,246,243,255,254,189,255,249,182,255,206,255,206,255,222,254,252,253,249,254,200,168,226,222,234,226,217,187,169,196,257,181,196,162,253,221,228,225,210,172,224,173,207,226,208,178,217,208,198,164,169,251,196,250,244,249,212,231,244,211,237,245,242,243,196,226,242,147,239,199,239,177,130,196,199,213,191,180,224,167,195,228,208,220,158,227,166,201,178,221,219,189,211,109,212,204,202,182,124,175,212,195,204,127,183,198,186,122,199,149,177,192,155,192,192,174,192,192,118,136,174,166,185,189,187,185,0,181,155,133,180,183,176,180,180,157,183,149,183,180,153,181,182,155,177,183,175,183,180,175,161,184,185,129,120,183,159,182,157,183,182,156,174,177,182,181,180,168,183,153,180,175,146,179,179,175,175,159,133,175,154,171,168,169,166,158,168,140,162,164,159,157,164,154,161,160,161,148,157,154,156,154,136,152,151,150,151,150,135,146,146,144,144,144,140,140,140,133,135,135,135,120,119,132,130,129,129,127,127,123,124,122,116,120,117,118,114,113,113,110,110,108,108,107,101,101,103,100,100,98,98,96,95,93,92,90,90,86,88,85,85,84,82,80,79,77,76,75,73,72,70,69,67,65,63,64,62,60,58,56,53,52,50,49,45,46,44,40,41,39,37,37,35,34,32,30,28,26,24,22,20,18,16,14,12,10,8,6,4,2,0,0,0,0,0,0,0,2,4,6,8,10,12,14,16,18,18,20,21,23,23,26,28,29,30,32,33,0,35,36,38,40,42,43,45,46,46,49,51,52,53,54,55,56,59,59,62,64,66,68,66,61,72,72,73,75,76,75,79,81,81,69,83,86,88,90,91,93,94,96,98,97,101,101,104,106,108,109,111,112,112,113,118,119,119,121,122,124,126,126,126,130,129,129,130,135,134,137,137,137,137,134,131,141,144,145,145,140,149,150,150,153,152,155,158,157,156,159,145,157,156,158,158,162,163,167,163,167,170,162,157,147,167,156,172,175,174,174,165,175,156,177,135,183,171,183,174,168,186,153,184,179,192,185,182,197,173,190,158,197,202,199,174,203,205,205,202,180,187
194,195,186,161,200,203,191,205,167,177,187,204,203,183,170,164,200,158,203,201,171,202,207,214,212,143,216,206,206,216,163,214,221,207,220,202,218,219,203,186,136,167,174,172,172,223,223,196,210,224,194,217,216,222,211,211,192,199,180,211,211,185,166,168,215,219,198,210,165,204,215,206,211,208,219,218,153,219,213,147,219,170,219,170,219,186,218,215,217,212,217,163,131,188,184,197,188,180,149,131,158,219,142,158,124,214,183,189,185,172,133,184,134,167,187,168,140,177,168,158,125,130,212,157,211,205,210,172,192,205,171,199,206,204,204,157,187,202,0,199,157,199,138,90,159,160,175,154,144,189,132,161,197,177,191,130,198,139,175,152,196,196,167,189,87,191,182,180,159,103,153,190,174,182,104,162,177,165,99,178,126,157,171,132,172,171,153,170,170,96,114,152,144,164,168,166,164,74,160,132,109,155,157,149,151,151,126,150,114,147,144,115,142,142,112,134,139,130,137,132,127,109,132,131,0,52,127,104,126,102,129,129,104,120,125,130,129,127,117,133,105,132,129,101,134,136,134,133,119,92,136,117,134,132,134,133,125,137,109,132,135,132,130,138,129,137,137,138,127,137,135,138,138,118,137,137,137,139,139,126,138,138,137,138,139,135,137,138,130,133,133,133,117,117,130,127,127,125,125,125,122,122,120,114,118,116,117,113,113,113,109,110,108,109,108,102,102,103,101,100,99,99,98,96,94,93,91,91,86,89,86,86,85,83,81,80,78,77,76,74,73,71,71,69,67,65,66,64,62,60,58,55,53,52,51,47,48,46,42,43,41,39,39,37,36,34,32,30,28,26,24,22,20,18,16,14,12,10,8,6,4,2,0,0,0,0,0,0,0,2,4,6,8,10,12,14,16,18,20,21,23,23,26,28,29,31,33,35,34,37,38,40,42,44,45,47,48,48,51,53,54,55,56,57,58,61,61,64,66,68,70,69,64,74,74,75,77,78,77,81,83,83,72,85,88,90,92,93,95,96,98,100,99,103,102,105,107,108,110,110,112,112,112,118,119,118,120,121,123,125,125,123,128,126,127,128,133,132,135,135,135,135,132,130,138,141,142,142,136,144,146,145,148,147,150,152,151,150,153,138,149,151,151,150,155,156,160,156,160,163,154,148,141,158,149,165,168,167,167,159,168,150,169,129,175,165,174,165,160,178,144,176,171,184,176,174,187,165,182,150,189,193,191,166,195,196,196,194,171,179
190,190,180,154,193,194,181,196,156,164,175,191,189,168,154,147,183,139,186,183,151,181,186,191,188,88,190,179,179,187,133,183,190,176,188,169,185,185,169,151,0,131,140,137,139,192,193,165,181,196,166,191,190,197,187,188,169,178,159,191,192,167,150,152,201,206,184,198,154,193,205,198,203,200,213,212,149,215,212,146,219,170,220,172,222,191,223,220,224,219,226,173,142,200,197,210,203,194,164,148,175,235,159,177,145,234,205,213,209,195,158,209,160,195,214,197,169,207,199,189,157,162,246,190,247,241,246,209,228,243,211,237,246,244,245,196,226,244,149,241,199,241,179,132,198,201,214,193,181,226,170,196,231,209,224,161,229,171,202,181,225,223,193,215,114,217,206,206,185,127,180,216,198,208,132,186,202,190,127,205,153,183,199,160,199,199,175,199,201,0,145,185,177,198,204,204,203,113,201,171,151,199,202,195,198,199,173,200,166,200,196,168,196,198,169,192,198,190,198,194,190,173,198,198,142,130,194,170,190,164,191,189,161,177,182,187,184,181,169,184,154,181,176,148,180,180,177,175,160,132,176,155,171,169,171,167,159,169,140,163,165,160,158,165,155,163,161,162,150,158,154,157,155,135,153,152,151,152,151,137,147,148,145,145,146,142,142,143,135,139,139,139,123,122,135,133,132,132,130,130,127,127,125,117,123,121,122,117,117,117,113,114,112,112,111,105,105,106,104,104,102,102,100,99,97,96,94,94,89,92,89,89,88,86,84,83,81,80,79,77,76,74,73,70,69,67,68,66,64,62,60,57,55,54,53,49,50,48,44,45,43,41,41,39,38,36,34,32,30,28,26,24,22,20,18,16,14,12,10,8,6,4,2,0,0,0,0,0,0,0,2,4,6,8,10,12,14,16,18,19,21,21,24,26,27,29,31,33,32,35,36,38,40,42,43,45,46,46,49,51,52,53,54,55,56,58,59,62,64,66,68,67,64,72,72,73,75,76,75,79,81,81,72,83,86,88,90,91,93,94,96,98,97,101,101,104,106,108,109,111,112,112,113,118,119,119,121,122,124,126,126,126,130,129,129,130,135,134,137,137,137,137,136,134,141,144,145,145,141,149,149,149,152,151,154,157,156,157,158,144,157,157,157,158,161,162,166,163,167,169,162,155,148,166,157,172,174,174,173,166,175,157,177,137,181,172,181,173,166,185,151,183,178,191,183,180,193,170,185,153,193,195,193,166,195,195,194,192,168,176
192,194,186,162,199,202,190,205,168,175,189,203,203,183,170,163,200,156,205,203,171,202,208,213,213,145,215,207,208,215,163,214,221,209,220,202,220,219,205,186,138,168,174,171,171,223,223,197,210,224,195,219,217,221,211,210,191,199,179,211,211,184,168,167,216,219,197,210,167,203,214,205,210,207,219,218,153,219,214,147,218,168,218,170,216,185,216,213,214,209,213,159,128,184,181,195,186,175,145,128,153,215,0,157,124,214,184,193,189,175,139,190,142,176,194,179,151,188,182,170,139,143,228,171,229,223,229,191,211,226,194,221,231,230,232,184,214,233,139,232,191,234,171,128,194,198,212,191,179,225,170,196,232,211,227,163,233,174,207,187,231,230,200,224,125,227,217,219,197,140,194,231,213,225,150,203,222,209,148,226,174,205,221,184,222,223,204,224,226,154,169,210,202,223,227,226,224,135,221,190,169,217,218,211,214,213,187,214,179,212,208,178,207,208,177,200,206,196,204,200,194,177,202,201,146,134,197,174,194,167,194,193,164,181,186,190,188,185,171,188,158,184,179,152,182,184,179,178,162,133,178,158,173,171,174,169,162,172,142,165,168,162,160,168,158,166,164,165,152,160,158,160,158,136,156,155,154,154,153,140,150,150,147,148,148,143,144,145,136,139,140,140,124,123,136,134,133,132,130,131,128,128,126,116,124,122,123,118,118,118,113,115,113,113,112,106,106,107,105,105,103,103,101,100,98,97,94,95,89,93,89,90,89,87,85,84,82,81,80,78,77,75,74,71,70,68,69,67,65,63,61,58,56,55,54,50,51,49,45,46,44,42,42,40,39,37,35,33,31,29,27,25,23,21,19,18,16,14,12,10,8,6,4,2,0,0,0,0,0,0,0,2,4,6,8,10,12,14,16,17,19,19,22,24,25,27,29,31,31,33,34,36,38,40,41,43,44,44,47,49,50,51,52,53,54,58,57,60,62,64,66,65,64,70,70,71,73,74,73,77,79,79,72,81,84,86,88,89,91,92,94,96,96,99,99,102,104,106,107,109,110,110,111,116,117,117,119,120,122,124,124,124,128,127,128,128,133,132,135,135,135,135,136,133,140,142,143,143,139,147,148,148,150,150,152,152,149,148,148,0,145,145,143,145,147,149,153,151,156,157,150,143,138,154,146,161,162,163,163,156,164,147,166,126,170,163,170,163,155,175,141,173,170,181,175,172,185,163,179,148,188,191,189,165,193,194,194,192,169,179
194,196,187,164,201,204,192,207,170,177,191,206,206,185,174,167,202,158,207,205,175,204,210,216,215,149,219,210,212,220,166,218,226,214,227,209,226,228,214,197,149,180,187,185,185,238,239,213,227,242,213,237,236,243,233,234,215,223,205,237,238,212,197,196,246,251,229,243,201,238,250,241,247,245,257,256,192,259,256,192,262,213,263,217,265,235,266,263,267,263,268,216,187,242,242,255,247,237,207,192,218,278,204,222,189,277,250,257,253,238,203,251,206,239,256,242,214,251,243,230,199,202,286,228,285,279,283,244,264,278,246,271,280,278,279,230,260,278,184,276,233,276,212,168,234,237,249,229,215,260,205,229,265,243,258,194,264,205,236,216,260,258,226,250,150,251,241,242,218,161,215,251,233,244,169,220,239,224,164,240,186,219,234,196,233,234,213,234,234,162,176,214,206,230,233,232,229,141,225,195,173,222,224,216,218,219,191,219,184,217,212,181,211,212,179,203,209,199,207,203,197,178,205,204,149,135,200,177,197,168,197,196,165,182,189,193,191,188,173,191,161,187,182,155,185,187,181,180,164,134,181,161,174,174,176,171,165,175,143,167,170,165,163,171,161,169,167,168,154,162,161,163,161,137,159,158,157,157,156,142,152,151,149,150,150,145,146,147,138,141,142,142,126,125,138,136,135,134,132,133,129,130,128,116,126,124,125,120,120,120,115,117,115,115,114,108,108,109,107,107,105,105,103,102,100,99,96,97,91,95,91,92,91,89,87,86,84,83,82,80,79,77,76,72,72,70,71,69,67,65,63,60,58,57,56,52,53,51,47,48,46,44,44,42,41,39,37,35,33,31,29,27,25,23,21,20,18,16,14,12,10,8,6,4,2,0,0,0,0,0,0,0,2,4,6,8,10,12,14,15,17,17,20,22,23,25,27,29,29,31,32,34,36,38,38,40,40,0,43,45,46,47,48,49,50,54,53,56,58,60,62,61,61,66,66,67,69,70,69,73,75,75,69,77,80,82,84,85,87,88,90,92,92,95,95,98,100,102,103,105,106,106,108,112,113,114,115,117,118,120,120,120,124,123,124,124,129,128,131,131,131,131,133,130,136,138,139,139,135,143,144,144,147,147,150,152,151,153,154,139,153,156,152,154,155,155,159,156,158,158,151,0,138,155,146,160,162,163,163,157,165,148,167,128,171,164,171,163,155,176,141,174,171,182,175,173,187,163,180,148,189,192,191,165,195,196,196,194,171,182
202,204,195,173,210,212,201,214,179,186,199,213,213,192,181,173,209,166,215,213,182,210,217,223,222,157,226,216,219,226,173,224,232,219,233,215,232,234,221,204,156,187,193,191,192,244,245,220,233,247,220,242,241,248,238,239,220,228,211,241,242,217,203,202,250,255,234,247,207,242,254,246,251,249,261,260,197,263,259,196,266,217,267,222,269,240,269,267,270,265,272,219,190,245,243,256,248,236,205,191,215,274,202,217,184,271,243,250,246,229,194,242,195,229,245,230,201,238,230,216,186,188,271,215,272,266,271,230,249,264,232,256,268,263,266,215,245,265,171,261,218,262,197,155,218,221,235,214,199,247,190,214,251,227,244,178,249,189,220,200,244,243,210,235,135,236,224,225,202,145,199,235,216,227,153,203,222,207,148,224,170,202,217,180,216,218,196,217,217,145,156,197,188,211,215,214,212,123,208,177,153,204,207,199,201,201,172,201,165,199,194,163,192,194,160,186,191,182,189,184,179,159,186,185,130,0,181,158,179,151,181,180,150,168,175,181,179,177,162,181,152,180,175,149,181,183,177,178,164,131,180,159,172,173,175,169,162,173,139,166,168,164,162,169,159,167,165,166,154,161,159,161,159,134,157,156,155,155,154,140,150,150,147,148,148,144,144,145,137,140,140,140,124,123,136,134,133,133,131,131,127,128,126,114,124,122,123,118,119,119,114,116,115,115,114,108,108,109,107,107,105,105,103,102,100,99,96,97,91,95,91,92,91,89,87,86,84,83,82,80,79,77,76,0,72,70,71,70,68,66,64,61,59,58,57,53,54,52,48,49,47,45,45,43,42,40,38,37,35,33,31,29,27,25,23,22,20,18,16,14,12,10,8,6,4,2,0,0,0,0,0,0,0,2,4,6,8,10,12,13,15,15,18,20,22,22,25,27,27,29,30,32,34,36,37,38,39,39,42,44,45,46,47,48,49,53,52,55,57,59,61,60,61,65,65,66,68,69,68,72,74,74,69,76,79,81,83,84,86,87,89,91,91,94,94,97,99,101,102,104,106,105,107,111,112,113,114,116,117,119,119,119,123,122,123,123,128,127,130,130,130,130,133,129,135,138,139,139,134,143,144,144,147,146,149,152,151,152,154,139,152,155,153,153,157,158,162,160,164,166,160,153,148,164,156,169,171,171,171,166,173,157,176,137,180,173,180,171,164,185,149,181,180,190,183,181,196,171,189,156,197,201,200,173,202,205,205,201,179,191
157,157,147,123,159,160,146,161,125,129,144,155,153,130,122,0,147,103,154,152,122,150,157,162,162,97,165,157,161,167,113,166,174,163,176,159,178,179,168,148,102,134,138,136,138,191,192,168,180,195,169,191,190,196,186,187,168,177,158,191,192,165,153,150,201,206,183,197,157,192,205,195,201,199,212,211,147,214,211,148,217,168,219,174,220,192,221,219,222,218,224,171,144,198,199,211,205,192,163,150,173,234,162,179,147,233,206,214,211,193,161,208,163,197,212,199,172,209,201,187,159,160,245,188,248,242,247,207,227,242,213,236,249,245,249,199,229,250,158,249,206,252,186,146,211,214,228,209,193,241,187,210,248,225,242,177,250,191,221,204,248,247,214,240,142,242,229,232,208,149,206,242,221,234,160,209,229,214,155,231,176,209,225,188,223,225,203,225,226,154,165,204,197,220,225,223,221,133,217,185,163,214,216,208,210,210,181,211,175,209,205,172,203,205,170,196,203,192,201,196,190,171,199,198,143,127,194,171,191,161,191,190,158,175,182,187,185,181,165,185,154,181,176,149,179,181,173,174,158,126,175,155,166,168,169,163,159,169,135,161,164,158,158,166,155,163,162,162,149,157,154,158,156,130,154,153,151,152,152,138,148,148,146,146,147,142,143,144,135,137,140,140,124,123,136,134,133,132,130,132,127,129,127,113,124,123,125,120,120,119,115,117,116,116,115,109,109,110,108,108,106,107,105,104,102,101,98,99,93,97,93,94,93,91,89,88,86,85,84,82,81,79,78,74,74,72,74,72,70,68,66,63,61,60,59,55,56,54,50,51,49,47,47,45,44,42,40,39,37,35,33,31,29,27,25,24,22,20,18,16,14,12,10,8,6,4,2,0,0,0,0,0,0,0,2,4,6,8,10,11,13,13,16,18,20,22,24,26,26,28,29,31,33,35,36,38,39,39,42,44,44,45,46,0,47,51,50,53,55,57,59,58,60,63,63,64,66,67,66,70,72,72,69,74,77,79,81,82,84,85,87,89,89,92,92,95,97,99,100,102,104,103,105,109,110,111,112,114,115,117,117,118,121,120,121,121,126,125,128,128,128,128,131,127,133,134,136,136,133,140,141,140,143,143,146,148,146,148,148,134,148,150,147,149,150,152,155,154,158,158,152,145,142,155,148,159,159,159,157,153,157,142,157,120,160,153,158,150,140,160,124,157,155,162,155,150,163,139,155,122,163,165,162,134,164,164,162,159,136,146
197,198,189,169,204,206,195,208,175,180,194,207,207,186,177,169,204,160,211,209,178,205,211,217,216,153,220,211,214,220,167,218,226,214,226,209,226,228,216,198,152,183,187,185,186,238,238,215,227,241,216,236,235,242,232,233,214,222,205,236,236,211,199,195,244,248,227,241,202,235,246,237,242,239,250,249,184,250,247,184,251,202,250,207,251,222,250,247,249,245,250,196,170,222,222,235,227,213,182,171,192,253,181,196,164,249,222,229,225,206,174,219,174,208,222,208,180,217,208,193,165,164,249,192,250,244,249,207,227,242,211,233,245,240,243,192,222,242,149,240,194,240,173,134,196,199,213,192,174,224,168,190,228,204,220,154,227,166,197,178,221,220,185,211,113,212,199,202,177,119,176,212,191,204,129,179,198,182,124,199,143,177,194,156,190,193,170,192,192,119,129,169,161,185,190,188,185,96,180,150,0,179,183,175,177,180,152,183,148,183,180,147,180,182,148,176,183,174,184,180,175,156,185,186,131,111,184,160,182,152,184,183,151,169,178,184,182,180,164,184,155,183,178,152,184,184,177,179,163,128,180,159,170,173,173,168,163,173,0,167,169,165,163,170,160,168,166,167,155,163,161,163,161,135,159,158,157,158,157,143,153,153,150,151,151,147,147,148,140,143,143,143,128,126,139,137,136,136,134,134,129,132,130,115,128,126,127,121,122,122,117,119,118,118,117,111,111,112,110,110,108,108,106,105,103,102,100,100,95,99,95,96,95,93,91,90,87,87,86,84,83,81,80,76,76,74,76,74,72,70,68,65,63,62,61,57,58,56,52,53,51,49,49,47,46,44,42,41,39,37,35,33,31,29,27,26,24,22,20,18,16,14,12,10,8,6,4,2,0,0,0,0,0,0,0,2,4,6,8,9,11,11,14,16,18,20,22,24,25,27,29,31,33,35,36,38,39,39,42,44,45,46,47,48,49,53,52,55,57,59,61,60,62,65,65,66,68,69,68,72,74,74,71,76,78,81,83,84,86,87,89,91,91,94,94,97,99,101,102,104,105,105,107,111,112,113,114,116,117,119,119,119,123,122,123,123,128,127,130,130,130,131,133,129,135,138,139,139,134,143,144,144,147,146,150,152,151,151,153,140,151,154,152,152,156,157,161,159,161,164,158,153,148,162,156,166,169,168,168,166,170,157,173,137,178,172,178,168,162,182,146,179,179,187,179,177,192,168,185,152,192,197,195,168,198,200,200,197,174,188
201,203,194,175,208,211,199,213,180,184,200,212,212,190,183,174,208,164,216,215,184,209,216,222,221,158,225,215,220,225,171,223,231,218,231,214,231,233,222,202,158,189,191,188,190,243,244,221,231,246,221,241,240,247,237,238,219,227,209,240,241,216,205,200,249,254,233,245,209,241,253,245,250,248,260,259,196,262,258,198,264,216,266,223,267,241,267,266,268,264,269,216,190,242,242,255,247,233,202,191,212,271,201,216,184,268,242,249,245,226,193,239,194,228,241,229,200,237,229,213,185,184,268,212,271,265,270,227,246,261,231,253,267,260,265,212,242,264,171,260,215,261,194,155,217,220,234,213,196,246,190,211,250,224,243,175,248,189,217,199,243,242,206,234,135,235,221,224,199,140,198,234,212,226,152,200,220,203,147,222,166,199,215,178,212,216,192,215,214,144,0,194,187,212,218,217,216,129,214,181,158,213,216,208,210,213,183,215,180,215,211,179,211,213,178,206,211,202,209,204,198,178,207,206,151,134,202,178,199,168,199,198,165,182,191,195,193,190,172,192,162,189,184,157,187,188,180,182,167,132,183,162,173,176,176,170,166,176,141,169,172,167,165,172,162,170,168,169,156,164,162,164,162,0,160,159,158,159,158,144,154,154,151,152,152,148,148,149,141,144,144,144,130,127,141,139,138,138,136,136,129,134,132,115,129,128,129,122,124,124,119,121,120,120,119,113,113,113,112,112,110,110,108,107,105,104,101,102,96,100,96,97,96,94,92,92,89,89,88,86,85,83,82,78,78,76,78,76,74,72,70,67,65,64,63,59,60,58,54,55,53,51,51,49,48,46,44,43,41,39,37,35,33,31,29,28,26,24,22,20,18,16,14,12,10,8,6,4,2,0,0,0,0,0,0,0,2,4,6,7,9,9,12,14,16,18,20,22,23,25,27,29,31,33,34,36,37,38,40,42,43,44,45,46,47,51,50,53,55,57,59,58,61,63,63,64,66,67,66,70,72,72,71,74,77,79,81,82,84,85,87,89,89,92,92,95,97,99,100,102,104,103,105,109,110,111,112,114,115,117,117,118,121,120,121,121,126,125,128,128,128,129,131,127,133,136,137,137,133,141,142,142,145,145,148,150,149,150,152,141,151,153,152,152,155,156,160,159,163,164,159,155,149,162,157,168,169,170,169,168,171,159,174,139,178,174,178,170,162,183,147,180,181,189,182,179,194,170,187,154,196,199,198,171,202,203,203,201,178,192
152,152,142,122,155,156,143,157,123,126,143,152,150,128,121,112,144,98,151,148,118,142,147,151,149,86,150,140,144,146,91,142,149,136,147,128,145,144,133,110,65,97,96,0,97,150,151,130,140,155,132,152,151,157,148,148,130,138,119,152,153,127,116,111,162,167,144,159,120,154,167,159,165,164,177,176,112,179,176,115,182,133,184,141,185,159,185,184,186,183,188,136,111,163,167,180,173,158,129,118,140,200,130,148,115,199,174,181,177,157,125,170,127,159,172,161,132,169,161,143,117,114,199,141,202,195,200,156,176,190,162,182,196,189,194,141,170,191,98,188,142,188,120,82,145,147,161,140,0,173,118,140,181,155,175,108,183,124,153,137,182,181,146,174,78,178,163,170,144,85,145,182,161,176,102,151,174,157,101,178,121,155,174,137,172,176,152,178,180,107,118,157,150,177,182,181,180,93,177,144,122,177,179,172,173,176,146,178,143,178,174,140,174,176,141,169,176,167,176,171,166,146,176,177,122,106,175,151,172,142,174,173,141,158,168,174,172,169,152,174,144,172,168,141,173,174,166,170,155,121,172,153,161,165,166,158,155,166,131,159,162,156,155,163,153,160,159,159,146,156,152,156,155,128,153,152,150,152,152,138,149,148,146,146,147,142,144,145,136,140,141,141,127,124,138,136,135,134,133,134,126,132,129,112,127,126,127,122,123,122,117,120,119,119,119,113,113,113,112,112,109,111,109,108,106,104,102,103,97,101,97,98,97,95,93,93,90,90,89,87,86,83,82,79,79,77,79,77,75,74,72,69,66,66,65,61,62,60,56,57,54,53,53,51,50,48,46,45,43,41,39,37,35,33,31,29,28,26,24,22,20,18,16,14,12,10,8,6,4,2,0,0,0,0,0,0,0,2,4,5,7,7,10,12,14,16,18,20,21,23,25,27,29,31,32,34,35,36,38,40,41,42,43,45,45,49,48,51,53,55,57,56,59,61,61,62,64,65,64,68,69,70,69,72,75,77,79,80,82,83,85,86,87,89,90,92,94,96,97,99,101,100,102,106,106,107,108,110,112,113,114,114,117,117,118,117,122,121,124,124,123,125,127,123,129,130,131,131,128,134,135,135,137,138,140,141,140,141,141,133,140,143,140,141,143,145,148,147,150,151,144,142,137,146,142,151,151,152,150,149,150,139,150,118,153,149,152,143,134,153,116,150,150,156,148,144,156,133,149,115,156,159,156,127,158,158,156,154,131,143
189,190,181,164,195,198,186,200,169,171,189,199,199,177,172,164,195,151,205,204,173,197,203,209,208,148,212,203,207,212,158,210,218,206,218,201,218,220,211,189,146,178,178,177,177,230,230,210,219,233,210,228,227,234,224,225,206,214,196,228,228,203,194,186,236,240,219,233,197,227,240,231,236,233,244,243,178,244,241,180,245,196,244,203,245,217,244,241,243,239,244,190,166,216,218,231,223,207,176,167,186,246,177,192,160,243,218,225,221,200,170,213,171,204,216,205,177,213,205,187,162,158,243,186,245,241,245,201,221,236,207,228,243,235,241,187,217,240,147,237,189,237,168,132,193,196,210,189,171,220,166,185,225,200,219,149,225,165,193,176,219,218,181,210,112,210,195,200,173,114,174,210,187,202,128,175,196,178,123,198,139,173,191,154,186,192,167,191,191,120,128,167,158,185,189,188,186,99,182,148,125,178,180,172,171,174,143,174,138,172,167,132,165,167,129,158,164,154,162,157,149,128,159,158,102,85,153,129,150,117,149,148,113,130,140,143,143,139,120,141,110,136,131,103,133,134,124,128,112,0,128,106,116,122,120,117,115,127,92,122,126,123,122,129,120,129,129,131,118,130,128,131,131,105,131,131,132,133,134,121,132,133,132,134,135,133,134,136,130,134,135,136,123,121,136,134,135,135,134,135,125,133,131,111,128,127,128,121,124,124,119,121,119,120,119,113,113,113,112,112,110,111,110,108,107,106,103,104,98,102,98,99,98,96,93,94,91,91,90,88,87,84,83,80,80,78,80,78,76,75,73,71,67,68,67,63,64,62,58,59,56,55,55,53,52,50,48,47,45,43,41,39,37,35,32,31,30,28,26,24,22,20,18,16,14,12,10,8,6,4,2,0,0,0,0,0,0,0,2,2,4,0,7,9,11,13,15,17,18,20,22,24,26,28,29,31,32,33,35,37,38,39,40,42,42,46,45,48,50,52,54,53,56,58,58,59,61,62,61,65,67,67,66,69,71,74,76,77,79,80,82,84,85,87,88,90,92,94,95,97,98,98,100,104,105,105,106,108,110,111,112,112,115,115,116,115,120,119,122,122,122,123,126,122,128,130,131,131,127,134,135,135,138,137,140,142,142,143,145,136,144,145,143,144,146,147,151,149,153,154,149,147,141,152,149,157,159,159,158,160,160,151,163,132,168,163,168,159,152,172,136,169,172,178,170,168,182,158,175,142,184,187,186,159,189,191,191,188,166,182
188,189,181,164,194,197,185,200,169,170,190,199,199,177,173,165,195,151,206,204,174,197,204,209,209,149,212,203,209,213,160,211,219,207,220,203,221,221,213,190,148,180,177,177,178,231,232,212,220,235,212,231,230,236,226,227,208,216,198,230,231,205,196,190,240,245,222,236,200,231,243,234,240,238,251,250,185,253,249,191,255,206,257,216,258,232,259,257,260,256,261,209,187,235,240,253,245,230,200,192,211,271,203,220,189,270,248,255,251,231,203,245,206,238,249,241,214,249,243,224,200,198,282,225,286,282,285,242,261,275,248,268,283,275,282,227,257,281,189,278,231,278,209,174,236,239,251,232,214,261,209,227,268,240,261,191,266,208,233,218,262,260,223,253,156,253,238,244,216,158,218,254,230,246,173,217,241,221,168,243,184,218,237,199,231,236,210,236,236,166,175,212,204,232,236,235,232,146,228,192,172,225,227,218,217,222,188,222,186,220,214,179,213,215,177,205,212,201,210,205,196,176,208,207,152,136,203,179,199,166,200,199,163,180,192,195,194,190,170,193,163,190,184,158,188,189,178,182,167,133,184,164,172,177,175,168,167,177,143,169,173,167,166,173,164,171,169,170,154,165,163,166,163,138,162,161,159,160,159,145,154,154,152,152,153,148,149,150,140,145,145,146,131,129,143,140,140,138,137,138,128,136,134,114,131,130,131,125,126,126,121,123,122,122,121,115,115,115,114,114,111,113,112,110,109,107,105,106,100,104,100,101,100,98,95,96,93,93,92,90,89,86,85,82,82,80,82,80,78,76,75,73,69,70,69,65,66,64,60,61,57,57,57,55,54,52,50,49,47,45,43,41,39,37,34,33,32,30,28,26,24,22,20,18,16,14,12,10,8,6,4,2,0,0,0,0,0,0,0,2,4,4,7,9,11,13,13,16,18,20,22,24,26,28,29,31,32,33,35,37,38,39,40,42,42,46,45,48,50,52,54,53,56,58,58,59,61,62,61,65,67,67,66,69,72,74,76,77,79,80,82,84,84,86,88,89,91,93,94,96,98,97,100,103,104,105,107,109,111,113,113,114,116,117,117,116,121,120,123,123,123,124,127,123,129,131,132,132,130,136,137,137,140,140,143,144,143,143,143,134,140,142,0,139,140,140,146,145,149,150,145,144,139,149,147,155,156,157,157,158,159,149,161,129,165,162,165,158,149,170,105,168,171,176,170,167,181,157,174,141,183,186,184,0,188,189,189,187,165,180
196,198,190,173,203,206,194,209,178,179,199,208,208,186,182,175,204,160,214,213,183,206,213,218,218,159,221,212,218,222,168,220,228,216,229,211,229,230,222,199,157,189,187,187,187,240,241,221,229,244,221,240,239,245,235,236,217,225,207,239,240,214,205,198,249,254,231,245,209,240,252,243,249,247,260,259,194,262,258,201,264,215,266,225,267,241,267,266,268,264,270,217,195,244,249,261,255,238,208,201,219,279,213,229,197,279,256,263,261,239,211,254,214,246,257,248,221,256,248,229,205,200,285,227,288,284,287,243,263,277,251,270,285,277,284,229,259,283,192,280,233,281,211,178,238,241,255,234,217,264,211,229,269,242,263,192,269,210,235,221,265,263,225,255,159,255,240,246,218,159,220,256,232,248,176,219,243,223,171,245,185,219,239,201,233,239,212,239,239,169,178,213,206,234,238,237,234,149,230,194,175,227,229,221,219,224,190,224,188,222,217,181,215,217,178,207,214,203,212,207,198,178,210,209,155,139,205,181,202,168,202,201,165,182,194,196,196,193,172,195,165,192,187,161,190,191,180,185,169,136,186,166,173,179,177,170,169,179,146,172,175,168,168,175,166,173,171,172,156,167,165,168,166,141,164,163,161,162,161,147,156,156,154,154,155,150,151,152,143,146,147,147,132,130,143,141,140,139,138,138,128,136,134,113,131,130,131,125,126,126,121,123,122,122,121,115,115,115,114,114,112,112,111,109,108,107,104,105,99,103,99,100,99,97,94,95,92,92,91,89,88,85,84,81,81,79,81,79,77,75,74,72,68,69,68,64,65,63,59,60,0,57,57,55,55,53,51,50,48,46,44,42,40,38,35,34,33,31,30,28,26,24,22,20,18,16,14,12,10,8,6,4,2,0,0,0,0,0,0,0,2,2,5,7,9,11,13,15,17,19,21,23,25,27,28,30,31,32,34,36,37,38,39,41,41,45,44,47,49,51,53,52,55,57,57,58,60,61,60,64,66,66,65,68,71,73,75,76,78,79,81,83,84,86,88,89,91,93,94,96,98,97,99,103,104,105,106,108,110,112,112,113,116,116,117,116,121,120,123,122,123,124,127,123,129,131,131,132,130,136,137,137,140,140,143,145,145,146,148,141,147,150,147,148,151,152,156,155,159,160,154,155,149,158,156,164,165,166,166,167,168,158,170,139,174,171,174,167,158,178,0,176,179,184,178,175,189,165,182,149,191,194,193,166,197,198,198,196,173,190
196,198,189,174,203,206,194,209,179,179,199,208,208,186,183,175,204,160,214,214,184,206,212,218,217,160,221,212,216,221,167,219,227,215,228,210,227,229,222,198,155,189,187,188,186,239,240,221,227,243,221,238,237,244,234,236,216,224,206,238,239,213,205,197,246,251,230,243,209,238,251,242,248,246,258,257,192,260,257,200,263,214,264,225,266,239,266,264,267,263,269,216,194,243,248,261,254,237,206,200,218,278,213,228,196,278,256,263,260,238,210,251,211,244,254,245,217,253,245,224,202,195,281,224,283,281,283,239,259,274,247,266,283,273,281,225,255,280,188,277,228,277,207,174,234,237,251,230,214,259,208,224,265,238,259,187,265,206,231,216,260,259,220,251,154,249,234,241,212,153,215,251,227,243,171,214,238,218,166,241,179,214,234,196,227,234,207,234,234,165,174,208,200,229,233,232,230,145,226,189,171,222,224,216,213,219,185,219,183,217,212,175,210,212,172,201,209,197,207,202,192,172,205,204,150,135,200,176,197,162,197,196,159,176,189,190,191,188,167,190,160,187,182,155,185,186,174,180,163,131,181,160,167,174,170,165,163,174,140,167,169,162,162,169,159,167,165,166,149,161,159,161,159,135,157,156,155,155,154,140,0,151,148,150,151,148,149,150,142,145,145,145,131,128,142,140,139,139,137,137,125,135,133,111,130,129,130,123,125,125,120,122,121,121,120,114,114,114,113,113,111,112,111,109,108,107,104,105,99,103,99,100,99,97,86,95,92,92,91,89,88,85,84,82,82,80,82,80,78,76,75,73,69,70,69,65,66,64,60,61,57,57,57,55,54,52,50,49,47,45,43,41,39,37,0,34,33,31,30,28,26,24,22,20,18,18,16,14,12,10,8,6,4,2,0,0,0,0,0,0,0,2,4,6,8,10,12,14,16,18,20,22,24,26,27,29,30,31,33,35,36,37,38,40,40,44,43,46,48,50,52,51,54,56,56,57,59,60,59,63,65,65,65,67,70,72,74,75,77,78,79,81,82,84,86,87,89,91,92,94,96,95,98,101,102,103,105,107,109,111,111,112,115,115,116,115,120,119,122,122,122,123,125,121,128,130,131,131,128,135,136,136,139,139,142,144,144,145,147,141,146,148,147,147,150,151,155,154,158,159,154,155,148,157,156,163,164,165,164,167,166,158,169,139,173,169,173,165,157,178,142,175,179,184,177,175,189,165,182,150,191,194,193,166,197,198,198,196,173,191
150,150,141,124,153,154,140,155,125,123,143,149,147,125,122,113,141,95,150,149,118,138,143,147,145,87,146,136,140,142,87,138,145,132,143,125,141,140,133,106,60,97,0,93,93,146,147,130,136,151,132,148,147,153,144,144,126,134,115,148,149,123,116,107,158,163,140,155,120,150,163,155,160,159,172,171,106,174,171,116,178,128,180,141,181,155,182,180,183,179,185,133,112,160,168,181,174,155,125,120,137,197,132,149,117,197,176,184,181,157,132,172,135,167,177,170,143,180,172,150,131,123,210,153,215,213,216,172,192,208,184,202,220,210,220,164,194,221,131,220,170,222,151,121,182,186,200,180,164,209,160,176,218,191,214,141,222,163,187,176,220,218,180,212,118,212,197,207,177,117,182,219,193,213,141,183,210,189,139,214,152,188,210,173,203,211,184,213,215,146,155,189,181,212,218,217,215,132,213,175,160,212,214,208,204,211,177,213,178,212,208,169,206,208,167,196,206,192,204,199,188,167,202,201,147,132,197,173,194,157,194,193,154,172,186,186,188,185,162,188,158,184,180,154,183,184,171,178,160,129,179,159,164,172,168,161,162,172,139,164,168,160,161,168,159,166,164,165,147,161,157,162,160,134,158,156,155,156,156,142,152,152,150,150,151,146,148,148,140,143,144,145,130,128,141,139,138,138,136,137,125,135,132,110,130,129,130,125,126,125,121,123,122,122,122,116,116,116,115,115,113,114,113,111,110,109,106,107,101,105,101,102,101,100,97,98,95,95,94,92,91,88,87,85,85,83,85,83,81,79,78,76,72,73,72,67,69,67,63,64,60,60,60,58,57,55,53,52,50,48,46,44,42,40,36,36,35,33,31,29,27,25,24,22,20,20,18,16,14,12,10,8,6,4,2,0,0,0,0,0,0,0,2,4,6,8,10,12,14,16,18,20,22,24,25,27,28,29,31,33,34,35,36,38,38,42,41,44,45,47,48,0,51,53,53,54,56,57,56,60,61,62,62,64,67,69,71,72,74,75,77,78,79,81,83,84,86,88,89,91,93,92,95,98,98,99,101,103,105,107,107,108,110,112,111,110,115,114,117,117,117,118,121,117,123,124,126,126,124,130,130,130,133,133,136,138,136,137,138,134,138,141,138,140,141,143,146,145,149,149,144,145,139,145,145,150,150,151,149,151,149,141,149,121,152,147,151,142,132,152,115,148,150,154,146,142,154,131,147,113,155,157,154,125,156,156,154,152,129,145
150,150,141,126,153,155,141,156,127,125,145,150,148,126,124,115,142,97,151,150,121,141,145,150,148,92,149,140,144,145,91,142,148,137,147,129,146,145,139,112,69,104,101,101,97,148,147,131,134,148,128,141,139,143,132,0,111,120,99,135,136,110,104,95,145,150,127,143,110,137,151,142,148,148,160,160,95,163,161,106,168,118,169,131,171,146,172,170,174,170,176,123,104,150,159,172,166,145,115,111,127,188,125,140,108,188,167,175,173,147,123,163,126,157,168,162,134,171,164,141,122,113,201,143,206,204,207,163,183,199,175,193,211,202,212,156,186,213,124,212,161,215,142,114,174,178,192,172,157,201,153,167,209,183,205,132,214,155,179,168,212,211,172,204,111,204,188,199,168,109,173,211,185,205,134,175,202,181,132,206,144,179,202,166,195,204,176,205,207,139,148,181,173,204,210,209,207,125,205,167,153,204,206,200,196,203,169,205,170,205,201,162,201,203,162,193,203,190,203,197,187,166,201,200,147,131,197,173,192,156,194,192,153,170,184,185,187,183,161,188,156,184,179,153,183,184,169,177,159,129,179,159,162,171,167,160,162,172,139,164,167,158,161,168,158,166,164,165,146,160,156,162,159,134,158,156,155,156,156,142,152,151,149,149,151,145,148,148,139,142,144,144,130,128,141,139,138,137,135,137,124,135,132,108,130,129,130,125,126,126,121,124,122,123,123,117,117,117,116,116,114,114,114,111,111,109,107,108,101,106,102,103,102,101,97,99,96,96,95,93,92,89,88,86,86,84,86,84,82,80,79,76,73,74,73,68,70,68,64,65,61,61,61,59,58,56,54,53,52,50,48,46,44,42,38,38,37,35,33,31,29,27,25,23,21,21,19,17,15,13,11,9,7,5,2,2,0,0,0,0,0,0,0,2,4,6,8,10,12,14,16,18,20,22,23,25,27,28,30,32,33,34,35,37,37,41,40,43,45,47,49,48,51,53,53,54,56,57,56,60,61,62,62,64,67,69,71,72,74,75,77,78,79,81,83,84,85,87,88,90,92,91,94,97,97,98,99,101,103,105,105,106,108,109,109,107,113,112,115,115,114,117,118,115,120,121,121,120,116,120,119,0,121,121,124,126,124,125,128,124,127,131,129,129,131,132,136,134,139,141,133,137,132,136,137,144,144,146,144,147,146,139,147,121,152,147,149,141,132,152,116,147,150,153,145,141,153,131,147,112,154,156,153,126,156,156,154,152,130,147
192,194,186,173,199,202,191,205,178,176,196,204,204,182,182,175,200,157,211,211,183,202,209,214,214,160,217,208,214,218,164,216,224,212,225,208,225,226,220,195,152,189,187,188,183,236,237,221,225,240,221,236,235,241,231,235,213,221,204,235,236,210,205,194,245,250,227,242,209,236,248,239,245,243,256,255,189,258,254,201,261,211,262,225,264,237,265,262,266,261,267,214,195,240,250,262,254,235,204,201,217,276,214,230,198,275,257,264,261,236,212,250,215,245,255,251,223,259,252,227,208,198,284,226,287,287,286,242,262,276,254,269,287,276,287,228,258,285,196,283,230,283,210,181,241,244,257,237,221,262,214,228,269,241,264,189,272,213,234,224,268,265,225,257,163,254,239,249,217,157,220,259,231,251,180,218,246,223,175,247,183,219,242,205,232,241,211,242,242,174,183,212,204,237,241,240,236,154,232,194,180,230,232,224,218,227,189,227,191,225,220,180,218,220,176,206,217,202,215,210,197,176,213,212,159,144,207,184,205,166,205,204,163,180,197,195,198,196,171,198,168,195,189,164,193,194,178,188,168,140,189,169,170,182,175,169,172,182,149,174,178,168,171,178,169,176,174,175,155,170,168,171,169,144,167,166,164,165,164,150,159,156,157,157,158,153,154,155,146,147,148,150,135,133,146,144,143,143,141,141,126,139,137,110,134,133,134,128,129,129,124,126,124,125,124,118,118,117,117,117,115,116,115,113,112,111,108,109,103,107,103,104,103,101,0,99,97,97,97,95,94,91,90,88,88,86,88,86,84,82,81,79,75,76,75,71,72,70,66,67,63,63,63,61,60,58,56,55,54,52,50,48,46,44,40,40,39,37,35,33,31,29,27,25,23,23,21,19,17,15,13,11,9,7,4,4,2,0,0,0,0,0,0,0,2,4,6,8,10,12,14,16,18,20,21,23,25,26,28,30,31,33,34,35,35,39,0,41,43,45,47,46,49,51,51,52,54,55,54,58,60,60,59,62,65,67,69,70,72,73,75,77,78,80,82,83,85,87,88,90,92,91,94,97,98,99,101,103,105,107,107,108,111,112,112,111,116,115,118,118,118,119,122,118,124,126,127,127,125,131,132,133,135,135,138,140,140,141,144,140,143,145,146,144,147,148,152,150,155,156,150,154,147,153,153,160,161,162,161,164,163,157,165,139,170,166,169,162,154,175,141,172,175,180,174,171,185,162,179,147,187,190,189,163,193,194,194,192,170,190
145,147,139,126,153,156,144,159,132,130,151,159,159,137,138,130,155,112,166,166,138,158,165,170,170,115,173,165,170,174,120,173,180,169,182,165,183,183,178,152,109,147,144,145,141,194,195,179,183,198,179,194,193,199,189,192,171,179,161,193,194,168,163,152,203,208,185,199,167,194,207,197,203,201,214,213,148,216,213,159,219,170,221,184,222,196,223,221,224,220,226,173,154,200,209,221,214,194,164,161,175,236,173,189,158,235,216,224,221,195,172,210,174,204,214,209,183,219,211,188,170,160,247,190,252,251,252,209,229,244,223,238,258,247,258,201,231,259,171,259,206,261,188,160,221,224,238,219,203,245,199,212,254,227,250,176,260,201,223,214,258,256,216,248,155,246,229,241,209,148,212,251,222,243,172,210,238,215,167,239,176,211,234,198,224,233,204,234,235,167,175,205,197,229,234,232,229,147,225,186,173,223,225,217,211,219,182,220,184,218,214,173,212,214,169,200,212,196,210,205,192,171,209,207,154,139,203,180,200,161,201,200,158,176,191,190,194,190,166,194,163,191,185,160,189,190,174,183,163,135,185,165,166,177,171,164,168,178,145,169,173,163,168,175,164,172,171,171,151,166,163,168,165,141,164,163,161,162,162,148,157,154,154,154,156,150,153,153,144,145,148,149,135,133,146,144,143,142,140,142,127,140,138,111,134,134,136,130,131,131,125,128,126,128,127,121,121,120,120,120,117,118,118,115,115,113,111,112,105,110,106,107,106,104,100,102,99,99,98,96,95,92,91,89,89,87,89,87,85,82,82,80,76,77,76,72,73,71,67,68,64,64,64,62,61,59,57,56,54,52,50,48,46,44,40,40,39,37,35,33,31,29,27,25,23,23,21,19,17,15,13,11,9,7,0,4,2,2,0,0,0,0,0,0,0,2,4,6,8,10,12,14,16,18,20,22,24,25,27,29,30,32,33,35,35,39,38,41,43,45,47,46,49,51,51,52,54,55,54,58,60,60,60,62,65,67,69,70,72,73,75,77,78,80,82,83,85,87,88,90,92,91,94,97,98,99,101,103,105,107,107,108,111,111,111,110,115,114,117,117,117,120,121,118,123,124,126,125,123,129,130,131,132,133,135,137,136,137,139,135,136,138,137,134,135,135,138,136,138,138,131,134,127,132,131,136,136,136,134,136,134,128,134,108,137,132,134,125,115,135,101,131,133,137,129,124,136,111,128,0,137,141,140,112,144,146,146,144,122,141
180,181,173,162,186,189,177,191,167,163,183,190,189,168,169,162,186,143,197,197,169,187,192,197,195,143,196,188,193,194,140,192,198,187,198,180,197,197,190,164,121,159,156,156,149,201,201,186,188,202,185,196,195,199,189,192,169,177,157,190,189,162,159,144,194,197,175,189,157,181,193,184,188,186,197,196,129,197,193,138,197,146,196,159,195,168,195,191,193,189,193,138,118,163,172,184,176,154,122,120,132,193,130,145,112,189,168,176,172,144,120,158,122,0,162,157,130,168,160,134,118,107,195,137,200,199,201,156,178,194,172,188,207,198,209,153,182,209,124,211,156,214,139,114,173,176,191,172,157,198,152,164,207,180,203,129,214,156,178,168,213,213,170,203,113,203,188,200,167,108,172,213,185,206,137,175,203,181,135,205,143,179,203,169,195,206,177,207,209,142,150,178,169,203,207,206,202,121,198,160,147,197,199,191,185,194,156,194,159,192,188,147,186,188,142,174,185,170,183,178,166,143,182,181,128,113,176,153,173,133,174,173,130,148,165,162,167,164,139,167,137,164,158,133,162,163,146,156,136,109,158,138,137,150,143,137,140,151,117,143,146,134,139,146,136,143,142,142,122,138,135,138,136,110,133,132,130,131,130,116,125,121,123,123,123,117,119,120,111,111,114,115,100,97,110,107,106,105,104,104,85,101,100,0,99,100,102,98,101,102,98,103,103,105,106,102,103,103,104,105,105,107,107,106,106,106,104,107,101,107,104,104,104,102,98,100,97,97,97,95,94,92,91,89,89,87,89,87,85,83,82,80,76,78,77,73,74,72,68,69,65,64,65,63,62,60,58,57,55,53,51,49,47,45,42,42,41,39,37,36,34,32,30,28,26,26,24,22,20,18,16,14,12,10,7,7,5,4,2,0,0,0,0,0,0,0,2,4,6,8,10,12,14,16,18,20,22,23,25,27,28,30,31,33,33,37,37,39,41,43,45,45,47,49,49,50,52,53,52,56,58,58,58,60,63,65,67,68,70,71,73,75,76,78,80,81,82,84,85,87,89,88,91,93,94,95,97,98,100,102,101,102,105,106,106,105,110,109,112,112,112,113,116,112,118,120,121,121,118,124,125,126,128,128,131,133,132,133,136,134,135,138,139,136,139,140,144,141,146,147,140,147,140,143,144,150,152,153,151,155,153,150,154,132,160,157,159,152,144,165,133,162,166,170,163,160,173,151,168,138,176,179,177,152,181,182,182,180,158,179
182,183,175,165,188,191,179,193,170,164,184,192,192,170,172,165,188,144,199,199,173,190,197,202,202,151,205,196,201,205,151,203,211,199,211,195,212,213,207,182,138,179,177,177,170,223,223,210,212,226,211,222,221,227,217,223,199,207,189,221,221,196,194,179,230,234,212,226,197,220,233,224,229,226,238,237,170,238,234,181,238,189,238,203,238,211,237,235,236,232,237,183,164,209,219,230,223,200,169,168,179,239,179,193,161,236,218,225,222,193,171,207,172,199,209,206,178,214,206,179,163,150,236,179,239,239,239,194,214,229,208,221,240,228,239,180,210,237,151,237,181,237,161,136,194,197,211,190,174,214,167,179,220,192,214,139,225,164,185,176,219,217,173,206,115,203,187,200,166,104,169,210,179,202,131,167,196,170,126,195,130,167,192,155,180,191,159,191,191,123,131,158,150,185,189,188,182,103,178,140,128,178,180,172,164,174,135,174,138,172,167,124,165,167,117,151,164,147,162,157,142,120,159,158,104,89,152,129,150,108,149,148,104,122,140,136,142,139,112,141,110,136,130,104,133,134,116,128,106,78,128,107,0,122,113,109,115,127,94,121,126,116,122,130,122,129,129,131,111,130,128,132,132,107,132,132,132,134,135,122,132,128,133,134,136,132,133,135,126,125,128,130,115,113,126,124,123,123,121,120,0,120,119,91,118,119,120,115,118,119,116,119,119,121,120,116,117,116,117,118,117,118,118,116,114,114,111,112,106,111,108,108,108,106,102,104,100,101,99,98,97,94,93,91,91,89,90,89,87,84,84,82,78,80,79,75,76,74,70,71,67,66,67,65,64,62,60,59,56,56,54,52,50,48,44,44,43,41,39,38,36,34,32,30,28,28,26,24,22,20,18,16,14,12,9,9,7,6,4,2,0,0,0,0,0,0,0,2,4,6,8,10,12,14,16,18,20,22,24,26,27,29,30,32,32,36,36,38,40,42,44,44,46,48,48,49,51,52,51,55,57,57,57,59,62,64,66,67,69,70,72,74,75,77,79,80,82,84,85,87,88,88,92,94,95,95,97,99,101,102,103,103,106,107,107,106,111,110,113,113,113,115,117,115,120,122,123,123,120,126,127,129,130,129,132,134,134,134,137,137,136,139,140,137,139,140,144,142,146,147,142,148,141,145,145,150,152,152,152,155,154,152,156,134,161,157,161,153,145,165,135,163,166,171,164,161,175,151,168,140,177,180,179,152,182,184,184,181,159,182
189,191,183,173,195,198,186,201,178,172,194,201,201,177,182,176,197,153,208,208,183,200,206,210,211,161,214,206,212,215,160,212,220,210,222,205,223,223,216,189,146,187,184,184,174,227,227,214,213,229,212,223,221,225,215,219,194,203,0,217,218,190,190,174,226,231,208,223,194,217,230,220,226,225,237,236,170,239,236,185,243,191,243,209,245,219,246,243,247,243,249,195,176,222,234,244,239,216,185,186,197,258,199,214,182,258,240,248,246,217,196,232,199,226,237,235,207,244,237,209,195,181,269,212,274,274,275,230,252,267,247,261,279,269,280,223,253,280,197,282,227,284,208,186,244,247,260,241,225,263,218,228,269,242,264,190,275,216,235,227,271,268,225,256,168,255,238,252,217,155,220,262,231,254,185,219,249,223,180,246,183,220,244,209,233,243,212,245,245,178,187,213,205,239,244,243,236,159,232,194,184,233,235,227,219,230,190,230,194,228,223,179,221,223,175,207,220,203,218,213,198,177,217,215,163,148,210,188,208,166,209,208,163,182,200,196,202,199,172,202,172,199,193,168,197,198,179,191,169,144,193,173,172,185,176,170,176,186,153,177,182,168,175,182,173,180,178,179,156,174,172,175,173,148,171,170,168,169,168,154,163,157,161,161,162,156,158,159,149,149,153,155,140,138,152,149,149,148,147,147,130,145,143,116,140,139,140,134,135,135,129,132,130,131,130,124,124,123,123,123,121,122,121,119,118,117,114,115,108,114,110,111,110,108,104,106,102,103,101,100,99,96,95,93,93,91,93,91,89,86,86,84,80,82,81,77,78,76,72,73,69,67,69,67,66,64,62,61,58,57,55,53,51,49,45,45,44,42,40,39,37,35,33,31,29,29,27,25,23,22,20,18,16,14,11,11,9,8,6,4,2,0,0,0,0,0,0,0,2,4,6,8,10,12,14,16,18,20,22,24,25,27,27,30,29,33,34,35,37,39,41,41,44,46,46,47,49,50,49,53,55,55,55,57,60,62,64,65,67,68,70,72,73,75,77,78,80,82,82,84,86,0,89,91,92,93,95,97,99,101,101,102,105,106,106,105,110,109,112,112,112,115,116,114,119,121,122,122,121,126,127,129,130,130,133,135,135,136,139,139,138,142,143,141,142,143,146,146,150,150,145,152,147,149,150,156,156,158,158,159,160,157,161,140,165,164,166,159,149,170,142,169,172,177,171,168,181,157,175,148,184,186,185,157,190,190,190,188,167,189
190,192,184,175,197,200,188,202,180,174,194,201,201,179,182,176,198,153,208,208,183,200,206,211,211,162,214,206,211,214,160,212,220,209,221,204,221,222,216,191,147,190,188,188,179,232,233,220,221,236,221,231,231,236,226,233,208,216,198,231,232,205,205,189,239,244,222,236,209,230,244,234,239,239,250,249,184,252,249,199,255,205,256,223,258,232,258,256,259,255,261,207,188,234,246,256,252,228,197,198,207,268,209,222,191,265,246,254,251,221,201,235,202,227,238,235,207,244,235,207,193,178,265,207,268,267,268,222,243,258,237,250,268,257,267,209,239,265,182,266,210,267,190,167,224,227,241,221,205,244,198,208,249,222,244,169,255,196,215,206,250,249,204,236,147,234,218,231,196,134,199,241,211,233,164,198,228,202,159,225,161,197,223,188,211,224,191,223,223,156,164,190,181,217,221,220,213,136,209,171,161,210,212,204,196,206,167,206,171,204,200,156,198,199,150,183,197,179,195,189,174,152,192,190,139,0,186,166,186,144,189,188,143,163,182,179,186,184,158,189,160,188,182,158,189,191,171,185,164,139,189,170,167,183,173,168,173,184,150,176,179,166,173,180,171,178,176,177,155,173,171,174,172,147,170,169,167,168,167,153,162,155,160,160,161,155,157,158,149,147,152,154,139,137,151,148,148,146,146,146,127,144,142,115,139,138,139,133,134,134,128,131,129,130,129,123,123,123,122,122,120,121,120,118,117,116,113,114,108,113,109,110,109,107,103,105,101,102,100,99,98,95,94,92,91,90,92,90,88,85,85,83,79,81,80,76,77,75,71,72,68,0,68,67,66,65,63,62,59,58,56,54,52,50,46,46,45,43,41,40,38,36,35,33,30,31,29,27,25,22,22,20,18,16,13,13,11,10,8,6,4,2,0,0,0,0,0,0,0,2,4,6,8,10,12,14,16,18,20,22,23,25,27,28,28,32,33,34,36,38,40,40,43,45,45,47,49,50,49,53,55,55,54,57,60,62,64,65,67,68,70,72,73,74,77,78,80,82,83,85,87,86,90,92,93,94,96,98,100,102,102,102,106,107,107,106,111,110,113,113,113,116,117,115,120,122,123,123,122,127,128,130,131,130,134,136,136,137,140,141,139,142,144,142,143,144,148,147,151,152,147,154,149,151,151,157,158,159,159,161,161,159,163,142,167,165,168,160,151,172,144,170,173,178,172,169,183,159,177,150,185,188,187,160,191,192,192,190,168,191
189,190,182,175,195,198,186,201,179,172,193,200,200,178,183,177,197,152,208,208,184,199,205,210,210,162,213,205,210,213,159,211,219,208,220,204,220,221,216,190,146,190,188,188,178,231,232,221,220,235,221,231,230,236,226,234,208,216,198,231,232,205,206,189,240,245,222,237,210,231,244,234,240,239,251,250,185,253,250,201,256,206,257,225,259,233,259,257,260,256,262,208,190,235,249,258,254,229,199,202,210,271,214,229,198,271,254,262,261,230,211,245,214,240,249,249,221,256,249,220,205,190,277,218,280,280,279,234,255,269,251,262,280,269,280,221,251,278,195,279,222,280,202,181,238,241,255,234,219,256,212,220,262,234,257,182,269,210,227,221,265,262,217,250,162,247,231,246,209,147,213,256,224,248,179,211,243,215,174,240,175,212,239,203,225,238,204,239,239,172,181,204,197,234,238,237,229,153,225,186,178,227,229,221,211,224,182,224,188,222,217,172,215,219,0,201,218,199,218,214,197,177,220,218,166,150,211,191,211,167,212,211,164,182,203,197,205,202,173,205,174,202,195,171,200,201,180,194,170,147,196,176,173,188,177,171,179,189,156,179,184,170,178,185,176,183,181,182,157,176,174,178,176,151,174,173,170,172,171,157,166,158,164,164,165,159,161,162,152,150,156,158,143,141,155,152,152,150,149,150,133,148,146,119,142,142,143,137,138,138,132,135,133,134,133,127,127,127,126,126,124,124,124,121,121,119,117,118,112,117,113,114,113,111,107,109,105,106,104,103,102,99,98,96,95,94,96,94,92,89,89,87,83,85,84,80,81,79,75,76,72,70,72,70,69,67,65,64,61,60,58,56,54,52,48,48,47,45,43,42,40,38,37,35,32,33,31,29,27,25,24,22,20,18,15,13,13,12,10,8,6,4,2,0,0,0,0,0,0,0,2,4,6,8,10,12,14,16,18,20,21,23,25,26,26,30,31,32,34,36,38,39,41,43,43,45,47,48,47,51,53,53,53,55,58,60,62,63,65,66,68,70,71,74,76,77,79,81,82,84,86,86,89,91,92,93,95,97,99,101,101,102,105,106,106,105,110,109,112,112,112,115,116,114,119,121,122,122,121,126,127,129,130,130,133,135,135,136,139,140,138,142,143,141,142,143,147,146,150,151,146,153,149,150,150,156,157,158,159,160,161,158,162,142,166,164,167,159,150,171,144,170,173,177,171,168,182,158,176,150,184,187,185,0,189,190,190,188,167,190
148,149,140,132,151,153,140,154,132,124,145,150,148,0,132,124,144,99,155,155,132,148,153,158,159,110,161,154,159,162,107,160,168,158,170,153,171,172,166,139,96,142,139,139,128,182,182,172,170,185,172,181,180,186,176,184,157,166,147,181,181,154,156,138,189,193,171,185,157,177,190,179,184,183,193,192,125,193,190,140,194,143,194,161,194,168,193,190,192,188,192,138,119,163,177,185,180,154,123,125,131,194,135,150,117,190,171,178,178,146,126,160,128,153,162,161,133,168,160,129,118,99,188,130,190,190,191,144,166,180,161,171,188,178,186,130,159,184,103,185,127,186,108,87,144,147,160,141,124,161,117,124,165,137,158,83,171,111,128,121,164,161,115,146,59,143,0,142,103,40,110,155,124,150,81,115,148,121,81,147,83,122,150,116,139,153,121,157,159,92,102,126,119,157,163,163,156,81,154,117,108,160,161,155,146,160,120,162,128,162,159,113,159,161,114,146,162,144,162,158,143,121,165,165,112,98,160,139,161,117,164,163,117,137,158,152,161,159,131,164,135,162,158,133,164,165,145,160,137,116,164,145,144,158,148,143,151,163,131,155,161,146,156,164,155,163,162,163,140,161,158,163,162,138,161,160,159,160,160,148,156,148,155,155,155,150,153,154,145,141,149,151,136,133,147,145,144,143,142,144,127,142,139,113,136,135,137,131,133,133,126,131,129,130,129,123,123,121,122,122,119,121,121,118,118,116,114,115,108,114,110,111,109,109,105,107,103,104,102,101,100,96,96,95,94,93,94,93,91,88,88,86,81,84,84,80,81,79,75,75,72,69,72,70,69,67,66,65,62,61,59,57,55,53,49,48,48,46,44,43,41,39,39,37,33,35,33,31,29,27,26,24,22,20,17,16,15,14,12,10,8,6,4,2,0,0,0,0,0,0,0,2,4,6,8,10,12,14,16,18,19,21,23,25,24,28,29,30,32,34,36,37,39,41,41,43,45,46,45,49,51,51,51,53,56,58,60,61,63,64,66,68,68,71,73,74,76,78,79,81,83,83,86,88,88,89,91,93,95,97,97,98,101,102,103,101,107,106,109,109,109,112,112,111,115,116,118,117,117,120,122,123,124,124,127,128,128,129,131,132,130,134,134,132,133,134,138,136,139,141,135,142,139,138,139,145,145,146,146,147,146,145,145,128,149,146,148,139,129,148,123,146,148,152,145,140,152,128,145,121,152,154,152,125,155,154,153,150,128,150
183,186,178,171,190,193,181,196,176,167,189,196,196,176,179,173,192,147,203,203,180,195,201,205,206,159,209,201,206,209,154,206,214,204,216,199,216,217,211,185,141,187,186,185,173,227,228,217,215,231,218,227,226,232,222,231,204,212,196,227,228,200,203,184,235,240,218,232,207,226,240,230,236,235,247,246,180,249,246,198,252,201,253,222,255,229,255,253,256,252,258,204,184,231,245,253,251,225,194,198,205,267,211,225,194,267,249,257,257,226,208,240,209,235,243,242,214,251,242,212,200,182,270,212,273,272,273,227,248,263,244,255,273,262,272,214,244,270,189,271,216,272,195,175,231,234,248,228,213,249,205,213,254,227,248,174,262,203,220,213,257,255,209,241,155,239,225,238,201,138,204,248,216,240,172,203,235,207,167,231,166,203,231,195,217,230,196,231,231,165,174,196,188,226,230,229,220,146,216,178,171,219,221,213,203,216,174,216,180,214,209,164,207,209,161,191,206,187,204,199,182,160,203,201,150,134,193,174,194,149,195,194,146,165,186,179,188,185,156,188,158,185,179,154,183,184,162,177,153,131,179,159,157,171,159,154,161,172,139,162,167,151,160,167,158,165,163,164,139,159,157,160,158,133,156,155,153,154,153,139,148,139,146,146,147,141,143,144,135,130,137,139,124,122,135,133,132,131,130,130,114,128,126,100,123,122,123,117,118,118,112,115,113,113,112,106,106,106,105,105,103,103,102,100,99,98,95,96,90,95,91,92,91,89,85,87,83,84,82,81,80,77,76,65,0,73,75,75,74,72,73,72,69,72,73,70,72,72,69,71,68,52,70,68,67,65,64,63,60,59,57,55,53,51,48,47,47,45,43,42,40,38,38,36,0,34,32,31,29,27,26,25,23,21,18,18,17,16,14,12,10,8,6,4,2,0,0,0,0,0,0,0,2,4,6,8,10,12,14,16,17,19,21,23,22,26,27,28,30,32,34,35,37,39,39,41,43,44,43,47,49,49,49,51,54,56,58,59,61,62,64,66,68,70,72,73,75,77,78,80,82,83,85,87,88,89,91,93,94,96,96,97,100,101,102,100,106,105,108,108,108,110,112,109,114,116,117,117,117,121,122,124,125,125,128,130,130,132,134,135,134,137,138,135,137,138,142,141,145,146,141,148,144,144,144,151,151,153,153,154,155,152,156,138,160,158,161,154,144,165,141,164,167,172,166,163,176,152,170,147,179,181,180,156,185,185,185,184,161,185
184,186,178,173,190,193,181,196,177,167,189,196,196,176,181,176,192,147,203,204,182,196,202,205,207,162,210,202,208,211,156,208,216,206,218,201,219,219,215,187,143,192,189,189,176,230,231,222,218,233,222,229,228,234,224,234,206,214,198,229,230,202,206,186,237,242,220,234,210,228,242,232,237,237,248,247,182,250,247,200,253,202,254,224,256,230,256,254,257,253,259,205,186,231,246,253,250,222,191,196,199,262,206,220,189,259,241,249,249,215,198,229,199,225,232,233,205,240,233,200,190,171,258,200,262,261,261,216,236,251,234,243,262,250,261,202,232,259,179,259,0,261,182,162,222,224,238,220,204,240,199,206,249,222,246,170,261,202,218,215,259,257,211,245,160,243,230,246,207,145,212,259,225,253,184,216,250,221,183,247,181,218,248,212,232,246,211,248,248,181,190,211,203,243,247,246,235,163,231,193,187,236,238,230,218,233,189,233,197,231,227,178,225,227,178,207,224,203,222,217,198,175,221,219,168,152,210,192,212,165,213,212,162,181,204,195,206,203,172,206,176,203,196,172,201,202,178,195,169,149,197,177,175,189,176,170,180,190,158,178,185,169,179,186,177,184,182,183,156,177,176,179,177,153,175,174,172,173,172,159,167,156,165,166,166,160,163,164,154,149,157,159,145,142,155,154,152,151,150,152,135,149,148,121,144,143,145,139,140,140,133,137,134,136,135,129,129,128,128,128,125,125,126,122,123,120,118,120,113,119,114,116,114,113,109,111,107,108,106,105,104,100,99,98,97,96,98,96,94,91,91,89,84,87,86,82,83,81,77,78,74,71,75,73,72,70,68,67,64,63,61,59,57,55,51,50,50,48,46,45,43,41,41,39,35,37,35,33,31,29,28,27,25,23,20,20,19,18,16,14,12,10,8,6,4,2,0,0,0,0,0,0,0,2,4,6,8,10,12,14,15,17,19,21,20,24,25,26,28,30,32,33,35,37,37,39,41,42,41,45,47,47,48,49,52,54,56,58,60,61,63,65,67,69,71,72,74,76,77,79,81,82,84,86,87,88,90,91,93,94,0,95,98,99,100,98,104,103,106,106,106,109,110,108,113,115,116,116,116,120,121,123,124,124,127,129,129,131,133,134,133,136,137,135,136,137,141,140,144,146,140,148,145,144,145,151,151,153,153,154,155,153,156,140,160,159,161,154,144,165,142,164,167,172,166,163,176,152,170,148,179,181,180,156,185,185,185,184,162,185
170,171,162,156,173,174,0,176,156,145,169,176,176,157,161,156,172,126,183,183,162,176,182,185,187,141,190,182,188,191,135,189,196,187,198,181,199,199,194,166,122,172,170,170,156,210,211,202,198,214,202,210,209,215,205,216,186,195,180,210,211,183,187,166,219,224,201,216,191,210,223,213,219,218,230,229,163,232,230,182,236,185,237,207,239,213,240,237,241,237,243,189,170,216,232,238,237,210,179,184,190,252,197,212,180,252,234,242,244,211,194,226,197,223,231,233,205,242,235,203,194,175,263,206,268,268,269,224,246,261,245,255,273,263,274,217,247,274,196,277,224,279,203,185,242,246,260,241,227,260,219,225,266,239,261,186,276,217,232,228,272,267,222,253,170,252,238,253,213,149,217,263,228,255,187,216,250,220,182,243,179,217,245,210,230,242,209,246,246,180,189,209,201,240,245,244,233,161,229,191,186,234,236,228,216,231,187,231,195,229,224,177,222,225,177,204,222,201,220,215,196,174,219,217,166,150,207,190,210,163,211,210,160,180,201,193,204,200,170,204,174,201,195,170,199,200,176,193,167,148,195,175,174,187,173,168,178,188,156,176,184,166,177,184,175,181,180,181,154,176,174,177,175,151,173,172,170,171,171,158,166,155,164,165,165,159,162,163,153,147,156,159,144,141,156,153,152,151,150,151,134,148,147,121,143,142,144,138,139,139,132,136,134,135,134,128,128,127,127,127,124,125,125,122,122,120,118,119,112,117,114,115,113,112,108,110,106,107,105,104,103,99,98,97,96,95,97,95,93,90,90,88,83,86,85,81,82,80,76,77,73,70,74,72,71,69,67,66,63,62,60,58,56,54,50,0,50,48,46,46,44,42,42,40,36,38,36,34,32,30,29,29,27,25,22,22,21,20,18,16,14,12,10,8,6,4,2,0,0,0,0,0,0,0,2,4,6,8,10,12,13,15,17,19,18,22,23,24,26,28,30,31,33,35,35,37,39,40,39,43,45,45,46,48,51,53,55,57,59,60,62,64,66,68,70,71,73,75,76,78,80,81,83,85,86,87,89,91,93,95,95,96,99,100,101,99,105,104,107,107,107,110,111,109,114,116,117,117,117,121,122,124,125,125,128,130,130,131,134,135,134,137,138,136,137,138,142,141,145,147,141,149,145,145,145,152,152,154,154,154,156,153,157,141,161,159,162,155,145,166,144,165,168,172,167,162,174,151,166,146,175,175,174,150,176,175,174,172,150,172
181,183,175,172,187,190,178,193,176,164,186,193,193,176,179,175,189,144,200,201,180,193,199,202,203,160,206,199,204,206,151,204,212,202,214,197,215,215,211,182,139,190,187,187,172,226,226,219,214,229,220,225,224,229,219,229,199,207,192,220,220,191,197,172,224,227,206,219,195,211,224,213,218,217,227,226,159,227,224,177,228,176,227,198,227,201,227,223,225,221,225,170,150,195,211,217,216,186,155,160,0,227,171,187,156,225,208,217,218,185,170,200,173,199,205,209,182,218,212,178,170,150,238,180,243,243,244,199,221,236,221,230,249,239,251,192,223,250,174,253,200,256,178,162,220,223,238,219,203,237,198,202,246,218,242,167,258,201,215,213,258,253,207,241,159,239,229,244,203,140,208,256,221,250,181,211,247,217,181,242,177,216,247,212,230,244,209,248,248,182,190,210,201,243,248,246,235,164,231,192,189,237,239,231,218,233,188,234,198,232,227,178,226,228,180,206,226,202,224,219,199,176,223,221,170,154,210,194,214,165,215,214,162,182,204,195,207,204,172,207,178,205,198,174,203,204,178,197,170,152,199,179,178,191,175,170,182,192,160,179,187,169,181,188,179,184,184,185,156,180,178,181,179,155,177,176,174,175,174,161,169,156,167,168,168,162,165,166,156,149,157,161,147,144,157,156,154,153,152,154,137,151,150,124,146,145,147,141,142,142,135,139,136,138,137,131,131,129,130,130,127,127,128,124,125,122,120,122,115,120,116,118,116,115,111,113,109,110,108,107,106,102,101,100,99,98,100,98,96,93,93,91,86,89,88,84,85,83,79,80,76,73,77,75,74,72,70,69,66,65,63,61,59,58,54,53,53,51,49,48,46,44,44,42,38,40,38,36,34,32,31,31,29,27,24,24,23,22,20,18,16,14,12,10,8,6,4,2,0,0,0,0,0,0,0,2,4,6,8,10,11,13,15,17,16,20,21,22,24,26,28,29,31,33,33,35,37,38,36,40,42,0,43,45,48,50,52,54,56,57,59,61,63,65,67,68,70,72,73,75,77,78,80,82,83,84,86,88,90,92,92,93,96,97,98,96,102,101,104,104,104,107,108,106,111,113,114,114,114,118,120,121,122,122,125,127,127,127,130,131,131,133,134,132,133,134,138,138,141,143,137,145,142,141,142,148,148,150,150,151,152,150,153,139,157,156,158,151,141,162,142,161,165,168,163,160,172,149,165,148,176,177,177,156,181,181,181,180,159,182
178,180,171,170,185,188,177,190,173,161,183,189,189,174,177,172,186,140,198,198,178,189,195,200,201,157,203,195,200,203,147,201,208,198,209,193,210,211,206,179,134,185,184,183,168,221,221,215,209,224,215,220,219,225,215,228,196,205,192,220,220,194,199,176,228,232,210,225,202,218,231,221,226,224,235,234,167,235,232,185,236,186,235,207,236,209,235,232,234,230,235,180,161,206,223,228,227,197,166,172,176,238,183,197,165,234,216,224,226,190,175,204,176,202,207,210,182,218,210,176,168,146,234,176,237,237,237,191,212,227,212,218,237,225,236,177,207,234,156,235,182,236,158,141,198,200,214,194,179,211,171,175,217,189,212,0,228,154,183,180,226,221,176,210,128,208,197,213,171,108,177,226,190,220,152,181,217,186,151,212,146,185,217,182,200,215,180,218,218,152,160,172,170,212,216,215,202,132,198,160,157,205,207,199,185,202,156,202,166,200,195,145,193,195,146,173,192,169,190,185,164,141,189,187,136,121,175,160,180,130,181,180,127,147,172,160,173,171,138,174,144,171,164,140,169,170,143,163,135,118,165,145,143,157,140,136,147,158,125,144,152,134,146,153,144,148,149,150,121,145,143,146,144,120,142,141,139,140,139,126,134,121,132,133,132,126,129,130,120,112,120,126,111,107,121,119,117,116,115,116,97,0,112,86,110,111,114,110,113,114,109,115,115,117,118,114,115,112,116,117,115,118,118,117,117,116,114,118,112,118,116,116,115,114,110,112,108,109,108,107,106,103,102,101,100,99,101,99,97,94,94,92,87,90,89,86,86,85,81,82,78,75,79,77,76,74,72,71,68,67,65,63,61,60,56,55,55,53,51,50,48,46,46,44,40,42,40,38,36,34,33,33,31,29,26,26,25,24,22,20,18,16,14,12,10,8,6,4,2,0,0,0,0,0,0,0,2,4,6,8,9,11,13,15,14,18,20,22,24,26,28,29,31,33,33,35,37,38,37,41,43,43,44,46,49,51,53,55,57,58,60,62,64,66,68,69,71,73,74,76,78,79,81,83,84,85,87,89,91,93,92,93,96,97,98,96,102,101,104,104,104,105,108,106,111,113,114,114,113,117,118,120,121,121,124,126,126,128,130,131,130,133,134,131,133,134,138,136,140,141,137,143,139,140,140,146,146,148,147,149,149,148,151,138,155,153,157,148,139,159,140,158,161,166,160,157,170,146,164,146,173,175,175,154,179,179,179,178,155,180
181,183,175,173,187,190,179,193,177,163,186,193,193,177,180,177,188,142,200,200,181,193,199,202,204,162,207,199,204,208,151,205,213,203,215,198,216,216,211,183,138,192,190,190,173,227,228,221,215,231,221,227,226,232,222,235,203,212,200,227,228,200,207,183,236,241,218,233,211,227,240,230,236,235,247,246,179,249,245,202,253,201,253,226,255,229,256,253,257,253,258,205,185,231,250,254,254,226,194,202,208,268,215,231,199,267,250,258,261,227,213,241,216,242,246,252,224,260,254,219,212,191,278,221,283,283,283,239,261,275,262,269,286,275,286,228,258,284,208,285,234,286,208,193,250,253,266,247,232,261,224,227,268,241,263,187,280,222,234,233,277,269,224,256,175,253,243,258,215,151,218,268,231,260,192,218,255,222,187,246,180,218,251,215,231,245,211,251,250,185,194,211,203,246,250,249,235,166,231,193,191,239,241,233,218,236,189,236,200,234,228,178,227,230,182,205,227,202,225,220,198,175,224,222,171,156,209,195,215,164,216,215,161,181,205,193,207,205,171,208,179,206,198,175,204,205,177,198,169,153,200,179,178,192,173,169,183,193,161,178,188,168,182,189,179,183,185,186,155,180,179,182,179,156,178,177,175,176,175,162,170,155,168,169,169,163,166,167,156,148,156,162,148,145,158,157,155,154,153,155,138,151,151,125,147,146,148,142,143,143,136,140,137,139,138,132,132,128,131,131,127,128,129,125,125,123,121,123,116,0,118,120,118,118,114,116,112,113,111,110,109,105,104,102,102,100,103,101,99,96,96,93,89,92,91,87,88,86,82,83,79,76,80,78,77,75,73,72,69,68,66,65,63,62,58,57,57,55,53,52,50,48,48,46,42,44,42,40,38,36,35,35,33,31,28,28,27,26,24,22,20,18,16,14,12,10,8,6,4,2,0,0,0,0,0,0,0,2,4,6,7,9,11,13,12,16,18,20,22,24,26,27,29,31,31,33,34,35,0,38,40,40,41,43,46,48,50,52,54,55,57,59,61,63,65,66,68,70,71,73,75,76,78,80,81,82,84,86,88,90,91,91,94,95,96,94,100,99,102,102,102,105,106,104,109,111,112,112,112,116,117,119,120,120,123,125,125,127,129,130,130,132,133,131,132,133,137,137,140,142,137,144,141,141,141,147,147,149,149,150,151,149,153,139,156,155,158,151,140,161,144,161,164,168,163,160,172,148,166,150,176,177,177,158,181,181,181,180,158,182
144,146,138,138,150,153,144,156,141,127,150,157,157,143,146,142,154,106,165,166,148,158,164,167,169,128,172,165,170,173,116,171,178,169,181,164,182,182,178,149,104,159,157,157,139,193,194,188,181,197,189,193,192,198,188,201,169,178,167,193,194,166,174,149,202,207,184,199,178,193,207,196,202,201,213,212,146,215,213,169,219,168,220,194,222,197,223,220,224,220,226,172,153,199,218,222,223,193,163,172,177,236,184,199,169,235,218,227,231,194,183,209,184,211,214,220,193,229,222,187,181,158,247,189,252,252,252,208,229,244,233,238,258,247,259,201,231,259,185,262,213,265,187,174,231,234,248,230,216,245,210,211,254,227,250,176,270,211,223,224,268,261,216,248,169,246,236,251,207,142,211,261,222,253,186,210,248,216,181,239,173,211,244,210,224,238,204,244,245,180,188,204,196,239,244,242,229,161,225,186,186,234,236,227,212,230,182,231,194,229,224,172,222,225,177,200,223,196,221,215,193,169,220,217,167,152,204,191,210,158,212,211,155,175,201,189,202,200,166,204,174,202,192,171,200,201,172,193,164,149,196,175,174,188,169,164,179,189,157,172,183,163,179,185,175,178,182,182,151,177,174,179,176,153,175,174,171,173,173,160,168,152,166,167,167,161,165,165,155,145,154,161,147,144,157,156,154,152,151,154,137,150,150,124,145,145,148,142,143,143,136,139,138,140,139,133,133,128,132,132,128,130,130,127,127,125,123,125,118,122,120,122,120,119,115,117,113,114,112,111,110,106,105,103,103,101,104,102,100,96,97,94,90,93,92,88,89,87,83,84,80,77,81,79,78,76,74,73,70,69,67,66,64,63,59,58,58,56,54,53,51,49,49,47,43,45,43,41,38,37,36,36,34,32,29,29,28,27,25,23,21,20,18,16,14,12,10,8,6,4,2,0,0,0,0,0,0,0,2,4,5,6,8,9,0,12,14,16,18,20,22,24,26,28,28,30,32,33,33,36,38,38,39,41,44,46,48,50,52,53,55,57,59,61,63,64,66,68,69,71,73,74,76,78,79,80,82,84,86,88,89,89,92,93,95,92,98,97,100,100,100,103,104,103,107,109,110,110,110,114,116,117,118,118,121,123,123,125,126,127,128,132,131,129,130,131,135,134,136,136,130,136,132,131,131,135,134,135,133,134,133,131,133,120,135,133,134,125,113,133,116,131,133,136,129,124,134,110,0,112,137,139,139,120,143,144,144,143,121,145
181,182,174,174,187,190,181,191,177,162,184,191,191,177,180,177,186,140,199,199,181,190,196,201,202,161,204,196,202,205,149,203,210,200,212,195,213,213,209,181,135,191,189,188,171,223,224,219,211,227,220,223,222,228,218,231,199,208,198,223,224,197,204,180,231,236,213,228,208,222,236,226,231,231,243,241,175,244,241,198,247,197,248,222,250,224,250,248,251,247,253,199,180,226,246,249,250,220,188,198,204,262,211,224,192,259,241,249,253,215,202,229,203,230,232,237,209,245,237,201,195,171,259,201,262,262,262,215,237,252,239,244,263,251,262,203,233,260,185,261,212,262,183,171,226,229,243,223,209,238,200,202,244,216,239,162,257,197,209,208,252,245,198,231,151,227,218,233,188,124,191,242,204,234,167,191,229,195,162,219,153,190,224,189,204,219,184,224,223,159,168,0,177,221,227,226,212,146,210,172,173,221,224,217,201,221,174,223,188,223,219,168,219,222,176,199,220,195,218,213,190,167,217,215,165,150,201,188,208,156,209,208,153,173,200,186,199,199,164,202,172,199,190,168,197,198,169,191,161,147,193,173,171,185,166,161,176,186,154,170,181,161,175,182,173,175,178,179,148,173,172,175,173,149,171,170,168,169,168,155,163,147,161,162,162,156,159,160,150,140,148,156,142,138,153,150,149,147,147,148,132,145,145,119,141,140,142,135,137,137,130,134,131,133,132,126,126,120,125,125,121,122,123,119,119,117,115,117,109,114,111,113,111,110,106,108,104,105,103,101,101,97,96,0,94,92,96,96,95,93,94,92,89,93,93,89,90,88,84,85,81,78,82,80,79,77,75,74,71,70,68,67,65,64,60,59,59,57,56,55,53,51,51,49,45,47,45,43,40,38,38,38,36,34,31,31,30,29,27,25,23,22,20,18,16,14,12,10,8,6,4,2,0,0,0,0,0,0,0,2,4,6,8,10,9,13,15,17,19,21,23,25,27,29,29,31,33,34,34,37,39,40,40,42,45,47,49,51,53,54,56,58,60,62,64,65,67,69,70,72,74,75,77,79,80,81,83,85,87,89,90,90,93,94,95,93,99,98,102,102,102,104,106,104,109,111,112,112,112,116,117,119,120,120,123,125,125,126,129,129,129,132,133,131,132,133,137,136,139,141,137,143,140,141,141,146,147,148,149,150,151,149,153,141,156,155,158,150,140,161,145,160,163,167,162,159,172,148,168,151,175,177,177,159,180,181,181,179,158,182
180,182,174,175,186,189,182,191,178,161,184,191,191,178,180,177,186,139,198,198,182,191,196,200,201,161,204,196,200,203,147,201,209,199,210,194,211,212,206,179,133,189,189,187,168,222,222,216,210,225,218,221,220,226,215,229,196,206,196,221,222,194,203,177,229,233,211,226,206,219,233,223,229,228,239,239,171,241,238,196,244,193,243,218,244,217,243,240,242,238,243,188,168,214,233,235,235,205,173,183,188,245,193,208,176,241,223,231,235,198,186,211,187,213,214,221,193,228,221,182,178,153,240,182,244,243,244,198,219,234,222,226,244,233,243,186,215,241,167,241,194,243,164,152,208,211,225,205,191,218,182,182,223,197,218,144,238,178,190,189,234,224,178,210,131,206,199,214,167,102,171,223,183,215,146,171,209,0,141,197,132,171,207,172,186,201,169,212,212,149,158,175,165,212,218,217,203,137,200,163,164,213,215,208,192,212,165,214,180,214,210,158,211,213,167,189,213,187,213,209,186,163,215,214,165,150,201,190,210,157,213,212,156,177,205,191,204,205,169,208,179,206,196,175,205,205,176,199,168,155,201,180,179,193,172,168,184,194,162,177,188,167,183,190,180,182,186,187,154,182,180,183,181,157,180,178,177,178,177,164,172,155,170,171,171,165,168,169,157,148,156,164,151,147,160,159,157,156,155,157,141,154,154,128,149,149,151,144,146,146,138,142,140,142,141,135,135,128,134,134,130,131,132,128,128,126,124,126,118,123,121,123,121,120,116,118,114,115,113,111,111,106,105,103,104,102,105,103,101,97,98,0,90,94,94,90,91,89,85,86,82,79,83,81,80,78,76,75,72,71,69,68,66,65,61,60,60,58,56,55,53,51,51,50,46,48,46,44,40,39,39,39,37,35,32,32,31,30,28,27,25,24,22,20,18,16,14,12,10,8,6,4,2,0,0,0,0,0,0,0,2,4,6,8,8,11,13,15,17,19,21,23,25,27,27,29,31,32,32,35,37,38,38,40,43,45,47,49,51,52,54,56,58,60,62,63,65,67,68,70,72,73,75,77,78,79,81,83,85,87,88,88,91,92,94,91,97,96,100,100,100,103,104,102,107,109,110,110,110,114,116,117,118,118,121,123,123,125,127,128,128,131,131,129,130,131,135,135,138,140,135,142,139,139,139,145,145,147,147,148,149,147,151,140,154,153,157,150,139,160,146,160,162,167,162,159,171,147,169,152,175,176,176,160,180,180,180,179,157,181
152,153,144,145,155,157,149,158,144,125,148,153,151,139,139,135,0,95,154,154,139,147,153,158,159,120,162,155,161,164,107,162,170,161,173,156,174,175,171,142,96,154,152,152,132,186,187,181,174,190,184,186,185,191,181,194,162,171,162,186,187,159,169,142,195,200,176,192,173,186,200,189,195,194,206,205,139,208,206,164,212,161,213,189,215,190,216,213,217,213,219,165,146,192,213,215,216,186,155,166,172,229,179,194,163,228,211,220,226,187,177,202,179,206,207,215,188,224,218,180,176,151,240,182,245,245,245,200,222,237,228,231,251,240,252,194,224,252,180,255,208,258,179,169,226,229,243,225,211,238,204,204,247,220,243,171,265,206,216,219,263,254,209,242,165,241,234,249,204,140,209,262,222,255,188,210,250,216,183,239,173,211,246,212,224,238,204,246,247,182,190,206,196,241,246,244,229,163,225,186,188,235,237,229,212,231,182,232,196,231,226,171,224,227,180,200,225,196,223,217,193,169,222,219,169,154,204,193,212,158,214,213,155,175,203,189,202,202,166,206,176,204,192,173,202,203,172,195,164,151,198,177,176,190,169,164,181,191,159,172,184,163,181,187,177,178,184,184,152,179,176,181,178,155,177,176,173,174,175,162,170,152,168,169,169,163,167,167,155,145,153,162,149,146,159,158,155,154,153,156,139,152,152,126,147,147,150,144,145,144,138,142,139,141,140,134,134,127,133,133,129,131,132,128,128,126,124,126,119,123,121,123,121,121,117,119,115,116,114,112,112,108,107,105,105,103,106,104,102,99,99,96,92,95,94,90,91,89,85,86,82,79,83,81,80,78,76,75,72,71,69,68,66,65,61,60,60,58,57,56,54,52,52,50,46,48,46,44,0,39,39,39,38,36,33,33,32,31,29,28,26,25,23,22,20,18,16,14,12,10,8,6,4,2,0,0,0,0,0,0,0,2,4,6,6,9,11,13,15,17,19,21,23,25,25,27,29,30,31,33,35,36,37,38,41,43,45,47,49,50,52,54,56,58,60,61,63,65,66,68,70,71,73,75,76,77,79,81,83,85,86,86,89,90,92,89,95,94,98,98,98,101,102,101,105,107,108,108,108,112,114,115,116,116,119,121,121,123,125,125,126,130,129,127,128,129,133,133,136,138,133,140,137,137,138,143,143,145,144,146,146,145,148,139,152,151,153,145,133,153,138,152,154,156,150,145,156,132,153,135,157,157,156,140,158,157,156,154,131,154
171,175,166,167,175,177,172,179,166,147,170,175,174,162,162,160,166,119,177,177,161,168,172,175,175,136,175,167,171,172,115,169,175,165,175,157,174,173,168,138,90,149,146,145,122,176,175,170,161,176,170,170,168,172,161,172,140,150,138,163,162,133,142,113,165,168,0,159,139,152,167,158,163,163,175,175,107,178,176,135,183,131,184,160,186,160,187,184,188,184,190,137,116,163,185,188,189,159,127,139,146,202,153,168,136,202,185,194,200,162,151,177,154,181,182,190,162,199,192,153,151,124,215,156,220,220,221,175,197,213,203,207,226,215,227,169,199,227,155,230,184,233,154,146,201,205,219,200,188,214,180,180,223,196,219,147,241,182,192,195,239,230,185,218,143,217,210,226,179,115,185,238,198,232,166,188,229,194,164,220,153,192,229,194,208,223,189,232,234,170,179,196,184,231,237,236,220,157,218,180,184,231,233,227,209,230,182,232,196,230,226,171,224,226,181,200,224,196,222,217,192,168,221,219,170,155,203,193,212,157,213,213,154,174,204,188,201,203,165,207,177,203,193,174,202,204,172,196,164,153,199,178,177,190,169,164,182,191,160,173,184,164,181,187,178,178,184,185,151,180,176,182,178,155,178,175,174,176,176,163,172,153,170,170,171,164,169,169,157,147,155,163,152,148,161,160,158,157,156,158,142,155,155,129,151,151,152,146,148,148,140,144,143,144,144,138,138,128,137,136,133,134,135,131,131,129,127,129,120,126,123,126,124,123,119,121,117,118,116,0,114,109,109,107,108,106,109,107,105,101,102,98,94,98,97,93,94,92,88,89,85,82,86,84,83,81,79,78,75,74,72,71,69,68,64,63,63,61,59,59,57,55,55,53,49,51,49,47,43,42,42,42,40,38,35,35,34,33,31,30,28,27,25,24,22,20,18,16,14,12,10,8,6,4,2,0,0,0,0,0,0,0,2,4,5,7,9,11,13,15,17,19,21,23,23,25,27,28,29,31,33,34,35,36,39,41,43,45,47,48,50,52,54,56,58,59,61,63,64,66,68,69,71,73,74,75,77,79,81,83,84,84,87,88,90,87,93,92,96,96,96,99,100,99,103,105,106,106,106,110,112,113,115,114,118,120,120,122,123,125,125,128,128,126,127,128,132,132,135,137,131,139,136,135,136,142,142,144,143,145,145,144,146,139,149,149,152,146,134,155,143,154,157,161,156,153,163,140,165,147,169,169,168,156,172,172,172,172,149,174
174,176,167,170,177,179,175,180,169,0,171,178,178,168,167,166,174,126,185,186,170,177,183,187,188,151,191,183,188,191,134,188,196,186,198,181,198,199,194,166,120,179,179,177,155,209,210,204,197,213,208,208,208,213,203,216,184,193,185,208,209,181,193,164,216,221,199,213,197,207,221,211,216,216,227,226,160,229,226,187,232,181,233,211,235,210,235,233,236,232,238,184,165,211,232,234,235,205,173,187,192,246,198,212,180,243,225,233,240,199,190,213,191,217,216,225,197,233,225,185,183,154,243,185,246,246,246,199,221,236,226,228,247,235,246,187,217,244,173,245,200,246,167,160,214,217,231,211,197,222,188,186,228,200,223,152,244,185,193,196,240,229,182,215,140,212,207,221,172,108,177,231,189,223,156,176,218,180,151,204,137,176,213,178,189,204,169,213,212,148,156,172,158,207,211,210,192,128,188,150,153,200,203,195,175,197,145,197,161,194,189,133,188,189,143,160,186,156,184,178,152,126,181,179,128,112,161,151,170,113,171,170,109,0,159,144,158,162,123,168,139,167,157,139,169,172,140,166,134,124,171,150,151,165,142,139,159,169,139,153,163,144,164,169,162,162,170,171,137,167,166,171,167,147,170,169,169,171,173,161,170,150,170,171,172,167,172,172,158,148,156,165,154,151,163,163,160,159,158,161,144,157,157,132,152,152,154,148,150,150,143,147,144,147,146,140,140,130,139,138,135,136,137,133,133,131,130,131,124,129,126,129,127,126,122,124,119,121,118,116,117,112,111,109,110,108,111,109,107,103,104,100,96,100,99,95,96,94,90,91,87,84,88,86,85,83,81,80,77,76,74,73,71,70,66,65,65,63,61,61,59,57,57,55,51,53,51,49,45,44,44,44,42,40,37,37,36,35,33,32,30,29,27,26,24,22,20,18,16,14,12,10,8,6,4,2,0,0,0,0,0,0,0,2,4,6,8,10,12,14,16,18,20,22,22,24,26,27,28,30,32,33,35,35,38,40,42,44,46,47,49,51,53,55,57,58,60,62,63,65,67,68,70,72,73,74,76,78,80,82,83,83,86,88,90,86,93,92,96,96,96,100,100,100,103,105,106,106,106,110,112,113,115,114,118,120,120,122,124,125,125,129,128,126,127,128,132,132,135,137,132,138,137,136,137,142,142,143,143,145,144,144,147,140,151,150,153,145,135,155,144,155,158,162,157,154,166,142,167,150,170,171,171,158,174,175,175,173,151,176
158,160,153,157,164,167,165,169,160,140,163,170,169,160,159,158,166,118,176,177,162,169,174,178,179,143,182,174,179,181,124,177,184,174,184,168,184,183,179,149,102,162,160,158,135,187,188,183,173,189,184,183,182,187,175,188,155,163,154,177,177,148,160,130,181,185,162,176,159,167,181,171,175,174,184,183,114,184,181,140,185,133,184,162,184,158,183,180,182,178,182,127,107,152,174,175,174,143,110,124,129,183,135,149,116,178,161,168,175,133,125,147,126,152,150,159,131,166,158,116,116,85,176,116,178,179,179,131,154,168,158,159,177,166,175,118,147,173,102,174,129,175,95,88,142,145,158,138,124,148,114,111,153,124,146,75,168,108,115,118,161,149,102,134,59,130,123,139,0,20,96,152,111,147,82,103,146,110,82,136,68,109,148,115,127,142,109,155,157,93,103,119,105,156,162,162,145,83,143,106,110,159,160,155,135,159,109,161,127,162,158,101,158,161,117,135,162,133,162,157,132,107,165,164,115,100,148,140,160,103,164,163,104,123,155,140,153,158,118,164,135,162,150,133,164,165,133,159,126,118,164,142,144,158,135,131,151,162,131,143,155,136,155,161,153,152,162,163,128,160,158,162,158,139,161,161,159,163,163,151,161,140,161,162,162,158,162,163,149,139,147,155,146,142,153,155,153,150,151,154,137,150,150,125,145,145,147,140,143,143,135,140,137,140,139,134,133,122,133,132,129,130,131,127,127,125,124,126,117,123,120,124,122,121,117,119,115,117,114,111,113,107,107,106,107,105,107,106,104,100,101,97,92,97,97,93,94,92,88,88,85,82,86,84,83,81,80,79,76,75,73,73,70,70,66,65,65,63,61,61,60,58,57,56,52,54,52,50,46,45,44,45,43,41,38,38,37,36,34,33,31,30,28,27,25,23,21,19,17,15,13,11,9,7,5,4,2,0,0,0,0,0,0,0,2,4,6,8,10,12,14,16,18,20,20,22,24,25,26,28,30,31,33,33,36,38,40,42,44,45,47,49,50,52,54,55,57,59,61,63,65,66,68,70,70,71,73,74,76,78,79,79,81,83,84,0,87,86,90,90,90,94,93,94,96,98,99,99,100,102,104,105,107,106,110,111,111,112,114,115,114,118,117,116,116,117,121,120,122,124,119,126,124,122,124,128,129,130,131,132,133,132,133,129,137,137,139,132,121,141,132,142,144,148,143,140,150,127,153,136,154,156,155,144,159,159,159,159,135,161
169,173,165,170,176,179,178,181,173,153,175,182,182,173,171,171,179,129,188,189,174,181,187,191,192,156,195,187,192,194,137,192,200,190,202,185,202,203,198,169,122,184,184,182,158,213,214,208,201,216,211,212,211,217,206,220,187,197,188,212,213,185,198,167,220,225,204,217,202,210,225,215,220,220,231,230,162,233,230,191,236,185,237,216,239,213,239,237,240,236,241,186,166,212,232,234,234,203,170,184,190,243,196,209,177,240,222,230,237,196,187,210,188,215,213,222,194,230,222,181,180,150,240,181,243,243,243,196,218,233,223,225,244,232,243,184,214,241,171,241,197,243,163,157,210,213,227,207,194,218,184,182,224,196,219,149,241,181,189,192,236,225,178,211,137,208,204,217,169,103,172,227,185,219,153,172,214,178,148,200,132,171,209,174,185,200,165,209,209,145,153,169,153,203,207,206,187,125,183,146,150,196,199,191,170,193,141,193,157,191,186,129,184,186,141,158,183,154,181,176,149,124,180,178,128,113,158,151,170,112,171,170,109,129,160,142,156,160,119,163,133,159,146,129,157,159,124,151,117,107,153,129,132,144,120,116,136,145,113,125,135,115,134,137,129,0,139,139,105,138,136,141,137,117,141,140,140,144,145,134,142,121,143,143,145,140,145,147,134,123,132,141,134,131,142,145,144,144,145,146,132,146,147,122,143,145,147,141,145,145,139,144,141,145,144,138,138,127,137,137,134,135,136,132,131,130,128,130,121,127,124,127,125,124,120,122,118,119,117,109,116,111,110,109,110,108,111,109,107,103,104,100,96,100,99,95,96,94,90,91,87,84,88,86,85,83,81,80,77,76,74,73,71,70,66,65,65,63,0,62,60,58,59,57,53,55,53,51,47,46,45,46,44,42,39,39,38,37,35,34,33,32,30,29,27,25,23,21,19,17,15,13,11,9,6,6,4,2,0,0,0,0,0,0,0,2,4,6,8,10,12,14,16,18,18,20,22,23,24,26,28,29,31,31,34,36,38,40,42,44,46,48,50,52,54,55,57,59,59,62,64,65,67,69,70,71,73,75,77,79,80,80,83,85,87,83,90,89,93,93,93,97,97,97,100,102,103,103,102,106,108,109,111,110,114,116,116,118,120,121,122,125,123,121,123,123,128,128,130,132,127,134,131,131,132,137,137,139,139,140,140,139,142,137,146,145,148,141,130,151,141,150,154,157,153,150,161,137,163,147,166,166,166,156,169,170,170,169,146,171
138,140,132,137,141,143,141,144,136,91,136,141,139,131,127,127,135,80,140,141,125,131,135,138,138,102,139,130,134,134,75,130,136,127,136,119,135,133,129,97,43,114,112,109,83,136,136,131,121,137,131,130,128,132,120,131,0,108,0,124,125,97,112,79,134,139,117,132,118,126,141,132,137,137,149,149,80,152,150,113,157,104,158,139,161,135,162,159,163,159,165,111,91,139,161,164,165,133,102,119,125,177,132,147,116,178,161,170,178,136,132,152,135,160,158,171,143,179,173,129,132,101,192,132,197,198,198,153,175,190,182,184,204,193,205,147,177,205,137,208,165,211,132,129,183,187,201,182,169,192,162,158,201,174,197,130,222,164,170,177,221,208,163,196,126,195,192,208,158,92,163,220,176,214,148,166,211,174,146,198,130,171,211,176,186,201,167,214,214,152,161,178,162,213,219,218,199,139,196,159,166,214,216,209,189,213,160,215,180,214,210,153,210,213,169,184,213,182,212,208,181,156,214,213,164,150,197,189,208,150,210,209,147,168,199,181,194,199,158,203,173,200,186,170,199,200,166,193,158,150,196,172,175,187,162,158,179,188,157,167,179,157,178,181,174,173,181,182,144,177,173,179,173,153,175,172,171,173,173,160,169,146,167,167,168,161,166,166,150,139,148,157,149,145,155,158,155,154,153,157,140,153,151,128,147,148,150,144,146,146,139,143,140,143,143,137,137,125,136,136,131,134,134,131,128,128,127,129,119,125,122,127,124,125,121,122,119,121,118,115,116,111,110,109,110,108,111,109,107,103,104,99,96,100,99,94,96,94,90,91,87,84,87,85,85,83,81,80,78,77,76,75,73,72,68,67,67,65,62,64,62,60,60,58,54,56,54,52,48,47,46,47,45,43,40,40,39,38,36,35,34,33,31,30,27,27,25,23,21,19,17,15,13,11,8,8,6,4,2,0,0,0,0,0,0,0,2,4,6,8,10,12,14,16,16,18,20,21,22,24,26,27,29,29,32,34,36,38,40,42,44,45,47,49,51,52,54,56,58,60,62,63,65,67,67,68,70,72,74,76,77,77,79,81,83,80,86,85,89,89,89,93,93,93,96,98,99,99,100,103,104,105,107,106,110,112,110,112,114,115,116,119,118,117,117,118,122,123,125,127,120,129,128,123,125,131,130,133,133,132,134,132,134,131,137,136,138,132,119,139,130,137,139,141,136,132,140,117,143,127,144,143,141,131,144,143,141,142,117,141
162,165,157,164,168,171,171,173,166,147,167,174,173,167,163,164,173,121,180,181,166,173,179,183,184,150,187,179,184,186,129,184,192,182,193,178,194,195,190,161,114,178,178,176,150,205,205,200,193,208,203,204,203,209,198,212,179,189,180,204,204,177,192,158,212,216,197,208,194,200,213,203,208,206,217,216,146,217,214,175,218,167,217,197,218,191,217,214,216,212,217,162,142,188,208,210,210,179,146,162,168,220,174,187,155,216,198,206,213,172,165,186,166,193,189,200,172,208,200,157,158,125,216,157,219,219,219,172,194,209,199,200,219,207,218,159,189,216,147,217,174,218,138,133,187,190,204,184,171,193,161,157,199,171,193,125,218,157,164,169,212,199,152,185,112,182,180,193,144,75,146,203,158,195,128,146,189,152,123,174,104,145,185,149,159,173,138,184,182,119,128,143,126,177,182,180,159,99,155,118,124,170,172,164,141,166,112,165,129,162,157,97,155,156,111,126,153,121,150,144,115,89,147,145,95,77,0,120,140,81,143,144,81,105,135,118,133,140,98,145,117,145,132,117,147,150,115,144,110,103,150,125,130,144,118,115,138,148,117,128,139,121,143,145,138,138,149,150,113,148,146,151,144,127,150,149,148,152,152,141,150,126,150,150,152,147,152,154,138,128,137,145,141,137,147,151,151,149,151,153,138,152,153,128,149,151,153,147,150,149,142,146,141,147,146,140,140,127,139,139,135,136,138,133,131,130,131,132,124,129,127,130,128,127,123,125,120,122,119,116,118,112,112,111,112,110,112,111,109,105,106,102,98,102,101,97,98,96,92,94,90,87,90,88,88,86,84,83,80,79,77,76,74,73,69,68,68,66,63,65,63,61,61,59,55,57,55,53,49,48,0,48,46,45,42,42,41,40,38,37,35,35,33,32,30,28,26,25,23,21,19,17,15,13,9,10,8,6,4,2,0,0,0,0,0,0,0,2,4,6,8,10,12,14,14,16,18,19,20,22,24,25,27,27,30,32,34,36,38,40,42,44,46,48,50,51,53,55,57,59,61,62,64,66,67,68,70,72,74,76,77,76,79,81,83,80,86,85,89,90,89,93,93,93,96,98,99,99,100,102,104,105,107,106,110,112,112,113,115,116,117,120,118,118,118,118,123,123,123,126,122,127,127,126,127,130,131,132,134,135,136,135,137,134,141,140,143,136,124,146,138,146,149,152,147,144,155,131,157,143,159,160,159,150,163,163,163,163,139,165
152,154,146,152,155,156,155,158,151,130,150,155,153,146,141,142,149,0,154,154,141,149,155,158,160,126,163,156,162,164,106,162,170,162,173,157,175,175,172,141,94,160,159,158,131,186,188,182,174,191,185,187,186,192,181,195,161,171,162,187,188,159,175,141,196,201,181,193,179,186,201,190,196,195,207,206,137,209,207,169,213,161,214,195,216,190,217,214,218,214,220,165,145,193,214,216,217,186,155,171,178,230,185,199,168,229,212,221,228,187,182,203,184,212,208,220,193,229,223,179,181,149,241,181,246,246,246,201,223,238,230,232,252,241,253,195,225,253,186,256,214,259,180,176,231,234,248,230,217,239,209,205,248,221,244,178,269,211,217,224,268,255,210,243,172,242,240,254,207,137,209,267,223,260,196,212,256,221,191,241,172,212,252,218,226,240,206,252,251,189,198,213,196,247,252,250,230,171,226,188,196,241,243,235,213,237,184,238,202,236,231,172,230,233,188,202,231,198,229,223,194,169,228,225,177,162,208,200,218,158,220,220,155,179,207,189,203,208,166,211,182,210,194,180,208,210,173,201,165,159,205,179,183,195,169,165,188,197,166,174,186,165,188,189,181,182,191,191,152,185,182,188,180,162,184,182,179,181,182,169,177,152,175,174,176,169,174,174,157,145,154,163,157,153,161,165,162,161,160,163,147,160,158,135,154,154,158,151,153,152,145,149,143,149,148,142,142,128,141,141,134,137,140,134,132,131,133,134,124,131,128,132,129,130,126,128,123,125,122,119,120,115,114,113,114,111,115,113,111,106,108,104,100,104,102,99,100,98,94,95,91,88,90,89,89,87,85,84,81,80,78,77,75,74,70,69,69,67,64,66,64,62,62,60,56,58,56,54,50,49,47,49,47,45,42,42,41,40,38,37,35,35,33,32,29,28,26,24,22,20,18,16,14,12,0,9,8,6,5,4,2,0,0,0,0,0,0,0,2,4,6,8,10,12,12,14,16,17,18,20,22,23,25,25,28,30,32,34,36,38,40,42,44,46,48,49,51,53,55,57,59,60,62,64,65,66,68,70,72,74,75,75,78,80,82,80,85,84,88,89,88,92,92,92,95,97,98,98,100,102,104,105,107,106,110,112,112,114,116,117,118,121,120,119,119,120,124,125,127,129,125,132,130,129,130,134,134,137,138,138,140,138,141,137,144,144,147,142,128,151,144,151,154,156,152,147,156,132,156,143,158,157,156,147,158,157,156,155,131,155
161,164,155,163,165,166,167,168,161,143,161,166,164,159,153,155,163,108,166,166,152,158,162,164,165,131,166,157,162,162,103,157,164,154,163,146,163,161,156,124,0,142,141,138,111,166,168,163,155,172,167,168,167,173,162,176,142,153,143,169,170,140,158,123,177,182,163,175,162,168,183,174,178,178,190,189,120,192,190,154,195,144,196,179,198,173,199,196,200,196,201,147,127,174,196,198,199,168,136,155,161,211,167,182,150,208,191,199,205,164,159,178,161,186,181,195,166,201,195,148,152,116,208,147,211,210,211,164,185,201,191,192,210,199,209,151,180,207,140,208,166,209,129,127,181,183,197,177,163,184,154,148,190,162,184,118,208,150,154,161,205,189,142,175,105,172,170,185,135,0,135,196,151,190,125,142,189,152,125,174,106,147,190,155,164,179,146,196,194,134,144,160,141,196,202,202,180,123,178,141,150,198,200,194,170,198,143,200,165,199,194,135,196,198,154,168,198,166,198,193,164,139,199,199,150,135,183,175,194,134,198,198,133,158,187,169,183,192,148,195,168,195,180,167,197,199,162,193,156,151,198,172,178,191,164,160,185,195,164,172,184,163,186,187,179,181,190,190,150,186,182,187,179,162,184,182,180,183,183,170,179,152,177,177,177,171,176,176,158,146,155,164,160,155,162,168,166,164,164,167,151,164,163,139,158,158,161,154,157,156,148,153,147,153,153,147,147,130,146,145,138,140,144,137,134,134,137,138,128,135,132,136,133,133,129,131,126,128,125,122,123,117,116,116,117,113,118,116,114,109,111,107,102,107,105,102,103,101,97,98,94,91,93,92,92,90,88,87,84,83,81,80,78,77,73,72,72,70,67,69,67,65,65,63,59,61,58,58,54,53,51,53,51,49,46,46,45,44,42,41,39,39,37,36,33,32,30,28,26,24,22,20,18,16,12,13,11,9,7,6,4,2,0,0,0,0,0,0,0,2,4,6,8,10,10,12,14,15,17,19,21,22,24,24,27,29,31,33,35,37,39,41,43,45,47,48,50,52,54,56,58,59,61,63,64,65,67,69,71,73,74,74,77,79,81,79,84,83,87,88,87,91,91,91,94,96,98,98,100,102,104,105,107,106,110,112,112,115,117,118,119,122,121,120,120,121,125,125,127,128,124,131,129,128,129,133,133,136,136,137,138,137,139,137,143,142,145,139,125,148,143,148,151,154,150,147,156,133,160,148,161,162,161,155,165,165,164,165,140,165
167,170,162,170,173,175,177,178,172,156,173,180,179,175,169,172,182,129,185,186,172,179,185,188,190,158,193,185,190,192,134,191,197,189,199,183,201,200,196,166,122,186,186,184,155,210,211,206,198,214,209,210,209,215,204,218,187,194,188,210,210,182,200,163,218,222,205,214,202,206,219,209,214,212,223,222,151,223,220,183,224,172,223,205,224,197,223,220,222,218,223,167,147,194,214,216,216,184,152,170,176,225,181,195,162,221,203,211,218,176,172,191,173,200,194,207,179,214,207,161,165,128,221,161,224,224,224,177,199,214,204,205,223,212,222,164,193,220,153,221,180,222,142,139,193,196,210,190,177,197,167,161,203,175,197,132,221,163,167,174,218,202,155,188,117,185,184,198,149,75,148,207,160,199,132,148,193,155,127,176,0,149,192,157,166,181,148,198,196,136,146,162,143,198,204,204,182,125,180,143,152,200,202,196,172,200,145,202,167,202,197,138,199,201,157,171,201,169,201,197,167,142,203,203,154,139,188,179,198,138,202,202,136,164,190,174,188,197,152,199,173,200,184,172,201,203,166,197,159,156,202,175,182,195,168,165,189,199,167,175,185,166,189,188,181,184,192,193,152,188,186,190,180,164,187,184,183,185,185,172,181,153,179,179,179,173,178,178,160,148,156,165,162,157,163,169,168,165,166,168,153,166,165,141,160,160,163,155,158,158,149,154,146,154,153,147,147,129,146,145,138,139,144,136,133,133,137,138,128,135,132,136,133,133,129,131,126,128,125,122,123,117,116,116,117,112,118,116,114,109,111,107,102,107,105,102,103,101,97,98,94,91,93,92,92,90,88,87,84,83,81,80,78,77,73,72,72,70,67,69,67,65,64,63,59,61,59,57,53,52,50,52,50,48,45,45,44,43,41,40,0,38,37,36,34,33,31,29,27,25,23,21,20,18,14,15,13,11,9,8,6,4,2,0,0,0,0,0,0,0,2,4,6,8,8,10,12,13,15,17,19,21,23,23,26,28,30,32,34,36,38,40,42,44,46,47,49,51,53,55,57,58,60,62,63,64,66,68,70,72,73,73,76,78,80,78,83,82,86,87,86,90,90,90,93,95,97,97,99,101,103,104,106,105,109,111,111,114,116,117,118,121,120,119,119,120,124,125,127,129,125,132,130,129,130,134,134,137,138,138,140,138,141,137,144,144,147,141,128,150,145,150,154,156,152,149,159,135,162,150,164,164,163,157,167,167,167,167,144,169
163,167,159,166,168,170,170,171,165,148,162,169,168,165,156,160,168,114,169,170,154,161,166,168,169,137,170,161,164,167,108,0,172,162,174,157,174,174,170,140,96,161,161,159,129,184,186,181,173,189,184,185,184,190,179,193,162,170,163,185,186,157,176,139,194,199,182,191,180,184,198,188,194,193,205,204,135,207,204,170,210,158,211,195,213,187,213,211,214,210,216,161,141,189,210,212,213,182,150,170,177,225,184,198,166,225,208,216,224,183,180,199,183,210,202,217,189,222,217,170,174,137,230,169,233,233,232,186,208,222,213,215,233,222,233,174,204,231,166,232,193,233,154,154,206,209,223,203,190,209,180,173,215,187,209,147,234,176,180,188,232,216,169,202,134,199,199,213,165,92,163,223,175,215,149,163,209,173,144,191,122,162,205,170,176,190,155,205,200,141,150,165,144,199,203,202,178,122,175,136,147,192,194,186,160,188,131,187,151,185,177,118,178,181,136,147,178,143,176,170,138,113,175,173,124,108,154,147,163,101,165,165,96,123,149,130,144,153,107,153,126,153,134,122,150,152,112,142,104,99,146,115,123,136,0,104,131,141,111,118,131,111,137,136,130,134,144,145,103,143,140,146,137,122,145,144,143,148,148,137,146,118,146,146,149,144,149,151,132,120,129,140,139,135,141,149,147,147,147,150,137,150,149,127,146,147,152,145,150,150,143,149,141,151,151,146,146,128,145,145,136,138,144,136,132,133,138,139,128,136,133,137,134,134,130,132,127,129,126,124,125,119,119,119,120,114,120,119,117,112,114,110,105,110,108,105,105,104,100,100,97,94,96,95,95,93,91,90,87,86,84,83,81,80,76,75,75,73,70,72,70,68,68,66,62,64,62,60,56,55,53,55,53,51,48,48,47,46,44,43,41,41,39,38,35,34,32,30,28,26,24,22,22,20,16,17,15,13,11,10,8,6,4,2,0,0,0,0,0,0,0,2,4,6,6,8,10,11,13,15,17,19,21,21,24,25,27,29,31,33,35,37,39,41,43,44,46,48,50,52,54,55,57,59,60,61,63,65,67,69,70,70,73,75,77,75,80,79,83,84,83,87,87,87,90,92,94,94,95,97,99,100,102,101,105,107,107,110,112,113,115,117,115,115,115,115,120,121,122,124,120,126,125,124,125,129,129,131,132,133,134,133,135,133,139,139,141,136,122,145,142,145,149,151,148,145,155,131,158,148,161,160,160,156,163,164,164,164,140,166
163,167,159,167,169,171,173,174,169,155,171,177,177,175,167,172,180,129,182,183,170,177,183,185,187,158,190,183,188,189,131,188,195,186,197,181,198,198,194,162,122,186,185,184,152,208,209,204,196,212,207,208,207,213,202,216,186,192,186,207,207,176,197,157,211,215,200,206,196,198,211,201,206,204,215,214,143,215,212,177,216,163,215,199,216,189,215,212,214,210,214,159,138,185,206,208,207,176,143,163,169,216,174,188,156,212,195,202,209,168,165,182,166,193,184,200,172,204,200,151,157,117,211,151,214,214,214,168,189,204,194,195,213,202,212,154,183,210,145,210,172,211,132,131,185,187,201,181,168,186,158,150,192,164,186,123,210,152,156,165,208,191,144,177,109,174,175,189,140,0,137,200,152,194,128,143,192,154,127,175,106,148,193,158,164,179,146,198,194,136,146,162,141,198,204,204,180,125,178,141,152,200,202,196,170,200,143,202,167,201,194,135,198,200,156,168,200,166,200,196,164,139,202,202,153,138,187,178,195,135,201,201,133,162,187,170,184,195,148,196,171,198,181,170,200,202,163,196,156,155,201,172,182,194,165,162,188,199,168,174,186,167,192,189,182,187,195,196,153,191,189,193,181,168,190,187,186,188,188,175,184,154,182,182,182,176,181,181,161,147,156,166,166,160,165,173,171,168,169,172,157,170,168,145,163,163,167,158,162,162,152,159,148,159,158,152,152,131,151,150,140,141,149,138,135,135,141,143,132,140,137,141,138,138,134,136,131,133,130,127,128,121,120,121,122,114,123,121,117,114,116,112,106,112,110,107,108,106,102,102,99,96,98,97,97,95,93,92,89,88,86,85,82,82,78,77,77,74,72,74,72,69,69,68,64,66,64,62,58,57,55,57,55,53,50,50,49,48,45,45,43,43,41,40,37,36,34,32,30,28,26,24,24,22,18,19,17,15,13,12,10,8,6,4,2,0,0,0,0,0,0,0,2,4,4,6,8,9,11,13,14,16,17,0,20,22,24,26,28,30,32,34,36,38,40,41,43,45,47,49,51,52,54,56,57,58,60,62,64,66,67,67,70,72,74,72,77,76,80,81,80,84,85,85,88,90,92,92,94,96,98,99,101,100,104,106,106,109,111,112,114,116,115,114,114,115,119,121,122,124,120,127,125,124,126,129,130,133,135,134,137,134,137,134,140,140,143,138,125,146,144,147,150,152,149,146,155,132,158,150,160,160,159,156,163,163,163,164,140,165
166,170,162,170,172,175,176,177,173,159,173,180,180,179,170,175,183,133,185,186,173,181,185,188,191,161,193,186,191,192,134,193,198,190,201,184,202,201,197,166,126,189,189,187,155,210,211,207,199,214,210,210,209,215,204,218,190,195,191,211,212,182,203,164,219,222,209,216,206,208,223,212,218,217,229,228,159,230,229,195,234,181,233,217,234,206,233,230,232,228,233,176,156,203,224,226,226,193,161,182,188,235,194,207,175,232,214,222,229,186,185,200,186,213,204,220,192,224,220,165,177,138,231,170,235,234,235,0,209,225,215,218,238,227,238,181,211,239,175,241,204,244,165,165,220,223,237,217,204,222,194,186,228,201,223,160,247,189,193,202,245,229,182,215,146,212,214,227,179,107,175,237,189,229,163,176,224,187,158,203,134,174,220,184,189,204,169,219,213,154,163,178,156,212,217,214,191,135,0,150,162,210,213,205,179,210,152,212,177,212,205,146,209,211,167,179,211,177,212,208,175,151,214,213,166,151,199,190,207,146,213,213,144,175,199,182,196,207,161,208,183,211,192,183,212,214,174,208,168,167,213,184,192,204,176,169,196,206,175,180,190,171,196,193,186,191,199,200,155,195,192,196,185,171,194,191,189,192,192,179,187,156,185,184,185,178,184,184,163,150,158,168,168,162,166,175,172,170,170,173,158,171,169,147,164,164,168,160,163,163,153,159,148,160,158,153,152,132,152,152,140,142,150,139,136,136,143,145,133,142,138,143,140,140,136,137,133,135,132,129,130,123,122,123,124,115,125,123,118,116,118,114,107,114,112,109,110,108,104,104,101,98,100,99,98,97,95,94,90,90,88,87,84,84,80,79,79,75,74,76,74,71,71,70,66,68,66,64,60,59,57,59,57,55,52,52,51,50,47,47,45,45,43,42,39,38,36,34,32,30,28,26,26,24,20,21,19,17,15,14,12,10,8,6,4,2,0,0,0,0,0,0,0,2,2,4,6,7,10,12,14,16,18,18,21,23,25,27,29,31,33,35,37,39,41,42,44,46,48,50,52,53,55,57,58,59,61,63,65,67,68,68,71,73,75,73,78,77,81,82,81,85,86,86,88,90,92,92,94,96,98,99,101,100,104,106,106,109,111,112,114,116,115,114,114,115,119,121,122,124,120,127,125,124,126,129,130,133,135,134,137,134,137,134,140,140,143,139,124,147,146,148,151,153,151,147,157,133,160,153,163,162,162,160,166,166,166,167,143,168
163,168,161,168,170,173,174,175,172,159,170,178,178,178,167,174,180,132,182,183,170,177,183,185,188,160,191,183,188,190,131,191,195,186,197,181,198,198,194,163,125,188,188,186,152,208,210,205,196,212,208,208,207,213,202,216,189,192,190,208,209,179,202,161,216,221,208,213,206,206,221,211,216,216,227,226,157,229,226,195,232,179,233,219,235,209,235,233,236,232,238,182,161,209,229,231,231,199,166,189,195,240,201,214,182,237,219,227,234,192,192,207,193,220,210,227,199,230,227,177,185,143,237,177,240,240,240,195,215,230,220,222,241,229,240,181,211,238,175,238,202,240,160,162,215,218,232,212,199,215,189,179,221,193,216,155,240,182,186,197,238,222,175,208,142,205,209,222,174,102,169,232,182,224,158,169,219,181,153,197,130,168,214,179,182,197,162,214,206,150,158,174,150,208,212,211,184,130,182,143,155,201,204,196,167,198,138,198,162,195,185,125,189,190,145,153,187,149,185,179,144,117,182,180,130,114,162,153,167,104,172,171,99,131,153,0,150,163,114,163,140,168,148,140,170,173,131,167,125,126,172,142,153,166,136,130,160,170,140,144,155,137,165,160,155,162,171,172,127,169,167,172,160,149,171,170,170,173,174,162,171,140,171,172,173,168,173,174,153,139,149,160,163,158,162,172,170,168,168,171,156,169,167,144,162,162,166,157,162,162,152,158,145,159,158,152,152,130,151,151,139,140,150,137,134,134,142,144,133,141,138,142,139,139,136,137,132,134,131,129,130,122,123,124,125,114,125,124,117,117,119,115,108,115,113,110,111,109,105,105,102,99,101,100,99,98,96,95,91,91,90,89,86,86,82,81,81,77,76,78,76,72,73,72,68,70,68,66,62,61,59,61,59,57,54,54,53,52,48,49,47,47,45,44,41,40,38,36,34,32,30,28,28,26,22,23,21,19,17,16,14,12,10,8,6,4,2,0,0,0,0,0,0,0,0,2,4,5,8,10,12,14,16,16,19,21,23,25,27,29,31,33,35,37,39,40,42,44,46,48,50,51,53,55,56,57,59,61,63,65,66,66,69,71,73,71,76,75,79,80,79,83,84,84,87,89,91,91,93,95,97,98,100,99,103,105,105,108,110,111,113,115,114,113,113,114,118,120,121,123,119,125,124,123,125,128,129,131,133,133,135,133,135,133,139,139,142,137,123,145,145,146,149,151,149,146,155,131,158,153,161,160,160,160,164,164,164,165,140,166
165,169,162,168,171,174,175,177,172,161,173,180,180,180,169,177,182,135,184,185,172,181,186,187,191,163,194,187,193,194,135,197,199,192,201,185,203,202,200,167,130,193,192,191,157,213,215,209,201,218,212,214,213,219,208,222,196,198,196,215,216,185,208,167,224,228,215,221,212,213,228,217,223,222,235,233,164,236,235,202,241,187,242,227,244,217,245,242,246,242,248,192,171,220,241,244,244,213,181,204,211,257,218,232,200,257,240,248,255,214,214,230,217,244,236,253,225,257,255,205,214,173,268,208,273,274,274,230,251,266,256,260,279,268,280,222,252,280,217,283,246,285,206,207,262,266,280,261,249,265,239,230,272,244,267,205,290,233,237,248,289,272,227,259,192,257,259,273,226,153,220,283,233,275,209,221,270,232,204,248,182,220,265,230,235,247,214,266,258,202,211,227,203,260,265,264,238,183,236,195,208,254,256,248,220,251,191,251,215,249,238,180,242,245,200,209,242,206,240,235,200,175,239,237,188,173,220,211,226,164,231,231,160,192,212,197,209,220,172,218,194,221,200,191,219,221,179,213,171,170,216,184,195,207,178,171,199,208,177,181,191,172,198,192,186,193,201,202,156,196,194,198,184,173,194,192,190,192,192,179,187,156,185,185,186,179,184,184,162,149,157,167,169,163,165,176,173,171,171,174,159,172,170,147,165,165,169,160,164,164,154,160,146,160,159,153,153,130,152,151,139,139,150,136,133,133,142,144,133,141,138,142,139,139,135,137,132,134,131,128,129,122,121,122,123,112,124,122,115,115,117,113,107,113,111,108,109,107,103,103,100,97,99,98,98,96,94,93,90,89,87,86,83,83,79,78,78,55,61,75,73,0,71,70,66,69,67,65,61,60,58,60,58,56,53,53,52,51,0,48,46,46,45,44,41,40,39,37,35,33,31,29,29,27,24,25,23,21,19,18,16,14,12,10,8,6,4,2,0,0,0,0,0,0,0,2,4,5,8,10,12,14,16,16,19,21,23,25,27,29,31,33,35,37,39,40,42,44,46,48,50,51,53,55,56,57,59,61,63,65,66,66,69,71,73,71,76,75,79,80,79,83,84,84,87,89,91,91,93,95,97,98,100,99,103,105,105,108,110,111,113,115,114,113,113,114,118,120,121,123,119,126,124,123,125,128,129,132,134,133,136,133,136,132,139,139,142,139,123,146,145,147,150,152,151,147,156,132,159,153,162,161,161,161,165,165,165,166,142,167
151,155,147,155,157,159,161,162,158,149,158,164,164,166,154,162,167,121,169,170,157,164,167,169,170,143,171,164,169,168,109,171,171,163,172,155,172,170,167,134,98,159,158,155,120,175,175,171,161,176,172,170,169,174,162,174,150,150,148,166,165,133,157,113,169,171,160,164,155,154,168,157,161,160,171,169,98,170,167,133,171,116,169,155,169,142,168,165,167,163,167,110,88,135,157,158,157,124,91,114,121,165,125,139,106,160,142,150,156,113,114,127,114,139,130,147,118,148,144,0,103,47,157,96,162,163,164,121,141,157,149,152,172,162,174,117,147,175,113,178,143,181,101,104,160,163,178,159,147,164,139,130,173,146,170,111,196,139,144,156,198,183,136,171,105,170,175,189,142,71,137,201,151,195,129,142,192,155,128,172,109,145,193,158,162,177,144,196,191,135,143,162,136,195,201,200,175,122,175,134,148,196,198,191,163,195,135,197,162,196,187,128,193,195,152,161,195,158,195,190,156,131,196,196,148,133,181,172,187,126,194,194,124,158,178,165,175,188,140,187,164,192,171,164,193,195,153,188,146,146,191,160,171,182,155,145,174,184,153,156,167,147,174,170,162,170,178,178,132,174,170,175,162,151,173,170,169,172,171,158,167,134,165,165,165,158,164,164,140,127,135,145,149,143,144,156,154,150,152,156,140,153,152,128,147,147,150,142,146,146,135,143,129,143,143,137,135,112,136,135,122,122,134,119,116,116,126,128,116,125,121,126,123,124,120,120,118,120,117,114,115,108,107,108,109,97,110,108,100,101,103,99,92,99,97,94,95,93,89,90,86,83,86,85,83,83,81,80,76,76,74,73,70,70,66,64,65,0,60,64,64,62,63,64,61,64,64,64,61,61,60,62,61,59,56,56,55,54,51,51,49,49,47,46,44,43,41,39,37,35,33,31,31,29,26,27,25,23,21,20,18,16,14,12,10,8,6,4,2,0,0,0,0,0,0,0,2,2,5,7,9,11,13,14,16,18,20,22,24,26,28,30,32,34,36,37,39,41,43,45,47,49,51,53,54,55,57,59,61,63,64,64,67,69,71,69,74,73,77,77,77,81,81,81,83,85,86,86,88,90,92,93,95,94,98,100,99,102,104,105,107,109,108,107,107,108,112,113,114,116,111,118,117,114,116,120,120,123,125,124,126,124,125,124,129,129,131,128,112,134,135,136,138,141,139,135,143,120,147,143,149,149,148,150,152,152,151,153,128,153
130,134,127,134,136,139,140,142,139,129,139,146,146,148,137,146,150,104,151,153,140,148,153,154,158,133,161,155,161,161,101,164,163,155,163,146,163,161,158,124,89,151,149,147,108,164,166,160,0,167,161,163,162,168,157,171,147,147,148,164,165,134,160,116,173,177,166,170,164,162,178,166,172,172,185,182,113,186,185,155,191,137,192,180,194,167,195,192,196,192,198,142,121,170,192,195,196,163,132,157,164,208,171,185,154,207,190,199,206,164,168,180,171,198,187,207,179,209,209,157,168,125,220,159,225,225,226,185,202,218,209,212,231,220,232,174,204,232,172,235,201,238,158,164,218,222,236,217,205,219,197,185,228,201,224,167,250,193,197,212,251,235,190,223,161,222,228,243,195,125,190,255,203,249,183,193,246,207,181,225,162,197,246,211,213,228,194,249,241,187,196,214,188,248,254,253,225,175,227,185,201,248,250,244,214,246,185,247,211,245,233,173,239,241,197,203,239,199,237,232,195,169,236,234,186,171,217,208,221,158,228,228,154,189,209,195,205,218,166,215,192,218,196,190,217,219,174,211,166,169,214,181,194,205,177,166,197,205,176,176,187,167,196,191,183,192,199,200,151,195,191,197,182,172,194,190,189,192,192,179,188,153,186,185,186,179,185,184,159,145,155,165,170,164,164,177,173,170,171,175,160,173,169,148,165,166,170,162,166,165,155,161,147,162,162,156,155,131,155,154,139,141,153,138,135,135,145,148,136,145,141,146,143,144,140,141,136,140,137,134,134,128,127,128,129,116,129,127,119,120,123,118,112,118,117,114,114,113,109,109,106,103,105,104,103,102,100,99,95,95,93,93,90,90,86,85,85,81,80,82,80,77,77,76,72,74,72,70,66,65,63,65,63,61,58,58,57,56,53,53,51,51,49,48,46,45,43,41,39,37,35,33,33,31,28,29,27,25,23,22,20,18,16,14,12,10,8,6,4,2,0,0,0,0,0,0,0,2,4,6,8,10,12,13,15,17,19,21,23,25,27,29,31,33,35,36,38,40,42,44,46,48,50,52,53,54,56,58,60,62,63,63,66,68,70,68,73,72,76,77,76,80,81,81,84,86,88,88,90,92,94,95,97,96,100,102,102,105,106,108,110,112,110,109,108,108,112,112,111,111,107,112,109,107,107,109,108,110,110,109,110,107,107,104,108,106,108,103,0,107,107,109,112,114,113,110,118,94,122,120,125,125,126,127,129,129,129,130,106,132
159,164,157,164,166,169,170,172,168,158,167,174,174,175,164,173,177,132,179,180,167,174,180,182,185,159,188,180,185,187,127,190,192,183,194,177,195,195,191,159,126,187,187,185,148,205,207,201,193,210,205,205,205,210,199,213,189,189,190,205,206,176,201,157,213,218,208,210,205,203,218,208,213,213,224,223,153,226,223,194,229,175,230,218,232,205,232,230,233,229,235,180,158,208,229,231,232,201,168,194,201,243,206,219,187,240,222,230,237,194,197,210,198,225,213,232,204,233,232,180,190,145,240,180,243,243,243,201,218,233,223,225,244,232,243,184,214,241,180,242,208,243,163,168,221,224,238,218,205,219,195,183,225,197,220,162,244,186,190,203,242,226,179,212,148,209,215,228,181,110,172,238,186,230,164,173,225,185,159,200,138,171,220,185,186,201,166,220,210,156,164,181,153,214,218,217,188,136,188,145,161,207,209,201,170,204,141,204,168,202,189,129,195,197,152,159,194,155,192,187,149,123,191,189,140,125,172,163,176,112,183,182,108,143,162,148,158,172,119,167,145,171,147,141,169,171,124,163,118,119,165,131,144,156,127,116,148,155,125,127,137,116,147,0,132,142,152,153,105,151,149,154,140,131,154,153,153,157,158,147,155,121,156,156,158,153,158,160,136,122,132,142,149,143,145,158,157,154,157,160,146,160,159,137,156,157,162,154,160,160,152,159,144,161,161,155,155,130,154,154,139,140,152,137,134,134,145,147,136,144,141,145,142,142,139,140,135,138,135,134,135,127,127,128,129,115,128,128,118,121,123,119,112,119,117,114,115,113,109,109,106,103,105,104,103,102,100,99,95,95,94,93,90,90,86,85,85,81,80,82,80,77,77,76,72,74,72,70,66,65,63,65,63,61,58,58,57,56,53,53,51,51,49,48,46,45,43,41,39,37,35,33,33,31,28,29,27,25,23,22,20,18,16,14,12,10,8,6,4,2,0,0,0,0,0,0,0,0,2,4,6,8,10,11,13,15,17,19,21,23,25,27,29,31,33,34,36,38,40,42,44,46,48,50,51,52,54,56,58,60,61,61,64,66,68,66,71,70,74,75,74,78,79,80,83,85,87,87,88,91,93,94,96,95,99,101,101,104,106,107,109,111,110,109,109,110,114,115,116,118,114,121,119,118,120,123,124,127,127,128,129,129,131,129,134,134,138,133,118,140,141,141,144,146,145,142,150,126,153,151,156,155,156,158,159,159,159,160,135,162
144,148,141,148,150,153,154,156,152,145,152,160,160,160,151,159,164,120,165,167,154,161,167,168,172,147,175,168,173,175,115,180,180,172,183,166,185,184,181,148,117,178,178,177,138,195,197,192,183,200,195,196,195,201,190,204,181,180,182,196,197,167,193,148,206,210,200,203,197,195,210,199,205,204,217,215,145,218,216,187,223,168,224,212,225,198,227,224,228,223,230,174,152,202,224,226,227,195,163,189,197,239,203,217,186,238,222,231,238,195,200,212,202,230,218,238,211,240,240,188,199,154,250,190,255,256,255,217,232,247,240,241,261,250,263,204,234,263,204,266,233,269,188,195,249,252,266,248,235,248,228,215,257,230,253,198,280,223,226,242,281,265,219,253,191,250,257,270,223,152,214,280,226,272,207,214,267,227,202,243,182,214,263,229,228,243,208,262,254,201,209,226,198,258,263,261,232,182,233,190,207,253,254,246,215,249,186,250,213,248,235,174,241,244,200,204,242,200,240,234,196,170,239,236,188,174,220,211,223,159,231,231,155,192,209,197,205,218,167,214,193,221,196,191,219,221,174,212,166,171,216,180,195,207,177,166,199,205,177,176,187,167,199,193,183,193,202,202,152,195,193,199,181,174,195,193,191,193,193,180,188,151,186,186,187,180,185,185,159,144,154,164,170,164,163,177,174,169,172,175,160,173,171,148,166,166,171,162,166,166,156,162,145,163,162,156,156,129,155,155,138,139,153,136,133,133,146,148,137,145,142,146,143,143,140,141,136,139,136,134,135,127,127,128,129,113,129,128,116,119,0,119,112,119,118,115,116,114,110,110,107,104,106,105,104,103,101,100,96,96,95,94,91,91,87,86,86,82,81,83,81,78,78,77,73,75,73,71,67,66,64,66,64,62,59,59,58,57,54,54,52,52,50,49,47,47,45,43,41,39,37,35,35,33,30,31,29,27,25,24,22,20,18,16,14,12,10,8,6,4,2,2,0,0,0,0,0,0,0,2,4,6,8,9,11,13,15,17,19,21,23,25,27,29,31,32,34,36,38,40,42,44,46,48,49,50,52,54,56,58,59,59,62,64,66,64,69,68,72,73,72,76,77,78,81,83,85,85,87,89,91,92,94,93,97,99,99,102,104,105,107,109,108,107,107,108,112,114,115,117,113,120,118,117,119,122,123,126,128,127,130,128,131,128,133,133,135,131,113,135,135,135,136,137,134,129,135,0,137,135,140,139,140,142,143,143,143,144,120,146
149,153,146,153,155,158,159,161,157,150,158,165,165,166,156,165,167,127,169,170,158,166,171,172,176,153,179,173,178,179,119,184,184,177,187,171,189,188,186,153,123,184,183,182,142,199,201,196,187,204,199,200,199,205,194,208,187,184,188,201,202,171,199,152,210,214,205,207,203,199,214,203,209,208,221,219,149,222,221,193,227,172,228,218,230,203,231,228,232,228,234,178,157,206,228,230,231,199,167,195,202,244,209,223,192,243,226,235,242,199,206,216,208,236,222,244,217,244,246,193,205,158,255,194,260,260,260,223,237,252,244,246,266,255,267,209,239,267,210,270,239,273,192,201,255,258,272,254,241,253,234,219,262,235,258,204,284,227,231,248,285,268,222,255,194,252,261,273,226,156,215,283,229,275,210,217,270,229,206,244,185,216,266,232,231,244,210,265,255,204,212,229,199,261,266,265,234,185,234,191,210,256,257,249,216,252,187,253,216,251,235,175,243,247,203,205,244,202,242,236,196,170,241,238,190,176,222,213,223,159,233,233,155,193,209,199,206,219,167,215,195,223,196,193,221,223,174,214,166,173,218,181,197,209,178,166,201,205,179,176,187,167,201,195,183,195,204,204,151,196,195,201,181,176,197,195,193,195,195,182,190,152,187,187,189,182,187,186,159,144,154,164,172,166,163,179,176,170,173,177,162,175,173,150,168,168,173,164,168,168,158,163,145,165,164,158,158,130,157,156,139,139,155,136,134,133,148,150,139,146,144,148,145,145,142,143,137,141,138,136,137,129,129,130,131,114,131,130,117,122,124,120,113,120,119,116,116,115,111,110,108,105,106,106,105,104,102,102,98,97,97,96,93,93,89,88,88,84,83,85,83,80,80,79,75,77,75,73,69,68,66,68,66,64,61,61,60,59,56,56,54,54,52,51,49,49,47,45,43,41,39,37,37,34,32,33,31,29,27,26,24,22,20,18,16,14,12,10,8,6,4,4,2,0,0,0,0,0,0,0,2,4,6,8,10,12,14,16,18,20,22,24,26,28,30,31,33,35,37,39,41,43,45,47,48,49,51,53,54,56,57,0,59,60,62,60,65,64,68,69,68,72,73,74,77,79,81,82,83,86,88,89,91,90,94,95,94,96,96,96,97,97,94,93,0,92,98,100,101,103,101,106,105,105,106,109,110,113,115,115,117,116,118,116,121,121,125,122,105,128,129,130,133,135,134,131,139,116,142,141,145,144,145,147,148,148,148,149,125,151
153,158,149,158,160,161,163,164,161,155,161,167,166,169,158,166,168,128,169,169,157,163,166,167,169,146,169,163,167,166,106,170,169,162,170,153,170,168,165,130,102,162,160,158,117,172,172,169,160,173,170,168,166,171,159,171,152,147,150,163,162,130,159,107,166,168,161,160,156,150,164,152,156,154,165,165,0,168,167,140,173,117,174,166,177,150,178,175,179,175,181,124,102,150,173,174,174,140,105,135,142,181,146,160,127,176,159,167,173,128,135,143,136,161,147,169,140,166,166,0,125,40,174,112,179,181,181,143,158,174,167,169,189,179,192,133,163,192,134,195,163,198,115,126,181,184,199,180,168,179,160,145,189,161,185,131,212,155,159,176,214,198,151,186,126,184,193,208,161,92,151,220,165,214,148,156,211,169,148,187,129,159,212,177,176,192,157,213,205,154,162,180,150,214,220,219,189,141,191,149,168,215,217,210,177,214,150,216,181,215,202,142,212,214,172,175,214,172,214,209,171,145,215,215,168,154,200,192,202,140,213,213,138,177,193,184,190,205,154,202,183,211,186,184,212,214,165,206,160,166,209,173,190,200,170,158,193,198,172,170,181,160,192,189,176,189,197,197,145,190,188,194,176,170,192,188,187,191,191,176,187,147,183,184,185,177,184,183,156,140,150,160,169,162,159,176,173,166,171,175,160,173,170,148,166,167,170,162,166,166,154,162,144,163,163,157,155,127,156,155,137,138,154,135,131,132,145,150,136,146,141,148,145,144,143,141,138,142,139,137,138,129,129,131,132,113,132,131,116,123,125,122,113,122,120,117,118,116,112,111,109,106,107,108,105,106,104,103,98,98,98,97,94,93,89,89,89,85,84,86,84,81,81,80,76,78,76,74,70,69,67,69,67,65,62,62,61,60,57,57,55,55,53,52,50,50,48,46,44,42,40,38,38,35,33,34,32,30,28,27,25,23,21,19,17,15,13,11,9,7,5,5,2,2,0,0,0,0,0,0,0,2,4,6,8,10,12,14,16,18,20,22,24,26,28,30,32,34,36,38,40,42,44,46,47,48,50,52,54,56,57,57,60,62,64,62,67,66,70,71,70,74,75,76,79,81,83,84,85,88,90,91,92,92,95,97,97,100,102,103,105,107,106,105,106,106,110,112,113,115,111,118,117,115,117,121,122,125,126,125,127,126,127,127,130,131,133,130,116,136,137,138,141,142,140,136,144,124,148,147,151,150,149,153,154,153,153,155,130,155
156,161,154,161,163,166,167,169,165,159,165,173,173,173,163,172,175,134,177,178,166,173,179,180,184,161,187,180,185,187,125,192,192,184,195,177,197,196,193,160,132,192,192,191,150,207,209,204,197,212,207,208,207,213,202,216,195,192,196,208,209,179,207,159,218,222,214,215,211,207,221,211,217,216,229,227,156,230,228,201,235,179,236,225,237,210,239,236,240,235,242,186,164,214,236,238,239,207,173,203,211,250,217,231,199,250,234,242,250,207,213,224,216,243,230,252,224,252,254,199,213,165,261,201,267,268,267,231,244,259,252,253,272,262,274,215,246,274,217,277,246,280,198,208,262,265,279,261,248,259,241,226,268,240,263,209,288,231,233,250,287,270,223,256,197,253,262,275,228,159,217,285,229,277,212,217,272,229,208,245,187,217,267,233,231,245,210,265,256,206,213,230,199,262,267,266,234,187,235,192,212,257,258,250,216,254,188,254,217,252,236,175,244,248,205,205,245,202,243,237,196,170,242,239,192,178,223,215,224,159,234,234,155,195,210,201,206,219,167,215,196,224,197,195,222,224,173,215,167,175,219,180,199,210,177,166,203,206,181,177,188,167,202,198,183,197,206,206,152,196,196,203,182,178,199,196,194,196,197,183,192,151,188,189,191,183,189,188,160,144,154,164,174,168,163,181,177,170,175,179,164,177,174,152,169,169,174,165,169,169,158,164,145,166,165,159,158,128,158,157,138,139,156,136,132,133,148,151,139,147,144,149,146,146,143,143,138,142,139,137,138,130,130,131,132,112,132,131,115,122,125,122,112,122,120,117,118,115,112,111,109,106,107,107,106,105,103,102,98,97,97,96,93,93,89,88,88,84,83,85,83,80,80,79,75,77,75,73,69,68,66,68,66,64,61,61,60,59,56,56,54,54,52,51,49,49,47,45,43,41,39,36,37,0,33,34,32,31,29,28,26,24,22,20,18,17,15,13,11,10,8,8,5,4,2,0,0,0,0,0,0,0,2,4,6,8,10,12,14,16,18,20,22,24,26,28,30,32,34,36,38,40,42,44,45,46,48,50,52,54,55,56,58,60,62,60,65,64,68,69,68,72,73,74,77,79,81,82,83,86,88,89,90,90,93,95,95,98,100,101,103,105,104,103,104,104,108,110,111,113,110,116,115,114,116,119,120,123,124,123,126,124,127,125,129,130,133,130,116,136,137,138,141,143,142,139,147,125,150,149,153,152,153,154,156,156,156,157,0,159
154,158,151,158,160,163,164,166,162,157,162,169,169,170,159,169,171,132,173,174,162,170,175,176,180,159,183,176,181,182,0,186,187,179,189,173,191,190,188,155,127,188,187,186,144,201,203,198,192,206,201,202,201,207,196,210,191,186,192,203,204,173,203,153,212,216,210,209,207,201,216,205,211,210,223,221,150,224,222,197,229,172,229,219,231,204,232,229,233,229,235,179,157,207,229,231,232,200,166,198,205,244,212,226,194,244,227,235,243,200,208,217,211,238,223,247,219,245,249,192,208,158,255,195,260,261,261,225,238,253,244,247,266,255,267,209,239,265,209,267,237,268,186,197,250,253,266,247,234,243,224,209,250,222,245,192,269,212,215,232,268,251,205,237,179,235,244,258,211,142,198,268,211,260,195,199,255,211,190,227,170,198,251,216,213,227,192,247,237,188,197,213,180,245,250,249,215,169,216,173,194,239,241,233,197,236,169,236,200,234,217,156,227,230,188,187,227,184,225,220,178,151,224,222,175,161,206,197,205,140,217,217,136,178,191,183,187,201,148,196,179,206,178,178,205,207,154,198,148,158,202,161,182,192,158,148,185,187,164,158,169,148,184,179,164,180,187,188,132,177,179,184,162,160,180,178,176,178,178,164,173,129,167,169,171,163,170,169,139,124,133,143,155,148,142,162,158,150,155,160,145,158,155,133,150,150,155,146,150,149,138,144,123,146,145,139,138,105,138,136,116,116,136,113,109,110,127,130,117,126,123,128,124,124,122,122,117,120,117,115,115,107,107,108,110,0,111,112,95,105,109,107,96,109,108,108,110,109,108,108,107,105,106,108,107,108,106,106,101,101,101,100,97,96,92,92,92,88,87,89,87,84,84,83,79,81,79,77,73,72,70,72,70,68,65,65,64,63,60,60,58,58,56,55,53,53,51,49,47,45,43,40,41,38,36,37,35,33,31,30,28,26,24,22,20,19,17,15,13,12,10,10,7,6,4,2,0,0,0,0,0,0,0,2,4,6,8,10,12,14,16,18,20,22,24,26,28,30,32,34,36,38,40,42,43,44,46,48,50,52,53,54,56,58,60,58,63,62,66,67,66,70,71,72,75,77,79,80,81,84,86,87,89,88,92,94,94,97,99,100,102,104,103,102,103,103,107,109,110,112,109,115,113,113,113,117,117,120,122,121,124,122,125,122,127,127,131,128,115,134,135,136,138,140,139,136,144,124,147,146,150,149,150,152,153,153,153,154,130,156
144,147,139,146,147,148,148,150,146,140,143,148,146,147,136,143,146,106,146,147,134,139,142,143,145,124,146,138,142,141,79,143,143,134,142,125,142,140,136,0,73,135,133,132,90,147,149,147,140,153,151,150,149,155,144,157,140,134,138,150,149,116,150,0,157,160,155,154,153,146,162,152,157,157,170,168,91,171,170,146,177,120,178,170,181,154,182,179,183,179,185,129,108,157,181,183,184,151,118,150,156,196,164,179,147,196,180,189,197,152,162,169,165,192,176,201,173,199,203,141,162,111,209,147,214,215,215,179,191,207,199,201,220,209,222,163,193,222,166,225,195,228,145,159,212,216,230,211,199,208,191,174,217,190,213,162,240,183,186,205,241,225,179,213,157,211,222,237,190,123,178,249,192,243,179,182,240,196,177,214,159,185,240,205,202,218,183,239,231,183,191,208,175,242,248,247,214,170,217,174,197,242,244,238,201,241,176,243,208,243,227,165,239,241,201,200,241,197,241,235,193,166,239,238,192,177,222,214,220,155,233,232,151,195,207,200,203,217,163,213,195,222,195,195,222,224,170,215,165,176,219,178,200,209,175,164,203,204,182,176,186,165,201,197,181,198,205,206,148,195,195,203,180,178,198,194,194,197,198,184,194,150,187,190,192,183,191,190,159,143,153,163,176,169,162,183,178,170,175,181,166,179,174,154,170,171,176,168,172,171,160,166,146,169,169,163,161,129,162,161,140,140,160,137,133,134,151,155,141,150,146,153,149,150,148,147,143,147,144,142,141,134,134,136,137,114,137,136,118,127,130,126,115,127,124,122,123,121,118,117,115,112,112,113,111,111,109,108,103,101,103,102,99,98,94,94,94,90,89,91,89,86,86,85,81,83,81,79,75,74,72,74,72,69,67,67,66,65,61,61,60,60,58,57,55,55,53,51,49,47,45,42,43,40,38,39,37,35,33,32,30,28,26,24,22,21,19,17,14,14,12,12,9,8,6,4,2,0,0,0,0,0,0,0,2,4,6,8,10,12,14,16,18,20,22,24,26,28,30,32,34,36,38,40,41,42,44,46,48,50,51,53,54,56,58,56,61,60,64,65,64,68,69,70,73,75,77,78,79,82,84,85,87,86,90,92,92,95,97,98,100,102,101,100,102,101,105,107,108,110,108,113,113,112,114,117,117,120,120,121,123,121,124,122,125,126,129,126,114,131,132,133,135,137,135,132,139,122,143,143,146,145,146,148,148,148,146,147,122,147
149,154,147,154,156,159,160,162,158,154,157,164,164,165,155,163,167,129,169,170,158,164,170,172,175,155,178,170,175,177,117,181,182,173,184,167,185,185,181,151,123,182,183,181,138,195,197,192,187,200,195,195,195,200,190,203,185,180,186,195,196,166,197,148,204,208,204,201,200,193,208,198,204,203,216,214,144,217,214,190,221,165,222,211,223,196,224,222,225,220,227,171,148,199,221,223,224,192,157,190,196,235,205,217,185,233,216,224,231,187,195,203,196,223,207,230,202,227,230,175,188,135,233,172,236,237,236,201,211,226,217,218,237,225,237,177,207,235,179,236,207,237,155,168,219,222,236,216,203,212,194,177,218,190,212,162,238,180,183,199,236,220,172,206,148,202,214,226,179,112,164,236,178,228,164,166,223,177,159,194,140,163,218,184,178,195,159,213,204,156,164,180,145,213,217,216,181,137,182,139,162,207,208,200,162,204,135,204,167,202,184,121,194,197,154,153,194,148,192,186,141,115,190,186,141,126,171,164,170,103,182,182,99,143,156,149,151,166,111,160,144,172,142,143,170,172,116,163,112,122,166,124,146,157,121,110,149,150,127,122,131,111,147,143,125,142,150,151,92,139,140,146,122,121,140,139,137,139,139,125,132,0,128,131,135,129,136,137,108,92,103,113,128,123,116,138,136,128,135,141,128,141,139,118,136,138,144,137,143,143,134,139,120,145,145,141,141,108,142,142,122,123,144,122,118,121,139,144,133,141,139,144,143,145,143,143,138,142,140,138,139,132,132,133,134,111,133,133,114,124,127,124,112,124,123,120,120,118,115,114,113,110,110,111,110,110,108,107,103,103,103,102,99,98,94,94,94,90,88,90,89,85,86,85,81,83,81,79,75,74,72,74,72,70,67,67,66,65,62,62,60,60,58,57,55,55,53,51,49,47,45,0,43,40,38,40,38,36,34,33,31,29,27,25,23,22,21,19,16,16,14,14,11,10,8,6,4,2,0,0,0,0,0,0,0,2,4,6,8,10,12,14,16,18,20,22,24,26,28,30,32,34,36,38,39,40,42,44,46,48,49,51,52,54,56,54,59,58,62,63,62,66,67,68,71,73,75,76,76,79,81,82,84,83,87,89,89,92,94,95,97,98,98,96,99,98,102,103,104,105,104,108,108,108,110,112,113,116,117,118,119,118,120,119,123,124,126,123,113,129,130,131,134,136,135,132,140,122,143,142,146,145,146,147,149,149,149,150,126,152
143,148,141,148,150,153,154,156,152,150,152,159,159,160,149,159,161,125,163,164,152,159,164,166,169,150,172,165,171,172,114,176,177,169,179,163,180,180,177,148,120,179,180,177,133,190,192,187,184,195,190,191,190,196,185,199,183,175,184,192,193,162,194,146,201,205,202,198,198,190,205,194,200,199,212,210,142,213,211,188,217,161,218,208,220,193,221,218,222,218,223,168,144,195,218,220,220,189,154,188,194,233,202,217,185,232,216,224,231,189,199,205,202,229,211,238,210,233,239,184,196,142,241,178,244,244,243,210,219,233,224,226,244,233,244,185,215,242,187,243,215,244,162,175,228,231,244,225,212,219,202,184,226,198,221,170,245,188,191,208,244,227,180,214,157,211,223,236,189,122,172,246,187,238,173,175,233,186,168,203,150,173,229,193,188,203,168,223,213,166,175,191,154,224,228,227,190,147,191,149,172,217,219,211,172,214,145,214,178,212,193,130,205,207,166,163,204,158,202,197,152,125,201,197,152,138,183,174,180,114,194,194,110,155,166,160,161,177,122,170,156,183,152,155,182,184,128,175,122,135,179,135,159,169,132,122,162,162,141,133,143,123,161,156,138,157,164,165,106,152,156,161,136,137,155,154,153,155,155,141,150,104,142,146,148,140,146,146,113,96,105,115,130,123,114,137,133,123,128,134,119,132,129,107,124,124,129,120,124,123,112,116,94,120,119,113,112,77,112,111,88,88,110,85,48,82,101,104,91,98,95,101,97,97,95,94,89,92,89,87,86,78,78,80,80,13,79,78,0,69,72,70,0,72,71,71,73,72,71,72,71,69,70,73,72,73,73,74,71,73,74,75,73,73,71,72,73,70,70,72,72,70,71,72,69,72,72,72,69,69,69,71,71,69,66,66,65,65,62,62,59,60,58,57,55,54,53,51,49,48,46,43,44,41,39,40,38,37,35,35,33,31,29,27,25,24,23,21,17,18,16,16,13,12,10,8,6,4,2,0,0,0,0,0,0,0,2,4,6,8,10,12,14,16,18,20,22,24,26,28,30,32,34,36,37,38,40,42,44,46,48,49,50,51,53,52,56,55,59,59,59,62,63,63,66,68,69,70,71,74,75,77,79,78,82,84,84,87,89,90,92,93,93,93,94,93,97,99,100,101,100,104,104,103,104,107,107,110,112,111,114,112,115,113,117,118,120,117,109,123,125,126,128,130,129,126,134,118,137,136,140,139,140,142,143,143,143,144,122,146
123,127,120,129,129,132,134,135,133,130,132,139,139,141,131,139,143,106,144,146,134,141,146,147,151,133,154,148,154,155,99,160,160,153,163,147,165,164,162,133,105,165,164,163,118,175,177,174,171,181,177,177,176,182,171,185,169,161,170,178,179,148,181,134,187,191,188,184,185,176,192,180,186,185,198,196,131,199,198,175,204,148,205,196,207,180,208,205,209,205,211,155,133,183,206,208,209,176,142,177,181,221,191,204,174,220,204,213,220,176,188,193,190,218,199,226,199,222,229,175,187,133,232,170,237,238,238,206,214,230,222,223,243,232,245,186,216,245,192,248,220,251,168,185,237,240,255,236,224,231,217,197,240,213,236,188,263,206,209,228,264,248,201,236,182,234,247,262,215,148,199,274,214,268,204,205,265,218,202,237,185,207,265,231,224,241,206,262,253,207,214,230,193,263,268,267,231,188,233,188,213,259,259,252,212,255,185,256,219,254,235,170,247,250,208,204,248,199,246,240,194,167,245,240,196,182,226,218,223,156,237,237,152,198,208,204,204,219,164,213,199,227,195,199,225,227,170,218,165,179,222,179,203,213,176,164,206,205,185,176,186,166,204,200,181,201,208,209,148,196,198,206,180,181,199,198,197,199,201,187,196,151,187,192,194,186,193,191,159,143,153,162,178,171,161,185,180,170,175,183,168,181,176,156,172,173,179,170,174,172,162,165,145,170,170,164,162,128,163,161,139,139,161,136,132,133,152,156,143,149,148,154,150,151,149,148,143,148,145,143,142,135,135,137,138,115,137,136,119,126,131,127,114,127,125,123,124,121,119,118,116,113,113,114,112,112,110,110,105,105,104,104,100,100,96,96,96,92,91,93,91,88,88,87,83,85,83,81,77,76,74,76,74,72,69,69,68,67,64,64,62,62,60,59,57,57,55,53,51,49,48,45,46,43,41,42,40,38,36,35,33,31,29,27,25,24,23,21,0,18,16,16,14,13,11,9,8,6,4,2,0,0,0,0,0,0,0,2,4,6,8,10,12,14,16,18,20,22,24,26,28,30,32,34,35,36,38,40,42,44,46,47,48,50,52,50,55,54,58,59,58,62,63,64,67,69,71,72,73,76,78,79,81,80,84,86,86,89,91,92,94,96,95,95,96,95,99,101,102,103,101,104,104,101,101,102,101,103,103,102,102,100,100,99,101,100,101,96,88,0,101,103,106,108,107,104,112,98,116,116,119,119,119,121,122,122,122,123,103,125
146,151,143,152,153,156,157,158,155,155,154,161,160,162,152,159,163,129,165,166,155,160,165,168,171,154,173,166,171,172,118,177,178,169,180,164,181,181,178,151,123,182,183,180,134,190,192,188,187,194,191,190,189,195,184,198,185,175,186,191,192,162,196,149,199,203,203,196,200,188,204,193,198,198,210,208,145,211,210,188,215,159,216,207,218,191,218,216,219,215,220,164,141,190,213,215,215,180,145,181,184,222,194,205,174,219,203,211,217,172,184,188,185,212,192,219,191,213,219,165,177,120,220,157,223,224,223,190,197,213,203,204,224,212,224,163,193,222,168,222,195,224,139,156,207,210,224,204,191,198,182,161,204,175,199,150,223,166,168,185,221,206,156,192,136,188,202,214,167,101,148,224,163,216,152,151,211,162,147,179,129,148,206,172,163,181,144,199,189,144,151,168,128,200,204,203,166,124,167,123,149,194,195,187,0,191,119,190,155,189,168,104,181,184,141,137,181,132,178,172,126,98,177,171,127,112,157,150,153,86,167,167,81,127,137,133,132,148,92,141,128,155,122,125,152,154,96,145,91,104,147,0,126,138,51,89,133,132,113,106,117,98,138,135,116,136,146,147,87,136,141,148,123,125,143,145,145,149,150,138,148,104,141,148,151,145,151,152,119,105,115,124,142,137,127,152,150,139,146,154,140,154,152,132,149,151,156,148,154,154,145,148,128,155,155,151,151,116,152,152,130,130,154,129,125,128,149,154,142,148,148,153,150,150,148,148,143,147,144,143,143,135,136,138,139,117,138,138,121,129,133,130,117,130,128,126,126,124,122,121,119,116,116,117,114,115,113,112,108,108,108,107,102,103,99,99,99,94,94,95,94,91,91,90,86,88,86,84,80,79,77,78,77,75,71,72,71,70,67,67,65,65,63,62,60,60,58,56,54,52,51,48,49,46,44,45,43,41,39,38,36,34,32,30,28,27,26,24,20,21,19,19,16,15,13,11,10,8,6,4,2,0,0,0,0,0,0,0,2,4,6,8,10,12,14,16,18,20,22,24,26,28,30,32,33,34,36,38,40,42,44,45,46,48,50,48,53,52,56,57,56,60,61,62,65,67,69,71,72,75,77,78,80,79,83,85,85,88,90,91,93,95,93,94,95,93,98,99,100,102,101,104,106,105,107,109,110,112,114,114,116,115,117,117,120,121,123,119,114,126,128,129,132,133,131,128,137,123,140,140,143,142,143,145,145,146,146,145,127,149
147,152,145,153,154,157,158,160,157,158,156,162,162,164,154,162,165,133,167,168,157,163,168,170,173,158,176,169,174,175,122,179,180,172,182,166,183,183,180,155,127,184,186,184,136,193,195,191,191,198,194,193,193,198,188,201,188,178,189,194,195,164,199,153,202,206,207,199,203,191,207,196,202,201,214,212,149,215,213,193,219,162,220,211,222,195,222,220,223,219,225,169,146,197,220,222,223,190,154,193,196,234,208,218,188,232,215,223,230,184,198,201,199,226,205,232,205,226,233,179,191,132,232,169,235,236,235,204,210,225,216,217,236,224,236,176,206,234,182,235,210,236,153,171,222,225,238,219,206,211,196,175,217,189,211,165,237,179,182,199,235,219,170,205,151,201,216,229,182,116,162,239,177,231,167,165,226,176,162,192,144,161,221,186,177,194,158,213,203,159,167,182,143,216,220,219,180,140,181,138,164,209,211,203,160,206,134,206,170,204,183,119,197,199,157,152,196,147,194,189,141,114,193,187,144,129,174,166,169,102,184,184,97,142,153,149,148,164,108,157,145,171,138,143,170,172,112,163,108,122,167,105,146,157,0,107,152,151,133,125,135,116,158,154,134,156,165,166,105,154,160,166,141,144,161,163,164,167,169,157,166,121,159,165,168,162,169,169,136,120,130,141,159,153,143,168,166,154,161,170,155,168,165,143,160,161,165,156,162,160,149,151,129,158,157,151,150,112,149,148,124,123,147,121,0,119,142,147,135,140,142,148,146,148,147,148,144,149,146,145,145,137,138,140,141,119,141,140,123,132,136,132,119,132,130,128,128,126,123,122,120,117,117,118,116,116,114,114,109,109,109,108,102,104,100,100,100,96,95,97,95,93,93,92,88,90,88,86,82,81,79,81,79,77,74,74,73,72,69,69,67,67,65,64,62,62,60,58,56,54,53,50,51,48,46,47,45,43,41,40,38,36,34,32,30,29,28,25,22,23,21,21,18,17,15,13,12,10,8,6,4,2,0,0,0,0,0,0,0,2,4,6,8,10,12,14,16,18,20,22,24,26,28,30,31,32,34,36,38,40,42,43,44,46,48,46,51,50,54,55,54,58,59,60,63,65,67,69,70,73,75,76,78,77,81,83,83,86,88,90,92,94,93,93,94,93,97,99,100,102,101,105,106,105,107,109,110,113,114,115,116,115,117,117,120,121,124,120,117,127,128,129,132,134,133,130,138,126,141,141,144,143,144,146,147,147,147,148,130,150
146,151,144,152,153,156,157,159,156,158,157,162,162,164,155,162,165,134,167,168,158,164,168,170,173,158,175,169,174,174,124,179,179,172,181,166,184,182,181,154,128,185,185,183,134,190,191,187,186,192,188,186,185,189,177,190,177,166,176,181,181,149,185,137,185,187,188,180,183,170,185,173,178,177,188,186,123,187,185,163,188,130,187,177,187,160,186,183,184,181,185,128,105,154,178,179,179,144,106,146,147,185,157,168,138,180,164,172,178,131,146,147,147,172,151,179,151,170,177,81,136,0,179,115,184,186,186,156,162,179,172,173,194,183,196,136,166,196,145,199,174,202,118,138,191,194,207,190,178,184,171,149,193,165,190,144,217,160,163,182,219,203,154,191,138,189,204,219,172,107,153,230,168,225,161,159,222,172,159,191,143,161,222,188,178,196,160,217,209,165,173,190,150,224,230,229,192,152,194,151,179,226,227,219,179,225,152,227,191,226,206,142,222,225,184,179,225,175,225,219,173,146,226,221,179,165,211,203,206,141,224,224,139,185,195,195,193,209,155,205,193,222,189,195,223,225,166,215,161,177,220,178,201,211,175,160,204,202,183,173,183,163,203,200,178,200,208,208,145,194,198,205,178,181,197,199,197,200,202,188,198,153,187,194,196,188,195,193,159,143,153,162,180,173,161,187,184,169,176,186,171,184,180,159,175,176,181,173,177,176,165,167,146,174,174,168,166,129,167,165,140,140,165,137,136,135,157,161,147,152,152,159,155,155,154,153,149,153,150,148,148,140,140,142,143,121,143,142,125,133,137,133,120,133,131,129,129,127,124,122,121,118,118,120,116,118,116,116,111,111,111,110,102,106,102,102,102,98,97,99,97,95,95,94,90,92,90,88,84,83,81,83,81,79,76,76,75,74,71,71,69,69,67,66,64,64,62,60,58,56,55,52,53,50,48,49,47,45,43,42,40,38,36,34,32,31,30,27,24,25,23,23,20,19,17,15,14,12,10,8,6,4,2,0,0,0,0,0,0,0,2,4,6,8,10,12,14,16,18,20,22,24,26,28,29,30,32,34,36,38,40,41,42,44,46,44,49,48,52,53,52,56,57,59,61,63,65,67,69,71,73,75,77,76,80,82,82,85,87,89,91,93,92,92,93,92,96,98,99,101,100,104,105,103,105,107,0,110,112,112,114,113,115,115,118,120,121,118,115,125,126,127,130,132,131,128,136,126,140,140,143,142,142,145,146,146,146,147,131,149
148,152,145,152,154,157,158,160,157,160,158,164,164,165,156,164,167,137,169,170,159,166,171,172,176,162,179,173,178,179,129,184,184,177,187,171,189,188,187,162,135,190,192,191,142,199,201,197,198,204,200,200,199,205,194,208,197,184,198,201,202,171,208,162,210,214,215,207,211,199,215,203,209,208,221,219,159,222,222,202,227,170,228,219,230,203,231,228,232,228,234,178,155,206,230,232,233,199,164,204,205,244,218,228,201,243,228,237,243,198,215,216,217,244,222,250,226,245,253,202,213,154,256,192,261,262,261,233,237,253,245,246,267,256,269,209,239,269,219,272,248,275,191,211,263,266,278,263,250,254,242,219,263,235,259,214,285,229,231,250,286,271,223,258,206,255,270,283,237,171,216,292,229,285,222,218,281,230,217,247,200,216,277,242,231,248,212,267,258,216,223,239,198,271,277,275,236,197,237,193,221,266,268,258,218,262,189,263,227,261,239,174,254,257,215,209,255,204,253,247,199,171,252,244,203,189,234,225,227,160,245,245,156,203,212,211,208,223,168,217,207,234,199,206,233,235,175,224,169,186,230,187,210,220,184,168,213,209,192,180,190,170,213,208,185,208,216,216,153,200,206,213,184,189,203,206,205,207,208,194,202,159,191,199,201,193,200,198,163,147,157,166,185,178,165,192,188,174,179,190,175,188,185,163,180,180,186,177,181,180,169,169,148,178,177,171,170,130,170,168,142,142,167,139,138,136,160,163,150,153,155,161,157,157,155,155,150,154,151,149,149,141,141,143,144,122,144,143,126,134,138,134,121,134,132,130,130,128,125,122,122,119,119,120,118,118,116,116,111,111,111,110,0,106,102,102,103,99,98,100,98,96,96,95,91,93,91,89,85,84,82,84,82,80,77,77,76,75,72,72,70,70,68,67,65,65,63,61,59,58,57,54,55,52,50,51,49,47,45,44,42,40,38,36,34,33,32,29,26,27,25,25,22,21,19,17,16,14,12,10,8,6,4,2,0,0,0,0,0,0,0,2,4,6,8,10,12,14,16,18,20,22,24,26,27,28,30,32,34,36,38,39,40,42,44,43,47,46,50,50,0,53,54,56,58,60,62,64,66,68,70,72,74,73,77,79,79,82,84,86,88,90,89,89,90,89,93,95,96,98,98,101,102,102,104,105,107,109,111,111,113,112,115,114,117,119,121,119,117,126,126,127,130,132,131,129,136,128,140,140,143,142,144,145,146,146,147,147,133,150
144,147,141,148,149,152,153,155,153,156,153,159,159,161,151,158,163,133,164,166,154,160,165,167,169,155,170,163,167,167,118,171,170,162,171,154,171,169,166,141,115,168,170,167,116,173,173,170,171,174,170,169,167,171,159,172,161,148,160,162,162,131,168,120,166,169,171,160,165,151,165,154,159,157,168,166,104,167,164,144,166,108,165,156,164,137,163,159,161,156,160,104,79,129,153,154,153,117,0,123,122,162,139,149,122,164,149,158,166,120,138,139,141,168,145,175,151,170,179,127,140,79,181,117,186,188,188,160,164,180,173,174,194,184,197,137,167,197,148,200,177,203,119,141,194,197,209,193,181,184,173,149,193,165,189,146,216,159,162,181,218,202,153,190,139,188,205,220,173,109,152,230,167,226,162,158,223,171,160,190,144,160,223,188,177,195,159,216,208,166,174,191,149,225,231,230,190,153,193,150,179,225,227,218,177,223,148,223,188,221,199,134,215,217,176,168,215,164,213,208,159,130,212,205,164,150,195,185,187,120,205,205,116,162,173,172,168,184,127,178,168,194,160,168,194,196,0,185,129,149,193,150,175,184,149,133,180,176,161,149,160,140,184,181,158,183,191,192,129,178,185,193,164,170,185,188,189,192,194,181,191,147,181,190,192,185,193,193,158,141,152,162,183,175,162,190,186,171,176,188,174,186,182,162,177,179,184,175,180,179,167,168,146,177,177,171,169,130,170,168,141,141,167,138,139,136,159,164,149,153,154,162,158,158,157,155,152,156,153,151,151,142,142,145,146,124,145,144,128,135,140,136,123,136,134,132,132,130,127,124,124,121,121,123,119,121,119,119,114,114,114,113,105,108,105,105,105,101,100,102,100,98,98,97,93,95,93,91,87,86,84,86,84,82,79,79,78,77,74,74,72,72,70,69,67,67,65,63,61,60,59,56,57,54,52,53,51,49,47,46,44,42,40,38,36,35,34,31,28,29,27,27,24,23,21,19,18,16,14,12,10,8,6,4,2,0,0,0,0,0,0,0,2,4,6,8,10,12,14,16,18,20,22,24,26,27,29,31,33,35,37,38,39,41,43,42,46,45,49,50,49,53,54,56,58,60,62,64,66,68,70,72,74,73,77,79,79,82,84,86,88,90,89,89,90,89,93,95,96,98,96,101,102,99,101,104,105,107,109,109,111,110,113,113,115,117,119,117,116,124,124,125,128,130,128,126,132,126,136,138,140,139,140,142,143,142,142,144,130,145
144,149,142,150,151,154,155,157,154,157,155,160,160,162,153,160,163,136,165,166,156,162,166,168,171,159,173,167,172,172,126,177,177,170,179,164,182,180,179,156,130,183,186,183,134,190,191,188,190,193,189,187,186,190,178,191,182,167,181,182,182,150,188,141,186,188,190,181,184,171,186,174,179,178,189,187,127,188,186,166,189,130,188,178,188,161,187,184,185,182,186,129,105,155,179,180,180,144,107,149,148,186,161,169,141,181,165,173,179,131,149,148,150,175,152,180,154,171,178,86,139,0,180,115,185,187,187,160,163,180,173,174,195,184,197,137,167,197,149,200,178,203,118,141,194,197,208,193,181,185,174,150,194,166,191,147,217,161,163,182,219,203,154,191,141,189,206,221,175,111,153,230,168,227,164,159,224,172,162,191,146,160,224,190,178,196,160,217,209,168,176,192,149,226,232,231,192,155,194,151,181,228,229,219,181,227,152,229,193,228,206,141,224,227,186,179,227,175,227,221,172,145,228,220,181,168,212,205,206,139,226,226,137,185,195,196,192,209,153,203,194,222,186,194,221,222,162,211,156,175,218,176,199,209,173,154,202,196,181,167,178,158,200,197,174,197,205,204,140,189,195,202,173,178,192,196,194,197,199,185,194,151,182,191,193,185,192,190,154,136,146,157,177,170,155,184,181,164,171,183,168,181,178,156,173,173,178,169,173,172,161,161,140,170,170,164,160,0,163,161,136,136,163,135,136,133,159,163,150,153,155,162,158,158,157,156,152,156,153,151,151,143,143,145,146,124,145,144,128,135,140,136,123,136,134,132,132,130,127,123,124,121,121,123,119,121,119,119,114,114,114,113,103,109,105,105,105,102,101,103,101,99,99,98,94,96,94,92,88,87,85,87,85,83,80,80,79,78,75,75,73,73,71,70,68,68,66,64,62,61,60,57,58,55,53,54,52,50,48,47,45,44,42,40,38,37,36,33,30,31,29,29,26,25,23,21,20,18,16,14,12,10,8,6,4,2,0,0,0,0,0,0,0,2,4,6,8,10,12,14,16,18,20,22,24,25,27,29,31,33,35,36,37,39,41,40,44,43,47,48,48,51,52,54,56,58,60,62,64,66,68,70,72,71,75,77,77,80,82,84,86,88,87,87,88,87,91,93,94,96,96,99,100,100,102,103,105,107,109,109,111,110,113,113,115,117,118,116,117,123,123,124,127,129,128,126,133,128,137,138,140,139,140,142,143,143,144,144,133,147
145,148,142,149,150,153,154,156,154,157,155,161,161,163,153,161,165,138,166,168,156,162,168,169,173,162,176,170,176,177,131,182,182,175,185,169,187,186,185,163,137,188,193,190,139,197,199,195,199,202,198,198,197,203,192,206,198,182,199,199,200,169,207,163,208,212,213,205,209,197,213,201,207,206,219,217,160,220,220,202,225,167,226,217,228,201,229,226,230,226,232,176,153,204,228,230,231,196,162,204,203,242,219,226,201,241,226,235,241,195,215,214,217,244,220,248,226,243,251,203,213,154,254,189,259,260,259,234,235,251,243,244,265,254,267,207,237,267,220,270,248,273,189,211,263,266,276,263,250,252,242,217,261,233,257,214,283,227,229,248,284,269,221,256,206,253,270,283,237,173,214,290,227,285,222,216,281,227,217,245,201,213,277,242,228,246,210,265,256,216,223,239,195,271,277,275,234,197,235,191,221,266,268,256,217,262,186,263,227,261,237,171,254,257,215,207,255,202,253,247,196,168,252,242,203,190,234,225,225,157,245,245,153,200,210,211,206,221,165,215,207,234,197,206,233,235,172,222,166,186,230,187,210,220,184,164,213,207,192,177,188,167,213,208,183,208,216,214,150,198,206,213,182,189,201,206,205,207,208,194,0,160,190,201,204,196,203,201,164,146,156,167,188,181,165,195,191,175,180,193,178,191,188,166,183,183,189,180,184,183,172,170,149,181,180,174,173,117,173,170,142,143,0,141,141,138,164,167,154,155,159,165,161,161,159,159,154,158,155,153,153,145,145,147,148,126,147,146,130,137,142,138,125,138,136,134,134,132,129,124,126,123,123,124,122,123,121,121,115,116,116,115,105,111,107,107,107,103,102,104,102,100,100,100,96,98,96,94,90,89,87,89,87,85,82,82,81,79,77,77,75,75,73,72,70,70,68,66,64,63,62,59,60,57,55,56,54,52,50,49,47,46,44,42,40,39,38,35,32,33,31,31,28,27,25,23,22,20,18,16,14,12,10,8,6,4,2,0,0,0,0,0,0,0,2,4,6,8,10,12,14,16,18,20,22,23,25,27,29,31,33,34,35,37,39,38,42,41,45,46,46,49,50,52,54,56,58,60,62,64,66,68,70,69,73,75,75,78,80,82,84,86,86,86,87,86,90,92,93,95,95,98,99,99,101,102,105,106,108,108,110,109,113,112,114,115,117,116,118,122,122,123,126,128,127,126,132,129,136,137,139,138,141,141,142,142,143,143,134,146
143,146,140,147,148,151,152,154,152,155,153,158,158,160,151,158,162,136,163,165,154,160,164,166,169,158,170,164,168,167,122,171,170,163,171,154,171,168,167,144,118,168,173,167,116,172,173,170,173,174,170,168,166,171,0,172,165,149,164,164,164,132,171,124,168,170,172,162,167,152,167,155,160,158,170,167,108,168,166,148,168,79,167,157,166,138,165,161,163,158,162,105,0,119,155,158,159,124,89,134,131,171,149,157,132,171,157,166,174,127,148,146,151,178,153,182,160,177,186,136,149,90,188,123,193,195,194,169,170,186,179,180,200,190,203,143,173,203,156,206,185,209,123,149,202,205,215,201,189,190,181,155,199,171,195,154,222,165,168,187,224,208,159,196,148,194,213,228,181,119,158,236,173,234,171,164,231,177,169,196,154,166,231,196,183,201,165,222,214,174,182,199,154,233,239,238,197,162,199,156,188,234,236,225,188,233,157,235,200,234,211,145,231,233,193,184,233,180,233,228,178,149,234,226,188,175,220,212,211,144,233,233,142,190,201,204,198,214,159,210,202,230,194,204,231,232,172,220,164,185,228,186,209,218,183,163,212,205,191,176,186,166,210,207,182,207,215,213,148,197,205,212,181,188,200,205,204,208,209,195,204,161,190,201,203,194,202,200,163,145,155,165,187,180,164,194,191,173,179,193,178,191,187,166,182,183,188,180,184,183,171,170,149,181,181,175,173,134,174,172,143,143,171,140,143,137,163,167,153,154,158,165,161,162,161,159,156,160,157,155,155,147,147,149,150,128,149,148,132,139,144,140,127,140,138,136,136,134,131,126,128,125,125,126,123,125,123,123,117,117,117,117,108,112,109,109,109,105,104,106,104,102,102,102,98,100,98,96,92,91,89,91,89,86,84,84,83,81,78,78,77,77,75,74,72,72,70,68,66,65,64,61,62,59,57,58,56,54,52,51,49,48,45,44,42,41,40,37,34,35,33,33,30,29,27,25,24,22,20,18,16,14,12,10,8,6,4,2,0,0,0,0,0,0,0,2,4,6,8,10,12,14,16,18,20,21,23,25,27,29,31,32,33,35,37,36,40,39,43,44,45,47,48,50,52,54,56,58,60,62,64,66,68,67,71,73,73,76,78,80,82,84,84,85,85,84,88,90,91,93,93,96,97,97,99,100,103,104,106,107,108,108,112,111,113,116,117,116,119,122,122,124,126,128,127,126,130,129,135,136,138,137,139,140,141,140,141,142,133,144
138,141,133,142,143,145,147,148,145,149,147,151,150,154,145,150,155,131,156,158,148,151,156,159,161,152,163,158,163,162,120,168,169,161,171,155,172,172,170,150,125,174,178,174,124,181,182,180,185,185,182,181,180,185,174,186,180,163,179,178,177,146,184,140,181,183,185,176,180,166,182,169,174,174,184,182,127,183,183,167,186,128,185,176,186,159,184,181,183,180,185,128,107,153,178,180,179,144,110,152,147,186,163,169,144,181,166,173,180,132,153,148,154,179,152,181,159,173,182,132,143,84,180,115,183,184,183,157,157,173,164,163,182,171,182,122,151,180,133,181,160,182,96,121,171,174,181,168,154,153,143,114,158,129,152,110,177,119,120,138,173,156,106,141,92,136,155,167,120,53,0,173,112,173,111,105,172,117,111,137,96,107,174,140,125,144,109,167,159,121,130,146,98,180,187,187,144,110,147,103,136,183,185,173,136,183,105,185,151,185,161,93,181,184,143,134,185,131,185,180,128,100,188,178,141,128,174,165,165,96,188,188,95,143,154,158,151,169,112,164,159,185,148,159,188,190,131,177,122,145,189,147,171,181,146,126,176,170,157,141,153,134,180,177,151,178,187,184,121,170,181,188,156,166,177,184,185,188,189,177,186,144,173,185,187,181,188,187,150,133,143,154,178,171,154,185,182,163,169,184,170,182,179,158,174,174,179,171,176,175,164,160,139,174,173,168,165,126,167,162,134,134,164,131,136,128,156,161,146,146,151,159,155,155,154,152,147,153,150,148,148,139,140,144,144,123,144,143,127,133,139,135,121,134,133,132,132,130,127,121,125,121,121,123,120,123,121,121,115,115,115,115,104,111,108,108,108,104,103,104,102,101,99,101,97,99,97,96,92,91,89,91,89,87,85,84,84,82,79,79,78,78,76,75,73,73,71,68,68,67,66,63,64,61,59,60,58,56,54,53,50,50,47,46,44,43,42,39,36,37,35,35,32,31,29,27,26,24,22,20,18,16,14,12,10,8,6,4,2,0,0,0,0,0,0,0,2,4,6,8,10,12,14,16,18,19,21,23,25,27,29,30,31,33,34,33,37,0,40,41,42,44,45,47,49,51,53,55,57,59,61,63,65,64,68,70,70,73,75,77,77,80,80,81,81,80,84,85,86,88,89,92,93,94,96,96,99,100,102,103,105,104,108,107,109,112,113,110,116,117,117,119,120,122,120,119,125,125,129,130,131,132,134,134,135,135,136,136,129,139
144,147,141,148,149,152,153,155,153,156,155,160,160,162,153,160,164,140,165,167,156,162,166,168,172,162,174,169,175,173,132,180,179,173,183,166,184,184,183,162,136,184,188,183,131,188,189,186,191,191,186,185,183,187,177,188,183,165,182,180,179,148,185,142,182,185,186,177,181,167,183,170,175,173,185,182,126,183,182,165,184,0,182,172,185,158,185,183,186,184,190,134,114,161,187,189,190,155,123,165,161,201,180,186,162,201,186,195,202,155,177,173,180,206,180,209,188,204,212,165,176,119,215,150,220,221,221,197,196,213,204,206,226,215,228,168,198,228,182,231,211,234,150,175,226,230,238,226,214,214,206,178,223,195,219,178,245,189,191,210,246,231,183,219,172,217,237,251,205,143,182,258,196,257,194,187,255,199,192,219,178,188,255,220,205,224,188,244,236,198,206,223,176,256,263,262,219,186,222,177,211,257,259,247,211,256,179,258,223,258,232,166,253,256,216,206,256,202,255,248,196,166,253,242,206,192,236,227,224,155,247,246,151,200,210,214,206,221,164,216,209,236,198,209,236,238,178,223,167,190,233,191,214,223,188,165,217,208,196,179,189,168,215,211,184,212,219,215,150,199,208,217,183,192,202,208,208,211,212,197,207,164,191,202,206,197,205,202,163,145,155,166,190,183,164,197,192,174,179,195,180,193,189,168,184,185,189,182,186,185,174,170,149,183,183,177,175,136,176,171,143,143,173,140,145,137,165,169,155,154,160,167,163,164,162,161,154,161,158,156,156,148,148,150,151,129,150,149,133,140,145,141,128,141,139,137,137,135,132,125,129,0,125,128,125,128,126,126,119,120,120,120,110,115,112,112,112,108,107,109,107,105,105,105,101,103,101,99,95,94,92,94,92,89,87,86,86,84,81,81,80,80,78,77,75,74,74,71,70,69,68,65,66,63,61,62,60,58,56,55,52,52,49,48,46,45,44,41,38,39,37,37,34,33,31,29,28,26,24,22,20,18,16,14,12,10,8,6,4,2,0,0,0,0,0,0,0,2,4,6,8,10,12,14,16,18,20,22,24,26,28,30,31,33,35,34,38,37,41,42,43,45,46,48,50,52,54,56,58,60,62,64,66,65,69,71,71,74,76,78,80,82,82,83,83,82,86,88,89,91,91,95,96,96,98,99,102,103,105,106,108,107,111,109,112,115,116,115,119,121,121,123,125,127,126,126,131,132,135,136,138,137,140,140,141,141,142,142,137,145
134,137,130,139,139,141,143,144,142,145,142,147,147,149,140,147,150,128,152,153,143,148,153,155,157,149,160,153,159,159,118,164,164,156,166,150,167,167,165,147,122,169,174,170,119,177,178,175,181,181,178,177,176,181,172,183,178,159,177,174,174,142,181,139,178,181,183,173,178,164,178,167,172,170,182,180,125,181,180,164,183,125,182,173,183,155,182,179,181,177,181,125,105,151,175,176,176,141,109,150,145,183,162,167,143,179,164,172,178,131,153,148,154,180,152,180,159,172,180,133,144,85,179,113,182,183,181,157,155,171,162,161,181,169,180,119,149,178,132,178,147,179,0,119,173,175,184,172,158,159,151,124,168,140,165,125,192,135,138,158,194,179,130,167,121,165,186,199,154,92,129,207,145,208,144,136,204,147,143,167,127,136,204,169,152,171,134,190,180,142,149,165,114,198,202,201,156,123,157,112,146,191,192,179,142,187,107,186,151,184,157,89,177,179,138,125,176,120,173,168,113,83,172,160,124,110,153,146,142,71,164,163,67,115,126,130,121,138,79,130,125,151,111,123,149,151,91,136,79,102,144,102,125,133,96,0,127,117,108,92,104,83,132,129,103,131,140,135,72,122,135,142,110,121,129,139,140,145,146,134,143,102,129,141,146,139,147,145,107,90,100,111,138,132,114,148,146,126,134,150,138,150,148,128,145,147,152,144,151,150,139,135,114,152,152,148,146,108,149,144,116,116,150,115,122,114,143,150,135,134,142,150,148,149,149,147,141,150,148,147,148,140,141,145,146,124,145,145,128,135,140,137,123,137,135,134,134,132,129,121,126,123,121,125,122,125,123,123,116,117,118,118,108,114,111,111,111,107,106,108,106,104,104,105,101,102,101,99,95,94,92,94,92,90,88,88,88,86,83,83,82,82,80,79,77,77,76,73,72,71,70,67,68,65,63,64,62,60,58,57,54,54,51,50,48,47,46,43,40,41,39,39,36,35,33,31,30,28,26,24,22,20,18,16,14,12,10,8,6,4,2,0,0,0,0,0,0,0,2,4,6,8,10,12,14,16,18,20,22,24,26,28,29,31,33,32,36,36,39,40,41,43,44,46,48,50,52,54,56,58,60,62,64,63,67,69,69,72,74,76,78,80,79,80,80,79,83,84,85,87,88,90,91,92,94,94,97,97,99,100,101,101,105,104,106,109,109,108,112,114,114,116,118,119,119,117,122,124,125,127,128,128,131,131,131,132,133,132,127,135
139,142,136,144,144,147,148,150,148,151,150,155,155,157,149,155,159,137,160,162,152,157,162,163,168,159,170,165,170,170,131,176,176,169,179,162,180,180,179,161,136,183,187,183,132,190,192,189,194,195,191,191,190,196,188,199,196,176,197,193,194,163,201,162,201,205,206,198,203,190,206,194,200,199,212,210,158,213,213,200,218,162,218,210,221,194,220,218,221,218,224,168,150,195,220,222,223,188,157,200,194,233,213,218,196,233,218,226,234,187,210,205,212,238,209,238,218,231,239,193,203,145,238,173,241,242,241,217,215,231,222,222,242,230,242,181,211,240,195,241,223,242,160,184,234,237,243,232,219,217,209,179,223,194,217,178,243,185,187,205,241,225,175,211,164,207,229,239,194,133,168,244,182,243,180,170,238,180,175,199,159,166,235,199,181,199,162,220,210,172,180,195,145,227,233,231,185,153,186,141,176,221,223,207,173,218,137,218,182,215,188,0,208,212,141,159,212,156,212,207,153,123,215,203,168,156,200,192,189,119,215,216,118,168,180,186,177,194,135,189,185,213,173,188,216,217,159,202,146,173,216,175,199,209,174,150,204,195,185,166,178,157,208,205,176,207,215,209,145,195,207,216,181,194,202,212,211,215,216,201,211,167,193,205,209,201,209,204,165,148,157,168,195,187,167,202,197,177,182,200,185,198,193,173,189,190,194,186,191,189,178,172,151,188,187,181,179,140,180,172,145,145,177,142,150,139,169,173,159,156,164,171,167,168,167,165,156,165,162,161,161,152,152,155,156,134,154,154,138,144,150,146,132,146,144,142,141,140,137,126,134,130,126,131,128,131,129,129,122,120,123,123,113,118,115,115,115,111,109,112,110,108,107,108,104,105,104,102,98,97,95,97,95,92,90,89,89,87,84,84,83,83,81,80,78,78,77,74,73,72,71,68,69,66,64,65,63,61,59,58,55,55,52,51,49,48,47,44,41,42,40,40,37,36,34,32,31,30,28,26,24,22,20,18,16,14,12,10,8,6,4,2,0,0,0,0,0,0,0,2,4,6,8,10,12,14,16,18,20,22,24,26,27,29,31,30,34,34,37,38,39,41,42,44,46,47,49,51,53,55,57,59,61,60,64,66,66,69,71,73,75,77,76,77,77,0,80,82,83,85,86,89,90,91,93,93,96,97,99,100,102,101,105,104,106,109,110,109,113,115,115,117,119,121,121,120,125,127,129,130,132,132,135,135,136,136,137,137,134,140
138,141,136,143,143,146,147,149,148,150,149,154,155,156,148,155,158,138,159,161,151,157,161,162,166,158,169,164,169,168,130,172,171,165,172,154,172,169,169,151,124,169,174,168,116,173,174,171,175,175,170,169,167,171,163,172,169,148,168,164,164,131,170,129,167,169,170,161,165,150,167,153,0,158,171,170,118,173,174,161,180,122,179,171,183,154,183,180,184,181,187,130,114,158,184,186,187,151,123,164,158,198,177,183,161,198,182,192,199,151,176,170,179,205,177,206,188,201,210,165,175,120,212,146,217,218,218,196,193,210,201,203,223,212,225,165,195,225,181,228,210,231,149,174,225,229,235,225,213,211,205,175,220,192,216,177,242,186,188,207,243,228,180,216,172,214,236,248,203,143,180,255,193,256,194,184,254,196,192,216,178,185,254,219,202,221,184,241,233,197,205,222,173,255,262,261,216,185,218,172,207,253,254,239,205,249,169,250,214,248,220,153,241,244,203,189,242,185,240,234,179,148,239,225,191,178,221,212,208,137,232,232,133,183,194,199,189,205,146,199,195,221,181,195,221,223,163,206,149,175,218,176,199,208,173,148,202,191,181,161,172,150,200,196,167,197,204,198,132,182,193,202,166,177,185,193,193,196,197,182,192,150,174,185,191,182,190,185,146,127,137,148,175,170,0,185,180,161,167,186,173,185,182,163,179,181,186,180,185,185,174,167,147,186,187,182,179,142,182,174,145,145,179,142,150,139,170,175,160,156,165,173,169,170,168,166,157,167,164,162,162,153,153,156,157,135,156,155,139,145,151,147,133,147,145,143,143,141,138,126,135,131,126,132,130,132,130,130,123,120,124,124,115,120,117,117,117,113,111,114,112,109,109,110,106,107,106,104,100,99,97,99,97,94,92,91,91,89,86,85,85,85,82,82,80,80,79,76,75,74,73,70,71,68,66,67,65,63,61,60,57,57,54,53,51,50,49,46,43,44,42,42,39,38,36,34,33,32,30,28,26,24,22,20,18,16,14,12,10,8,6,4,2,0,0,0,0,0,0,0,2,4,6,8,10,12,14,16,18,20,22,24,25,27,29,28,32,33,35,36,37,39,41,43,45,47,49,51,53,55,57,59,61,60,64,66,66,69,71,73,75,77,77,78,78,77,81,83,84,86,87,90,91,92,94,94,97,98,100,101,103,102,106,105,107,110,109,109,113,115,115,116,119,121,121,120,125,127,129,129,131,131,134,134,135,135,136,136,134,139
138,141,135,143,143,146,147,149,147,150,149,154,154,156,148,154,158,139,159,161,151,156,160,162,166,157,168,162,168,168,131,174,174,167,177,161,179,178,177,162,136,181,185,180,130,187,189,187,192,193,189,188,188,193,187,196,195,173,196,190,191,160,198,161,197,201,203,194,201,186,203,191,198,196,208,206,157,209,210,197,214,161,214,206,217,190,216,214,217,214,220,164,148,191,216,218,219,184,156,196,189,227,206,212,189,224,209,216,223,176,199,192,201,225,196,226,206,218,227,182,192,136,225,160,229,229,229,206,202,219,210,209,229,217,229,169,198,227,183,227,210,229,148,171,223,225,230,219,206,203,196,165,209,181,204,165,229,171,173,191,227,211,161,197,152,193,216,226,180,121,155,231,168,230,168,156,226,166,163,184,146,151,221,185,166,185,148,204,194,157,165,180,0,215,221,220,175,144,177,133,170,216,219,203,170,216,135,218,183,218,190,102,214,217,177,164,217,161,218,214,158,127,221,208,174,162,206,198,194,0,220,221,121,172,184,191,180,198,138,192,190,217,177,192,220,222,164,207,150,178,221,180,204,213,179,154,209,198,190,170,181,160,212,209,180,211,220,213,148,199,213,220,184,197,203,213,213,216,217,204,212,170,194,205,211,203,210,205,167,148,158,169,196,189,168,203,200,177,183,202,188,200,196,176,192,192,197,188,194,192,180,173,152,191,190,184,181,143,183,174,146,146,180,143,153,140,171,176,161,157,166,174,170,171,170,168,158,168,165,164,164,154,154,158,159,137,157,157,141,147,153,149,135,149,147,145,144,143,140,127,137,133,127,133,131,134,132,132,125,121,126,126,117,122,119,119,119,115,112,116,114,111,110,112,108,108,108,106,102,101,99,101,99,96,94,93,93,91,88,87,87,87,84,84,82,82,81,78,77,76,75,72,73,70,68,69,67,65,63,62,59,59,56,55,53,52,51,48,45,46,44,44,41,40,38,36,35,34,32,30,28,26,24,22,20,18,16,14,12,10,8,6,4,2,0,0,0,0,0,0,0,2,4,6,8,10,12,14,16,18,20,22,23,25,27,26,30,31,33,34,35,37,39,41,43,45,47,49,51,53,55,57,59,58,62,64,64,67,69,71,73,75,75,76,76,76,79,81,82,84,85,88,89,90,92,92,95,96,98,99,101,100,104,103,105,108,109,108,112,114,114,116,118,120,120,119,124,126,128,129,131,131,134,134,135,135,136,136,135,139
136,139,134,141,141,144,145,147,146,147,146,151,152,153,145,152,155,138,156,158,148,154,159,159,164,156,167,161,167,167,131,171,172,165,174,158,176,175,175,161,134,178,183,179,127,186,188,185,190,191,187,187,186,192,187,195,194,171,195,189,190,158,197,161,197,201,202,194,199,186,202,190,199,195,209,206,158,210,209,198,215,161,214,206,217,189,217,214,218,215,221,164,150,192,217,219,220,184,158,199,191,230,210,215,195,230,215,223,231,183,209,202,212,236,208,238,220,232,241,198,208,153,242,177,247,249,248,228,224,240,232,232,251,240,252,192,221,250,207,251,234,252,173,195,246,249,252,244,231,226,221,190,233,204,228,190,253,196,197,216,252,235,187,222,178,218,242,250,205,147,182,255,194,254,193,181,251,191,188,210,173,178,248,212,193,211,174,231,221,186,194,209,160,242,247,246,198,168,199,154,191,236,238,220,188,233,150,233,197,231,201,136,223,227,186,170,224,166,222,215,159,128,221,206,173,160,203,194,189,117,214,214,113,163,173,181,169,185,126,178,176,203,160,176,202,204,144,185,129,156,199,157,180,189,154,129,183,170,162,140,151,129,181,177,145,177,184,176,110,159,173,181,143,157,162,173,172,175,175,160,169,127,149,160,168,159,166,159,120,0,111,123,154,148,125,164,161,139,146,167,153,167,164,144,161,164,169,163,169,168,158,150,130,171,171,167,166,128,169,160,133,133,169,132,143,131,164,170,157,151,163,170,166,167,166,164,153,164,162,161,161,153,153,156,157,135,156,156,139,146,151,148,134,148,146,144,143,142,139,124,136,132,125,130,131,134,132,132,125,120,126,126,117,122,119,119,119,115,0,116,114,111,112,113,109,110,109,107,103,102,100,102,100,97,95,94,94,92,89,88,88,88,85,85,82,83,82,79,78,77,76,73,74,71,69,70,68,66,64,63,61,59,58,57,55,54,53,50,47,48,46,46,43,42,40,38,37,36,34,32,30,28,26,24,22,20,18,16,14,12,10,8,6,4,2,0,0,0,0,0,0,0,2,4,6,8,10,12,14,16,18,20,21,23,25,24,28,29,31,32,33,35,37,39,41,43,45,47,49,51,53,55,57,56,60,62,62,65,67,69,71,73,73,74,74,74,77,79,80,82,83,86,87,88,90,90,93,94,96,97,99,98,102,101,103,106,107,107,110,112,112,114,116,118,119,118,122,124,126,127,129,129,132,132,133,133,134,134,135,137
124,128,123,131,130,133,135,136,136,137,137,140,141,142,135,141,144,128,146,148,139,144,148,149,153,145,156,151,156,156,121,160,161,155,163,147,164,164,164,151,125,167,172,167,115,174,176,174,178,179,176,175,174,180,176,183,182,159,184,177,178,146,185,150,184,188,190,181,188,173,190,178,187,183,196,193,147,196,197,186,201,150,201,193,204,176,203,201,204,201,207,150,138,178,204,206,207,170,146,186,177,216,196,201,181,215,198,207,213,164,191,182,192,216,186,215,198,208,216,175,183,128,216,149,219,220,219,197,192,209,199,200,220,208,220,159,188,218,175,219,203,220,142,164,214,217,221,212,199,195,189,157,201,172,196,158,220,162,164,182,218,203,153,189,145,185,209,217,172,115,149,222,160,221,161,147,219,158,156,177,140,144,214,179,159,178,140,196,186,152,160,175,126,208,213,211,163,134,164,118,157,201,203,185,152,197,113,197,161,194,163,98,186,188,147,131,186,127,184,176,120,87,181,165,133,119,162,154,146,74,172,171,0,119,131,139,128,145,87,141,140,168,126,143,171,174,115,157,101,130,173,133,156,166,132,108,162,151,143,122,134,113,166,163,133,165,174,166,101,152,166,175,138,153,159,171,172,175,177,165,173,132,156,167,176,169,177,171,133,115,125,137,168,162,140,177,174,152,158,179,166,179,175,157,172,175,180,172,179,178,167,159,138,180,180,176,173,136,177,167,139,139,176,137,148,134,167,172,157,151,162,170,166,167,166,164,152,164,161,161,160,151,152,156,156,135,155,155,139,145,151,148,133,148,145,144,143,142,139,125,137,133,125,132,131,135,133,132,126,120,128,127,119,124,121,122,121,118,115,118,117,114,114,115,111,110,111,109,105,104,102,104,102,99,97,96,96,94,91,90,90,90,87,87,84,85,84,81,80,79,78,75,76,73,71,72,70,68,66,65,63,62,60,59,57,56,55,52,49,50,48,48,45,44,42,40,39,38,36,34,32,30,28,26,24,22,20,18,16,14,12,10,8,6,4,2,0,0,0,0,0,0,0,2,4,6,8,10,12,14,16,18,19,21,23,22,26,27,29,30,31,33,35,37,39,41,43,45,47,49,51,53,55,54,58,60,60,63,65,67,69,71,71,73,72,73,75,77,78,80,81,84,85,86,88,88,91,92,94,95,97,96,100,99,101,104,105,104,108,109,109,111,113,115,116,115,119,121,123,124,125,124,126,125,126,124,125,0,124,126
131,135,130,137,137,140,141,143,143,144,142,147,148,149,141,148,151,136,152,154,144,149,154,155,159,151,162,156,161,161,127,165,166,159,168,152,169,169,168,157,131,172,177,172,119,179,181,178,183,184,180,179,179,184,182,187,186,164,189,181,182,150,189,155,188,192,194,185,192,177,194,182,193,187,201,198,152,202,201,191,206,156,206,198,209,181,208,206,209,206,212,155,144,183,208,210,211,174,152,191,182,221,201,207,187,220,204,212,219,169,197,188,198,221,192,221,204,214,222,182,190,135,221,154,224,225,224,203,198,214,205,205,225,213,225,164,194,223,181,224,209,225,149,171,220,224,227,218,205,200,195,162,206,177,200,164,226,168,170,188,224,208,158,194,152,190,215,223,177,122,155,228,165,227,167,153,225,163,162,182,145,149,221,185,165,183,146,203,193,159,167,182,133,215,220,219,170,141,171,126,165,209,211,193,160,206,122,205,170,203,172,109,196,198,157,141,196,136,193,186,129,97,192,176,144,130,173,166,158,85,183,183,80,130,142,149,137,155,0,149,149,177,134,152,179,181,121,162,104,132,175,133,155,164,129,103,158,144,137,113,125,0,158,155,124,157,166,157,92,143,158,167,130,145,151,164,165,169,171,159,167,126,149,161,170,163,171,164,126,105,107,130,162,156,134,171,169,145,152,173,160,173,170,151,167,169,174,166,173,172,161,152,131,174,174,170,168,131,171,161,133,133,172,132,145,131,165,172,158,151,164,172,168,169,168,166,153,166,163,163,163,153,154,158,159,138,157,158,141,148,153,150,137,150,148,146,145,144,142,126,140,136,127,132,134,137,135,133,128,120,129,129,120,125,122,123,122,118,116,119,118,115,115,116,112,112,112,110,106,106,104,105,104,101,98,98,98,96,93,92,92,92,89,88,86,87,86,83,82,81,80,77,78,75,73,74,72,70,68,67,65,64,62,61,59,58,57,54,51,52,50,50,47,46,44,42,41,40,38,36,34,32,30,28,26,24,22,20,18,16,14,12,10,8,6,4,2,0,0,0,0,0,0,0,2,4,6,8,10,12,14,16,17,19,21,20,24,25,27,28,29,31,33,35,37,39,41,43,45,47,49,51,53,52,56,58,58,61,63,65,67,69,69,71,71,71,74,76,77,79,80,83,84,85,87,87,90,91,93,94,96,95,99,98,100,103,104,103,107,108,108,110,112,114,115,114,118,120,122,123,125,125,128,128,129,129,130,130,131,133
131,134,129,136,136,139,140,142,142,143,143,147,148,149,142,149,151,137,152,154,146,151,155,155,160,153,163,159,165,164,132,169,169,164,172,156,174,173,174,163,136,177,181,177,124,184,186,184,189,190,186,186,185,191,190,194,193,170,196,189,190,157,196,164,197,200,201,194,199,185,202,189,202,194,208,205,161,209,209,200,214,165,214,205,217,188,217,214,218,215,220,163,154,190,217,219,219,182,161,200,190,230,209,215,197,229,214,223,230,181,211,200,214,236,207,238,222,231,241,201,207,155,240,171,243,244,242,223,217,232,224,224,243,232,244,183,213,242,201,243,228,244,169,189,238,242,244,238,225,218,215,181,225,196,220,184,245,188,189,208,244,227,178,214,172,210,236,242,197,142,176,247,185,246,187,173,245,183,182,201,166,168,241,206,184,202,165,222,212,179,187,202,153,232,240,238,188,160,189,144,183,228,230,210,180,225,140,225,189,223,191,128,215,218,177,160,216,155,214,204,148,0,212,195,163,151,196,188,181,112,211,212,110,160,172,182,169,186,129,182,181,209,165,184,212,215,156,195,140,170,214,173,196,206,172,147,202,188,182,160,171,152,205,202,169,204,212,202,138,188,202,213,174,191,195,209,209,213,215,201,211,170,191,202,213,205,213,204,165,149,156,167,199,191,170,206,201,177,183,204,190,203,198,178,193,195,199,191,196,194,183,172,150,192,192,186,184,146,185,173,145,145,182,142,156,139,174,178,164,156,169,176,172,173,172,170,157,170,167,166,165,157,157,161,162,140,159,160,144,150,156,152,138,152,150,148,147,146,144,126,141,137,127,132,134,138,136,136,129,120,130,130,121,126,123,123,123,119,116,120,118,115,115,116,112,112,112,110,106,105,103,105,103,100,98,97,97,95,92,91,91,91,88,88,0,86,86,83,83,82,81,78,79,76,74,75,73,71,69,68,66,65,63,62,60,59,58,55,52,53,51,51,49,48,46,44,43,42,40,38,36,34,32,30,28,26,24,22,20,18,16,14,12,10,8,6,4,2,0,0,0,0,0,0,0,2,4,6,8,10,12,14,15,17,19,18,22,23,25,26,27,29,31,33,35,37,39,41,43,45,47,49,51,50,54,56,56,59,61,63,65,67,67,69,69,69,72,74,75,77,78,81,82,83,85,85,88,89,91,92,94,93,97,96,98,101,102,103,105,107,107,109,111,113,114,113,117,119,121,122,124,124,127,127,128,128,129,130,132,132
123,127,121,129,129,131,133,134,134,135,135,138,139,140,133,140,142,130,144,146,138,144,146,147,151,144,153,150,155,152,122,158,157,153,159,143,160,157,159,146,120,158,162,157,103,162,162,160,164,163,160,157,156,160,159,161,160,137,161,154,154,120,159,126,156,158,160,151,156,140,157,143,155,146,159,156,112,158,158,147,160,111,157,149,158,128,156,152,153,151,155,96,88,122,149,150,150,110,90,128,115,155,133,138,119,150,133,142,147,96,127,114,128,149,118,147,131,138,146,106,113,47,146,0,151,153,153,134,128,146,138,140,161,151,164,103,133,164,125,168,155,172,97,120,169,174,178,173,161,156,154,119,166,138,163,128,189,132,135,154,191,176,126,164,125,162,189,197,151,98,133,204,141,205,147,132,207,144,145,164,131,133,208,174,151,171,135,191,183,152,159,176,127,208,216,215,167,140,168,124,165,211,213,194,165,210,125,212,177,211,180,119,207,210,170,153,210,149,210,201,146,117,212,195,165,154,197,189,181,113,211,211,111,160,170,182,168,184,130,180,181,208,165,183,211,213,156,194,138,170,212,172,195,204,171,147,200,186,182,158,169,152,203,200,168,202,211,202,135,187,200,211,173,190,193,207,207,211,212,199,207,166,186,197,206,198,205,197,158,142,150,160,192,184,163,199,195,169,175,198,183,196,191,171,187,188,192,183,189,188,175,165,143,186,186,181,177,141,180,167,138,138,177,135,151,132,168,173,158,150,163,171,167,168,168,165,152,166,163,162,162,152,153,158,159,137,156,157,141,146,153,149,135,150,147,146,145,144,142,123,139,135,124,130,132,137,135,134,128,117,130,129,121,126,123,124,123,120,117,120,119,116,116,117,113,112,113,111,108,107,105,107,105,102,100,100,99,98,95,94,94,94,91,92,89,90,89,86,85,84,83,80,81,78,76,77,75,73,71,70,68,67,65,64,62,61,60,57,54,55,53,53,51,50,48,46,45,44,42,40,38,36,34,32,30,28,26,24,22,20,18,16,14,12,10,8,6,4,2,0,0,0,0,0,0,0,2,4,6,8,10,12,13,15,17,16,20,21,23,24,26,28,30,32,34,36,38,40,42,44,45,47,48,0,51,53,53,56,58,60,62,64,64,66,66,66,69,71,72,74,75,78,79,79,81,81,84,85,87,88,90,89,92,92,93,96,95,97,99,101,101,103,105,107,108,107,110,113,114,116,117,118,120,120,121,121,122,123,125,125
129,132,127,135,134,137,139,140,140,141,140,143,145,145,138,146,148,137,148,151,142,148,152,152,157,150,160,155,161,159,130,164,165,159,167,150,169,168,169,159,134,172,176,173,119,179,180,178,183,184,180,180,178,184,185,187,186,164,189,182,183,150,189,158,188,189,191,183,187,172,189,175,188,179,191,188,146,190,190,180,193,145,191,182,192,161,191,187,189,186,190,132,124,158,184,185,185,147,127,165,152,192,170,176,158,188,170,181,187,0,170,157,172,193,165,195,181,189,199,161,168,117,201,133,206,207,207,190,182,199,191,191,212,201,214,154,184,214,176,217,204,220,147,168,217,221,224,219,206,199,198,163,208,180,204,170,231,174,176,196,232,216,168,204,166,202,229,237,191,139,174,244,181,245,187,172,247,184,185,204,171,171,245,210,187,205,169,225,216,184,191,207,159,237,245,243,193,166,194,149,190,234,236,216,186,230,145,231,195,229,197,136,222,225,184,166,223,161,221,212,155,127,220,202,172,160,202,194,185,117,213,213,112,159,169,180,165,181,126,174,175,202,156,175,201,203,143,182,124,155,197,156,178,187,153,128,181,165,161,135,146,128,179,175,140,175,182,171,104,154,169,179,138,156,157,171,170,173,173,159,168,126,144,156,166,157,165,153,115,101,0,119,154,147,126,163,160,134,141,166,152,166,163,143,160,163,168,162,168,167,156,145,124,170,170,166,164,128,168,155,126,127,168,126,143,125,162,169,154,146,161,169,167,169,168,167,153,168,166,166,165,157,157,162,163,141,161,162,145,151,157,154,140,154,152,150,149,148,146,126,143,139,127,132,137,141,139,139,132,122,134,134,125,130,127,128,128,125,121,125,124,119,121,122,118,118,118,116,112,111,109,111,109,106,104,103,103,101,98,97,97,97,93,94,91,92,91,88,87,86,85,82,83,80,78,79,77,75,73,72,70,69,67,66,64,63,62,59,56,57,55,55,53,52,50,48,47,46,44,42,40,38,36,34,32,30,28,26,24,22,20,18,16,14,12,10,8,6,4,2,0,0,0,0,0,0,0,2,4,6,8,10,11,13,15,14,18,19,21,23,25,27,29,31,33,35,37,39,41,43,45,47,49,48,52,54,54,57,59,61,63,65,65,67,67,67,70,72,73,75,76,79,80,81,83,83,86,87,89,90,92,91,95,94,96,99,100,101,103,105,105,106,109,111,112,111,115,117,119,120,122,122,125,125,126,126,127,128,130,130
129,131,126,134,133,136,138,139,139,140,140,144,145,146,139,146,148,138,149,152,143,149,151,153,157,150,159,155,160,158,130,164,163,157,164,146,164,161,162,152,125,162,165,160,106,164,165,163,166,166,162,160,158,162,162,163,162,140,163,156,156,123,161,130,159,160,161,153,157,141,158,143,158,0,162,160,119,164,166,158,171,124,170,163,174,144,174,171,175,172,178,121,115,148,176,178,179,140,124,162,148,189,169,175,159,189,174,184,192,140,175,160,178,197,167,199,185,191,202,164,170,121,204,135,209,211,210,193,185,202,195,195,214,203,214,153,183,212,174,213,201,215,141,162,209,212,215,210,197,188,187,149,195,166,189,156,214,157,157,177,213,196,147,182,143,179,206,211,165,112,146,215,151,214,156,139,213,149,150,168,137,0,213,178,122,174,138,196,188,157,166,182,134,212,223,222,172,146,173,129,171,218,220,199,172,218,130,219,184,219,187,127,213,218,178,159,218,155,218,207,152,125,220,202,173,162,205,196,188,122,219,219,120,166,177,190,174,191,138,187,189,216,171,191,219,221,164,200,144,178,220,180,203,212,179,155,208,191,190,164,175,160,211,208,173,210,219,208,141,193,206,219,179,198,199,215,215,219,220,206,215,174,192,202,214,206,213,203,164,150,158,166,200,192,171,207,202,175,181,206,191,204,198,179,194,195,199,191,197,196,183,171,149,194,194,189,185,149,188,173,144,144,185,141,159,138,176,181,166,156,171,179,175,176,176,172,158,174,171,170,169,160,160,165,166,144,163,164,148,152,160,156,142,157,154,153,152,151,149,128,146,142,129,134,138,143,142,141,135,122,136,136,127,132,129,129,130,126,123,127,125,121,121,123,119,119,119,117,113,112,110,112,110,106,105,104,104,102,98,97,98,98,94,95,92,93,92,88,88,87,86,83,84,81,79,80,78,76,74,73,70,70,67,67,65,64,63,60,57,58,56,56,54,53,51,49,48,47,45,43,41,39,37,35,33,31,29,27,26,24,22,20,18,16,14,12,10,8,6,4,2,0,0,0,0,0,0,0,2,4,6,8,9,11,13,12,16,18,20,22,24,26,28,30,32,34,36,38,40,42,44,46,48,48,51,53,53,56,58,60,62,64,64,66,66,66,69,71,72,74,75,78,79,80,82,82,85,86,88,89,91,90,94,93,95,98,99,100,102,104,104,106,108,110,111,110,114,116,118,119,121,121,124,124,125,125,126,127,129,129
125,129,124,132,131,133,135,136,137,137,138,140,142,142,136,143,145,136,145,148,140,145,148,149,152,146,155,152,156,154,127,159,159,155,160,144,160,159,160,150,125,160,163,159,105,163,164,162,165,165,161,159,157,161,161,162,161,138,162,155,154,121,160,130,158,159,161,152,157,141,158,144,159,148,160,156,115,158,158,148,159,113,157,148,157,127,155,151,153,150,154,95,90,121,148,149,150,0,92,131,115,158,138,145,130,160,144,155,162,113,146,132,149,169,140,171,159,166,175,139,144,95,178,110,183,185,183,167,159,175,168,169,190,179,192,131,161,192,154,195,183,198,126,147,194,198,202,198,185,178,177,140,187,158,182,150,208,151,154,173,209,195,145,182,145,180,208,214,169,118,152,221,158,222,166,149,224,161,164,180,148,147,222,187,162,181,144,200,191,161,168,184,136,212,222,220,168,143,169,123,167,211,213,191,162,207,119,207,171,205,170,111,195,199,158,138,197,133,195,183,127,100,193,173,145,132,175,167,155,89,185,184,83,127,139,151,134,151,96,0,149,177,130,152,180,183,125,162,105,140,182,143,165,175,142,118,171,154,153,126,137,123,175,172,137,174,183,172,105,156,171,184,142,163,163,180,181,184,186,174,183,142,160,171,184,177,186,174,136,124,132,140,176,169,149,186,182,155,161,187,173,187,183,164,180,182,187,180,185,185,173,160,139,186,186,182,178,143,181,165,136,136,178,133,152,130,169,174,159,148,164,172,168,169,169,166,150,167,164,164,164,154,155,160,161,141,158,160,145,147,156,154,138,154,152,150,148,149,146,124,144,140,125,131,136,142,140,139,132,119,135,135,126,130,127,129,129,125,123,126,125,121,121,123,119,118,119,117,114,113,111,113,111,107,105,105,105,103,99,98,99,99,95,95,93,94,93,89,89,88,87,84,85,82,80,81,79,77,75,74,71,71,68,68,66,65,64,61,58,59,57,57,55,54,52,50,49,48,46,44,42,40,38,36,34,32,30,28,27,25,23,21,19,18,16,14,12,10,8,6,4,2,0,0,0,0,0,0,0,2,4,6,7,9,11,10,14,16,18,20,22,24,26,28,30,32,34,36,38,40,42,44,46,46,49,51,51,54,56,58,60,62,62,64,64,64,67,69,70,72,73,76,77,78,80,80,83,84,86,87,89,88,92,91,93,96,97,99,100,102,102,104,106,108,110,109,111,114,115,117,119,118,121,121,123,123,124,125,127,127
126,128,124,131,130,133,135,136,137,137,137,141,143,143,136,144,145,137,147,150,141,147,151,151,156,149,159,155,161,160,132,165,165,160,167,151,170,169,170,163,137,173,176,173,119,180,182,180,184,185,182,181,180,185,186,188,186,165,188,181,181,148,186,157,185,187,188,180,184,169,184,172,187,177,188,184,144,187,186,178,189,143,186,176,189,0,189,186,190,186,193,135,131,163,190,192,193,156,140,177,163,203,183,190,174,204,189,198,205,156,189,175,191,211,182,212,200,205,215,180,184,136,217,151,222,223,222,208,197,214,207,207,228,217,230,169,199,230,194,233,222,236,165,186,233,237,240,237,224,215,216,178,224,196,220,188,247,190,191,212,248,232,183,218,181,215,243,248,202,152,185,253,188,252,196,177,252,188,191,207,177,175,250,215,190,208,171,228,219,189,196,212,164,240,250,249,196,172,197,151,195,239,241,219,191,235,147,236,199,234,200,141,225,230,189,168,228,164,226,215,157,132,225,205,178,166,207,199,188,123,218,217,118,161,172,185,167,184,131,179,179,206,158,180,205,207,148,184,126,160,201,161,183,191,158,133,185,166,166,137,148,133,183,180,140,180,188,0,109,161,176,190,148,169,169,186,187,192,194,181,190,150,167,179,192,185,194,182,144,133,141,147,185,178,158,195,190,163,169,196,183,195,191,173,188,190,195,188,195,194,182,169,147,196,196,190,186,151,189,173,142,142,186,139,160,136,176,182,166,155,171,180,176,176,176,173,155,174,171,171,170,160,160,166,167,145,165,166,149,151,162,158,143,158,156,154,153,152,150,126,147,144,127,132,139,145,143,142,134,119,138,137,129,133,130,131,132,127,125,129,127,122,123,125,121,120,121,119,115,114,112,114,112,108,106,107,106,105,101,99,101,101,97,97,95,96,95,91,91,90,89,86,87,84,82,83,81,79,77,76,73,73,70,70,68,67,66,63,60,61,59,59,57,56,54,52,51,50,48,46,44,42,40,38,36,34,32,30,29,27,25,23,21,20,18,16,14,12,10,8,6,4,2,0,0,0,0,0,0,0,2,4,5,7,9,8,12,14,16,18,20,22,24,26,28,30,32,34,36,38,40,42,44,45,47,49,49,52,54,56,58,60,60,62,62,62,65,67,68,70,72,74,75,77,79,78,81,82,84,85,87,86,90,89,91,94,95,97,98,100,100,102,104,106,108,107,110,112,114,115,117,117,120,120,122,122,123,124,126,126
122,125,121,128,127,130,132,133,134,134,135,138,140,140,134,141,143,136,144,147,139,145,148,148,153,147,156,153,158,157,131,162,162,158,165,149,167,166,168,162,136,170,174,171,116,177,179,177,182,183,179,179,178,184,184,187,186,163,189,183,184,150,189,163,190,193,194,188,192,178,197,182,198,192,202,198,161,203,205,196,209,166,209,201,212,184,212,209,213,211,216,158,155,186,213,216,217,180,164,201,185,226,206,211,198,227,211,220,227,179,212,196,214,233,203,234,223,227,238,203,205,160,239,174,244,245,245,231,219,237,229,230,250,239,252,191,221,252,216,255,245,258,188,210,254,258,262,260,248,238,240,201,247,220,243,212,270,213,214,235,271,255,207,243,208,241,271,275,230,182,216,282,219,283,229,210,285,222,227,242,214,213,289,254,229,248,212,269,261,232,240,256,208,282,294,291,239,216,240,193,239,284,285,262,236,280,191,281,242,279,244,186,268,275,234,212,273,207,271,258,200,177,270,249,222,210,252,244,232,168,263,263,163,205,215,230,212,228,177,224,225,252,202,225,251,253,194,228,170,206,248,207,229,238,204,179,232,212,212,182,193,179,230,226,188,227,234,223,152,203,216,232,187,208,206,223,223,226,227,213,222,180,194,206,220,211,220,205,166,155,163,168,205,197,176,212,207,178,182,210,195,208,203,183,198,200,205,197,201,199,187,0,149,198,198,192,189,154,191,174,144,143,188,140,162,137,179,184,169,156,174,182,178,179,178,176,156,176,173,172,171,162,162,167,168,147,165,166,151,150,162,160,144,160,157,156,153,154,151,126,148,145,126,132,141,146,144,143,136,119,139,138,130,134,131,132,133,128,126,130,128,124,124,126,122,121,122,120,117,116,114,116,114,110,108,109,108,107,103,101,103,103,98,99,97,98,97,93,93,91,91,88,89,86,84,85,83,81,79,78,74,75,72,72,70,69,68,65,62,63,61,61,59,58,56,54,53,52,50,48,46,44,42,40,38,36,34,32,31,29,27,25,23,22,20,18,16,14,12,10,8,6,4,2,0,0,0,0,0,0,0,2,2,4,5,0,8,10,12,14,16,18,20,22,24,26,28,30,32,34,36,38,40,41,43,45,45,48,50,52,54,56,56,58,58,58,61,63,64,66,68,70,71,73,75,74,77,78,80,81,83,82,86,85,87,90,91,93,94,96,96,98,100,102,104,103,106,108,109,111,113,113,116,116,118,118,119,120,122,123
123,126,122,129,128,131,133,134,135,135,136,139,141,140,134,142,141,136,144,145,138,144,147,147,151,145,155,151,156,154,130,159,160,156,162,145,164,163,165,159,133,167,170,167,113,174,175,173,178,178,175,174,173,179,179,182,180,158,183,177,177,144,182,155,181,182,184,176,180,165,182,168,183,176,184,181,143,183,184,174,186,142,184,174,185,157,184,180,182,179,183,125,121,151,178,179,179,143,125,162,145,185,163,169,155,182,0,175,180,132,165,150,167,186,157,186,176,181,190,156,159,113,193,128,198,199,199,185,174,192,182,184,205,194,207,146,176,207,171,210,200,213,143,165,209,214,217,215,203,193,195,155,202,174,198,167,224,167,169,189,225,210,161,198,163,196,226,230,185,138,171,237,174,238,184,165,240,177,182,197,169,168,244,209,183,203,166,223,215,187,195,212,165,239,252,249,197,174,199,152,198,243,244,221,195,239,150,240,201,238,202,146,227,234,193,171,232,166,230,217,160,137,229,207,181,170,211,203,190,128,222,222,123,164,175,189,169,187,137,183,184,211,162,185,211,213,155,188,130,167,208,168,189,198,165,140,192,171,173,142,153,140,190,186,147,187,194,182,112,162,177,191,146,169,165,183,182,185,186,172,181,140,153,165,179,170,179,164,125,116,123,126,165,156,136,172,167,136,141,170,155,166,162,142,157,158,162,154,159,157,143,127,104,154,153,147,142,106,145,126,0,96,142,94,118,93,136,144,129,116,136,145,143,144,144,143,125,146,145,145,146,137,138,146,147,127,147,149,134,134,148,145,131,147,146,146,145,146,145,120,144,142,124,129,140,146,144,144,136,119,140,139,130,134,131,133,135,130,128,132,130,125,126,128,124,123,124,122,118,117,115,117,115,112,110,111,110,109,105,103,105,105,100,101,99,100,99,95,94,93,93,90,91,88,86,87,85,83,81,80,76,77,74,74,72,71,70,67,64,65,63,63,61,60,58,56,54,54,52,50,48,46,44,42,40,38,36,34,33,31,29,27,25,24,22,20,18,16,14,12,10,8,6,4,2,0,0,0,0,0,0,0,2,4,6,5,9,11,13,15,17,19,21,23,25,27,29,31,33,35,37,39,41,42,44,46,46,49,51,53,55,57,57,59,59,59,62,64,65,67,69,71,72,74,76,75,78,79,81,82,84,83,87,86,88,91,92,94,95,97,97,99,101,103,105,104,107,109,110,112,114,114,117,117,119,119,120,121,123,124
120,0,118,124,117,127,128,130,131,131,132,135,137,137,131,138,140,135,141,144,136,142,145,145,150,144,153,150,155,154,130,159,159,155,162,146,164,163,165,161,135,168,171,168,113,174,176,175,179,180,176,176,175,181,181,184,183,160,186,179,180,147,186,162,187,190,191,184,190,175,193,179,195,191,199,195,160,200,202,194,206,165,206,198,209,183,209,206,210,207,213,155,154,183,210,213,214,179,163,199,182,223,203,209,196,223,210,217,224,178,210,193,212,230,200,231,221,224,235,202,203,159,236,173,241,242,242,229,216,234,226,227,247,236,249,188,218,249,215,252,243,255,187,209,252,257,260,258,246,235,238,198,244,216,240,211,267,210,211,232,268,252,204,240,207,238,269,273,227,182,215,280,216,281,228,207,283,219,226,240,213,212,287,253,226,245,208,266,258,230,239,255,209,282,295,292,239,217,241,193,241,285,286,263,237,281,191,282,243,280,244,189,269,276,236,212,273,208,272,258,201,180,270,249,224,211,254,246,231,171,265,264,166,206,215,232,212,228,179,225,225,253,203,227,253,255,196,229,170,208,250,209,231,239,206,181,234,212,214,182,194,181,232,228,188,229,236,224,152,203,217,234,187,210,0,226,224,229,230,216,226,184,196,209,224,214,224,208,168,159,167,170,209,201,180,216,210,180,184,214,199,212,206,187,202,203,208,201,205,203,190,174,152,201,201,195,192,157,194,176,145,145,191,142,165,139,182,187,171,158,177,185,181,182,181,179,158,179,176,175,174,165,165,170,171,150,168,169,154,152,165,163,147,163,159,159,156,156,154,128,151,148,128,134,144,149,147,146,139,121,143,142,133,137,134,136,137,132,130,134,132,127,128,130,126,125,126,124,120,119,117,119,117,113,111,113,112,111,107,105,107,107,102,102,101,102,101,97,96,94,95,92,93,90,88,89,87,85,83,82,78,79,76,76,74,73,72,69,66,67,65,65,63,62,60,58,56,56,54,52,50,48,46,44,42,40,38,36,35,33,31,29,27,26,24,22,20,18,16,14,12,10,8,6,4,2,0,0,0,0,0,0,0,2,4,4,7,9,11,13,15,17,19,21,23,25,27,29,31,33,35,37,39,40,42,44,44,47,49,51,53,55,55,57,57,57,60,62,63,65,67,69,70,72,74,73,76,77,79,80,82,81,85,84,86,89,90,92,93,95,95,97,99,101,103,102,105,107,109,110,112,112,115,115,117,117,118,119,120,121
121,124,120,127,126,129,131,132,133,133,134,137,139,139,133,140,142,137,143,146,138,144,147,147,152,145,155,151,156,155,132,160,160,156,162,145,164,163,165,161,135,167,170,167,112,174,176,173,178,179,175,175,174,180,180,183,181,159,184,179,180,146,184,161,186,189,190,184,188,174,192,178,194,190,197,194,159,198,199,191,204,163,203,195,206,181,206,203,207,205,210,152,152,180,207,209,210,177,160,197,179,219,199,205,193,221,207,213,221,176,207,190,210,226,197,227,216,221,230,198,199,156,232,171,237,239,238,226,213,230,222,223,243,232,245,184,214,245,211,248,240,250,184,204,246,251,254,253,242,229,232,190,236,208,231,201,256,198,199,219,255,238,188,224,190,221,252,253,208,162,195,258,194,257,205,183,257,193,200,211,185,185,256,223,195,213,177,234,224,197,205,220,174,244,256,253,201,179,201,155,203,247,249,223,199,244,152,244,203,242,204,151,228,238,197,172,235,168,233,218,160,141,232,209,184,172,214,206,192,132,225,225,127,165,175,192,172,188,140,186,185,214,162,187,213,215,157,188,131,168,210,169,191,200,166,142,194,171,174,142,153,142,193,189,147,189,196,184,112,162,177,193,146,170,165,185,184,187,188,174,183,142,153,165,181,172,180,163,124,117,124,0,167,159,119,176,173,142,147,178,164,178,174,155,171,174,179,173,179,178,167,150,129,181,181,177,175,140,179,160,132,131,179,130,154,129,173,180,166,151,172,180,178,179,178,176,154,175,174,173,172,164,164,169,170,149,168,169,153,151,164,162,147,162,160,158,156,156,154,126,151,147,127,129,144,149,147,146,139,120,142,141,133,137,134,135,136,132,130,134,132,127,128,130,126,125,126,124,120,119,117,119,117,114,112,113,112,111,107,105,107,107,101,103,101,102,101,97,96,0,95,92,92,91,89,90,88,86,84,83,79,80,77,77,75,74,73,70,67,68,66,66,64,63,61,59,57,57,55,53,51,49,48,46,44,42,40,38,37,35,33,31,29,28,26,24,22,20,18,16,14,12,10,8,6,4,2,0,0,0,0,0,0,0,2,2,5,7,9,11,13,15,17,19,21,23,25,27,29,31,33,35,37,38,40,42,42,45,47,49,51,53,53,55,56,55,59,61,62,64,66,68,70,72,74,73,76,77,79,80,82,81,85,84,86,89,90,92,93,95,95,97,99,101,103,102,105,107,109,110,112,112,115,115,117,117,118,119,121,122
119,123,118,125,124,127,129,130,131,131,133,134,136,136,131,137,139,136,140,143,136,141,143,144,148,142,151,148,152,151,129,155,156,152,158,142,159,159,161,159,133,163,167,163,107,169,171,170,173,174,171,170,169,175,175,178,177,154,180,174,175,141,180,158,180,183,185,177,184,168,187,173,188,187,191,188,155,192,194,186,197,158,197,189,200,177,199,197,200,198,203,145,146,173,201,203,204,172,153,191,171,211,191,196,184,210,197,202,208,164,194,175,195,210,180,210,199,202,211,180,179,135,211,150,214,215,214,201,186,204,194,195,215,203,215,152,182,213,178,214,206,215,148,168,209,213,216,214,202,190,192,149,196,167,191,161,215,156,158,177,213,198,146,184,149,180,212,212,167,122,154,217,152,216,163,140,215,150,158,170,143,143,214,181,152,172,134,190,180,154,162,177,131,202,213,210,157,136,158,111,160,204,206,180,155,200,107,200,159,197,158,105,183,191,150,126,189,121,187,171,113,93,184,160,136,124,165,157,141,82,175,174,76,112,123,141,0,138,91,139,138,169,118,144,172,175,118,150,92,133,174,136,158,168,135,111,164,142,147,115,126,117,168,165,125,167,176,165,93,144,160,177,130,157,153,173,174,178,180,168,177,137,149,162,179,172,181,165,126,120,128,130,173,165,145,182,178,146,151,184,170,183,179,161,174,179,183,176,183,182,170,155,131,184,184,180,177,142,181,161,134,132,181,131,156,129,174,181,166,151,171,180,176,176,175,173,152,174,171,171,171,160,161,167,167,147,165,166,151,147,162,159,144,159,156,156,152,153,151,123,149,145,124,129,141,147,145,143,137,117,140,139,131,135,132,134,134,130,129,132,131,126,127,129,126,123,126,124,120,119,118,119,118,114,112,114,113,112,108,106,108,108,102,103,102,102,102,98,97,95,96,93,93,91,89,90,88,86,84,83,79,80,77,76,75,74,73,70,67,68,66,66,64,63,61,59,0,57,56,54,53,51,49,47,45,43,41,39,38,36,34,32,30,30,28,26,24,22,20,18,16,14,12,10,8,6,4,2,0,0,0,0,0,0,0,2,4,6,8,10,12,14,16,18,20,22,24,26,28,30,32,34,36,37,39,41,41,44,46,48,50,52,52,54,54,54,57,59,60,62,64,66,68,70,72,71,74,75,77,78,80,79,83,82,84,87,88,89,91,92,93,95,97,99,101,100,103,105,107,109,111,110,113,114,116,116,117,118,119,120
119,123,118,125,124,127,129,130,131,131,133,135,137,137,132,138,140,138,141,144,137,143,145,145,150,144,153,151,155,154,134,159,159,156,162,146,164,163,166,164,138,168,171,168,112,174,176,175,179,180,176,176,175,179,180,181,180,157,181,175,175,140,179,156,177,178,179,0,176,161,180,165,181,181,185,181,149,186,189,182,193,155,192,184,195,173,195,192,196,194,199,141,144,169,197,199,200,169,152,188,168,209,189,197,185,211,200,205,212,169,200,180,202,218,187,219,209,212,222,192,191,149,224,164,229,230,229,219,203,221,214,214,235,224,237,175,206,237,205,240,233,243,178,198,240,244,247,247,235,222,227,183,231,203,227,200,254,195,197,219,255,239,189,225,193,222,254,255,209,166,197,260,194,259,208,183,259,194,203,213,189,188,259,227,196,215,178,235,226,200,208,223,178,247,259,256,202,183,203,157,207,250,252,226,203,246,154,247,206,245,207,155,232,241,201,175,239,170,237,222,163,146,236,212,189,176,219,211,194,137,229,229,131,167,177,196,176,190,144,191,187,217,164,191,217,219,161,190,132,171,213,172,194,202,169,144,197,172,176,142,154,144,196,192,0,194,203,191,119,170,186,204,157,183,180,201,200,206,208,195,205,165,175,188,206,198,208,191,152,147,155,156,198,191,172,207,203,171,176,209,195,208,204,185,198,203,208,201,207,205,193,177,151,204,204,198,195,160,197,177,149,145,194,142,168,139,185,190,174,158,180,188,184,185,184,182,159,182,179,178,177,168,168,173,174,153,171,172,157,153,168,166,150,166,163,162,158,160,157,128,154,152,128,135,147,152,151,148,142,121,146,145,137,141,138,139,140,135,134,138,136,130,132,134,130,128,130,128,124,123,121,123,121,117,115,116,116,115,110,108,111,111,105,106,105,106,105,101,100,98,99,96,96,94,92,93,91,89,87,86,81,83,79,79,78,77,76,73,70,71,69,69,67,66,64,62,59,60,58,56,54,52,50,48,46,44,42,40,39,37,35,33,31,31,29,27,25,23,21,19,17,15,13,11,9,7,5,2,2,0,0,0,0,0,0,0,2,4,6,8,10,12,14,16,18,20,22,24,26,28,30,32,34,35,37,39,39,42,44,46,48,50,50,52,54,52,56,58,59,61,63,65,67,69,71,70,73,74,76,77,79,78,82,81,83,86,87,89,90,92,92,94,96,98,100,99,102,104,106,108,110,110,113,113,115,115,116,117,119,120
117,121,116,123,122,125,127,128,129,129,130,132,134,134,129,135,137,136,137,140,132,138,140,141,145,139,148,145,148,147,128,151,152,148,154,138,155,155,157,157,131,159,163,159,103,165,167,165,169,170,166,166,165,171,171,174,173,150,176,170,171,137,176,156,176,179,181,175,180,164,183,169,185,185,188,185,153,189,191,183,194,158,194,186,197,176,196,194,197,195,200,142,145,170,198,200,201,171,153,190,169,209,190,196,186,211,200,203,209,167,197,176,198,211,181,211,200,203,212,183,180,139,212,153,215,216,215,204,187,205,195,196,216,204,216,153,183,214,181,215,209,216,152,171,210,214,217,215,205,191,195,150,197,168,191,164,216,157,159,178,214,199,147,185,152,181,214,213,168,127,157,218,154,217,167,142,217,152,162,172,147,147,217,185,155,174,136,193,183,159,167,182,136,205,216,213,161,141,161,114,165,209,211,183,160,206,111,205,163,203,162,112,187,198,157,131,196,126,193,176,117,101,192,165,144,131,173,166,148,91,183,183,85,120,130,149,129,143,97,144,141,171,117,144,170,172,114,143,84,125,166,125,147,155,119,96,149,0,131,98,110,102,153,150,108,152,161,149,76,127,143,162,113,142,137,159,159,165,166,154,164,124,133,147,166,159,168,150,111,107,116,115,159,152,132,168,165,131,137,170,156,170,166,147,160,166,170,163,169,168,157,140,115,170,170,166,163,129,167,146,122,116,167,115,142,114,161,166,151,133,156,164,160,161,160,158,134,158,155,155,155,145,146,151,152,131,149,151,135,131,146,144,129,144,142,140,134,138,135,104,133,128,105,0,127,134,133,132,128,106,133,133,126,130,129,131,133,129,129,133,133,128,130,132,129,126,129,127,123,122,120,122,120,117,115,117,116,115,112,109,112,111,106,107,106,107,106,102,101,99,100,97,97,95,93,94,92,90,88,88,83,85,81,81,80,79,78,75,72,73,71,71,69,68,66,64,60,62,60,58,56,54,51,50,48,46,44,42,41,39,37,35,33,33,31,29,27,25,23,21,19,17,15,13,11,9,7,4,4,2,0,0,0,0,0,0,0,2,4,6,8,10,12,14,16,18,20,22,24,26,28,30,32,33,35,37,37,40,42,44,46,48,48,50,52,50,54,56,57,59,61,63,65,67,69,68,71,72,74,75,77,76,80,79,81,84,85,87,88,90,90,92,94,96,98,97,100,102,104,106,108,108,111,111,113,113,115,116,117,118
113,116,111,117,0,120,121,122,123,123,125,126,128,128,123,129,131,131,132,135,128,134,135,136,140,134,143,140,144,143,125,147,148,144,150,134,151,151,153,154,128,156,159,155,100,161,163,162,166,166,164,162,162,167,167,170,169,146,172,166,167,133,172,153,172,175,177,147,176,160,179,165,180,182,183,180,150,184,186,179,189,154,189,181,192,172,191,189,192,190,194,136,140,162,190,191,191,162,143,179,157,196,176,183,172,195,186,187,194,153,182,159,183,196,164,196,185,187,196,167,164,124,195,138,198,199,198,188,169,188,179,178,198,186,198,135,165,196,164,197,192,198,135,154,193,196,199,197,186,171,176,130,177,148,171,146,196,137,138,159,194,178,126,164,133,159,193,192,146,105,136,197,131,196,146,119,194,128,140,147,125,124,193,161,128,148,110,167,157,132,140,154,108,176,187,183,0,112,129,82,138,183,186,160,138,184,89,186,145,187,148,99,175,186,148,120,187,117,187,171,113,99,190,165,144,133,177,170,152,98,192,193,96,130,142,163,143,157,113,161,157,190,136,166,194,195,139,168,110,153,195,155,178,186,154,131,183,160,165,130,142,135,187,184,141,186,194,182,108,159,175,195,145,174,170,190,188,194,197,185,194,154,163,175,195,187,197,178,139,136,144,145,187,179,161,196,191,158,163,197,184,197,192,174,185,191,197,190,195,195,182,167,142,196,196,192,188,153,191,168,143,137,188,134,162,131,179,184,168,151,174,182,178,179,178,176,152,176,173,173,173,163,164,169,170,149,167,169,153,148,165,162,147,162,160,159,154,157,154,123,153,149,124,133,144,151,149,147,141,117,144,143,135,139,136,138,138,134,133,136,135,130,130,133,129,127,129,128,124,123,121,123,121,118,116,117,117,116,111,109,112,111,106,107,106,107,106,103,102,100,101,98,98,96,95,95,94,92,90,90,84,87,83,83,82,81,80,77,74,75,73,73,71,70,68,66,62,64,62,60,58,56,53,52,50,48,46,44,43,41,39,37,34,35,33,31,29,27,25,23,21,19,17,15,13,11,9,5,6,4,2,0,0,0,0,0,0,0,2,4,6,8,10,12,14,16,18,20,22,24,26,28,30,31,33,35,35,38,40,42,44,46,46,48,50,48,52,54,55,57,59,61,63,65,67,66,69,70,72,73,75,74,78,77,79,82,83,85,86,88,88,90,92,93,95,93,96,98,100,102,103,104,106,107,108,109,111,111,113,114
115,119,114,121,120,123,125,126,127,127,129,131,133,133,128,134,136,136,137,140,133,139,141,141,146,140,149,147,151,150,132,155,155,152,158,142,160,159,162,161,136,164,167,164,107,170,172,171,175,176,172,172,171,177,177,180,179,156,182,176,177,143,182,163,183,186,187,184,186,171,190,175,191,193,195,191,161,196,199,191,202,168,202,194,205,186,205,202,206,204,209,151,156,179,207,210,211,182,165,200,177,219,199,206,197,220,212,214,221,181,211,189,213,227,196,228,218,221,232,203,200,162,233,176,238,239,239,230,212,231,223,224,244,233,246,184,215,246,216,249,244,252,190,210,249,254,257,256,247,232,239,193,242,213,237,212,264,205,207,229,265,249,199,237,208,235,269,270,224,184,217,277,212,278,229,203,280,215,227,236,214,214,284,254,222,242,205,263,255,231,240,256,211,279,292,289,239,220,239,191,244,288,289,262,241,284,189,285,242,283,243,193,268,279,239,211,277,206,275,258,199,184,274,248,227,215,257,249,232,175,268,268,170,204,215,235,215,228,183,230,225,256,202,231,257,259,201,229,169,212,254,213,235,243,210,186,238,214,218,182,193,186,236,232,190,233,240,228,151,203,217,238,188,214,210,229,226,232,233,219,229,188,195,208,227,217,227,207,166,163,171,172,212,204,184,219,213,179,183,217,202,215,209,190,201,206,211,204,208,206,193,177,150,204,204,198,195,160,197,174,150,142,194,139,168,136,185,190,174,156,180,188,184,185,184,182,157,182,179,178,177,168,168,173,174,153,171,172,157,151,168,166,150,166,163,162,156,160,157,125,154,152,125,135,147,152,151,149,142,118,146,145,137,141,138,139,140,135,134,138,136,130,132,134,130,128,130,128,124,123,121,123,121,117,115,116,116,115,110,107,111,110,105,106,105,106,105,101,100,98,99,96,96,94,92,93,91,89,87,86,0,83,80,80,80,79,78,75,72,73,71,71,69,68,66,64,60,62,60,58,56,54,52,50,48,46,44,43,42,40,38,36,33,34,32,30,28,26,24,22,20,18,16,14,12,10,8,0,5,4,2,2,0,0,0,0,0,0,0,2,4,6,8,10,12,14,16,18,20,22,24,26,28,29,31,33,33,36,38,40,42,44,44,46,48,46,50,52,53,55,57,59,61,63,65,64,67,69,71,72,74,73,77,76,78,81,82,84,85,87,87,89,91,93,95,94,97,99,101,103,105,105,108,108,110,110,112,113,115,116
113,117,112,119,118,121,123,124,125,125,127,129,131,131,126,132,134,135,135,138,131,137,139,139,144,138,147,145,149,148,132,153,153,150,156,140,158,157,160,160,136,162,165,162,105,168,170,169,173,174,170,170,169,175,175,178,177,154,180,174,175,141,180,163,181,184,185,183,184,169,188,173,189,191,193,189,161,194,196,189,200,167,199,191,202,184,202,199,203,201,206,148,155,176,204,206,207,181,164,199,174,216,196,203,196,217,210,211,218,180,210,186,211,224,193,225,215,218,228,202,197,160,230,175,235,236,235,229,209,227,220,220,241,230,243,181,212,243,214,246,243,249,189,208,246,250,253,253,245,228,237,189,237,209,233,210,260,201,203,225,261,245,195,233,205,231,265,265,219,180,211,270,204,269,222,193,269,204,217,223,203,202,269,240,206,225,188,245,236,214,222,236,192,257,269,265,216,197,213,166,221,264,266,236,216,260,163,261,216,259,217,169,242,255,214,185,253,180,251,232,173,160,250,222,202,191,233,225,205,151,244,244,146,178,188,211,191,201,159,205,199,232,175,206,232,234,176,202,142,187,229,188,210,218,185,161,213,188,193,155,166,160,212,208,164,208,216,203,125,176,190,214,0,191,188,208,205,213,216,203,213,173,179,192,214,206,217,195,155,155,163,164,206,199,180,215,211,175,180,217,203,216,212,193,203,211,215,209,213,211,198,181,153,209,209,203,200,165,202,178,154,145,199,142,173,139,190,195,179,159,185,193,188,190,189,187,160,187,184,183,181,173,173,178,179,158,176,177,162,154,173,171,155,171,167,167,159,164,162,128,159,157,129,140,152,157,156,154,147,122,151,150,142,146,143,144,145,140,139,143,141,135,137,139,135,133,135,133,129,128,126,128,126,122,120,121,121,120,115,113,116,115,110,111,110,111,110,107,106,104,105,102,102,100,98,99,97,95,93,93,87,90,86,86,85,84,83,80,77,78,76,76,74,73,71,69,65,67,65,63,61,59,56,55,53,51,49,47,46,44,42,40,37,38,36,34,32,30,28,26,24,22,20,18,16,14,12,8,9,7,5,4,2,0,0,0,0,0,0,0,2,4,6,8,10,12,14,16,18,20,22,24,26,27,29,31,31,34,36,38,40,42,42,44,46,44,48,50,51,53,55,57,59,61,63,62,65,67,69,70,72,71,75,74,76,79,80,81,82,84,0,86,88,90,92,91,94,96,98,100,102,102,105,106,108,108,110,111,113,114
113,117,112,119,118,121,123,124,125,125,127,129,131,131,126,132,134,135,135,138,131,137,139,139,144,138,147,144,148,147,131,152,152,149,154,138,156,155,157,158,134,160,163,160,102,166,168,166,170,171,167,167,166,172,172,175,174,151,177,171,172,137,177,160,178,181,182,181,181,166,184,170,186,187,189,186,158,190,192,185,196,163,195,187,198,181,198,195,199,197,202,144,151,171,200,202,203,178,159,195,169,211,192,199,191,213,207,206,214,177,205,182,207,220,189,221,210,214,224,197,193,156,225,171,230,232,231,224,205,223,215,216,236,225,238,175,206,238,210,240,238,243,183,201,238,242,244,243,235,217,225,176,225,195,219,195,244,185,186,207,243,226,174,212,184,209,242,242,196,157,189,247,180,246,199,170,246,180,194,198,179,179,245,216,183,201,164,222,212,190,199,212,168,233,245,242,193,173,188,141,197,240,242,212,192,237,139,237,192,235,192,145,217,231,191,160,228,155,226,207,147,135,225,197,177,166,208,201,181,126,219,219,121,153,162,186,166,176,134,180,173,207,149,181,207,209,151,177,117,162,204,163,185,193,160,136,188,164,168,130,140,135,186,182,140,182,190,177,98,150,165,186,135,163,158,177,172,179,181,167,175,135,140,0,176,168,179,157,117,117,126,127,169,162,142,178,174,138,143,180,166,180,175,157,166,175,181,175,181,179,168,152,123,182,182,178,176,141,179,155,134,124,180,123,155,122,174,181,166,145,174,181,179,181,181,180,154,181,179,179,178,170,170,175,176,155,173,175,159,152,170,168,153,168,166,164,157,162,160,124,157,154,126,138,150,155,154,151,145,119,149,148,140,144,141,143,143,139,137,141,140,133,136,138,134,132,134,132,128,127,125,127,125,121,119,120,120,119,114,112,115,114,109,110,109,110,109,106,105,103,104,101,101,99,97,98,96,94,92,92,86,89,85,85,84,83,82,79,76,77,75,75,73,72,70,68,64,66,64,62,60,58,55,54,52,50,48,46,45,43,41,39,0,37,36,34,33,31,29,27,25,23,21,19,18,16,14,10,11,9,7,6,4,2,0,0,0,0,0,0,0,2,4,6,8,10,12,14,16,18,20,22,24,25,27,29,29,32,34,36,38,40,40,42,44,43,47,49,50,52,54,56,58,60,62,61,64,66,68,69,71,70,74,73,75,78,79,81,82,84,84,86,88,90,92,91,94,96,98,100,102,102,105,106,108,108,110,111,113,114
110,114,109,116,115,118,120,121,122,122,124,126,128,128,123,130,131,133,132,135,129,134,136,136,141,136,145,143,147,146,130,150,151,148,154,138,156,155,157,158,136,160,163,160,102,166,168,167,171,172,169,168,167,173,173,176,175,152,178,172,173,138,178,162,179,182,183,183,182,167,186,171,187,189,191,187,161,192,195,187,198,168,198,190,201,185,201,198,201,200,204,147,156,173,203,205,206,182,165,199,172,215,195,202,196,216,210,208,214,178,205,180,206,217,185,217,206,207,218,192,185,149,216,162,220,220,218,212,0,208,201,201,222,211,224,161,192,224,197,227,225,230,172,192,229,233,236,236,229,211,221,171,222,192,216,195,243,184,186,208,244,228,177,216,191,214,249,250,203,167,199,257,190,258,212,182,260,194,210,215,197,197,264,236,201,221,184,242,234,213,223,237,194,259,272,269,222,203,218,171,229,273,275,245,228,272,174,274,230,273,231,186,258,272,233,202,272,199,272,253,194,183,274,245,227,217,260,252,232,180,273,273,176,206,216,241,220,229,189,235,227,262,203,236,263,264,207,231,171,218,260,219,241,248,216,192,244,220,224,184,195,191,242,238,196,239,246,234,153,206,220,243,193,220,216,234,229,237,239,225,235,194,197,212,233,223,233,210,168,169,177,178,218,210,190,225,219,181,187,224,209,222,215,197,205,213,218,211,215,213,199,184,153,211,211,205,202,167,204,178,157,145,201,142,175,139,192,197,180,159,187,195,190,192,191,189,161,189,186,185,183,175,175,180,181,160,178,179,164,155,175,173,157,173,169,169,160,166,164,127,161,159,128,143,154,159,158,156,149,121,152,152,144,148,145,146,147,142,141,145,143,137,139,141,137,135,137,135,131,130,128,130,128,124,122,123,123,122,117,115,118,117,112,113,112,113,112,109,108,106,107,104,104,102,100,102,100,98,96,96,90,93,89,89,88,87,86,83,80,81,79,79,77,76,74,72,68,70,68,66,64,62,59,58,56,54,52,50,49,47,45,43,40,41,39,37,35,33,31,29,27,25,23,21,20,18,16,12,13,11,9,8,6,4,2,0,0,0,0,0,0,0,2,4,6,8,10,12,14,16,18,20,22,24,26,28,28,31,33,35,37,39,39,41,43,42,46,48,49,51,53,55,57,59,61,60,63,65,67,68,69,68,72,0,72,75,76,78,79,81,81,83,85,87,89,88,91,93,95,97,99,99,102,103,105,105,107,108,110,111
110,114,109,116,115,118,120,121,121,122,124,126,128,128,123,130,131,133,132,135,128,134,136,136,141,135,145,143,147,146,132,151,151,148,154,138,156,155,158,158,136,159,163,160,101,166,168,167,171,172,168,167,167,172,172,175,174,151,177,171,172,136,176,162,177,180,182,182,181,166,185,170,186,187,189,186,160,190,193,185,195,166,195,187,198,183,197,195,198,196,201,143,152,169,199,201,202,179,160,194,166,208,187,194,188,207,202,200,206,170,196,171,196,208,176,208,197,199,209,184,176,141,208,154,211,211,211,205,182,201,192,191,211,199,211,148,178,209,181,209,208,211,152,171,206,209,212,210,204,185,194,142,0,162,185,162,211,150,153,175,212,196,145,185,159,183,217,218,172,136,169,226,160,227,182,153,230,164,181,185,168,168,234,207,172,192,155,214,205,185,195,207,165,230,242,239,194,174,188,141,200,245,247,216,199,244,146,246,200,246,202,157,229,244,204,174,244,169,244,223,164,156,245,216,199,188,231,224,202,152,245,245,149,179,189,215,196,205,166,212,204,239,179,213,240,241,185,208,147,195,237,196,218,226,193,170,221,196,201,161,171,170,219,216,174,216,224,212,130,183,197,221,171,198,194,213,207,216,218,204,213,172,174,188,211,201,211,187,146,148,155,156,196,188,168,203,198,159,164,202,187,200,192,175,183,191,197,189,193,191,178,162,130,190,189,183,180,145,182,155,135,122,179,119,153,116,170,175,159,136,165,173,169,170,169,167,138,167,164,163,162,153,153,158,159,138,156,157,142,132,153,150,135,150,147,146,136,143,141,101,138,134,0,120,132,139,139,138,133,105,139,139,132,136,135,137,139,135,135,139,139,134,137,140,137,135,137,135,131,130,128,130,128,124,122,123,122,122,117,115,118,117,112,113,112,113,112,109,108,106,107,104,104,102,100,102,100,98,96,96,90,93,89,90,89,88,87,84,81,82,80,80,77,77,75,73,69,71,69,67,65,63,59,59,57,55,53,50,50,48,46,44,41,42,40,38,36,34,32,30,28,26,24,23,22,20,18,14,15,13,11,10,8,6,4,2,0,0,0,0,0,0,0,2,4,6,8,10,12,14,16,18,20,22,24,26,26,29,31,33,35,37,38,40,42,41,45,47,48,50,52,54,56,58,60,59,62,64,66,67,69,68,72,71,73,76,77,78,80,82,82,84,86,88,90,89,92,94,96,98,98,100,102,103,105,105,107,108,110,111
108,112,108,114,113,116,118,119,120,120,122,124,126,126,121,128,129,130,130,133,127,132,134,134,139,134,143,141,145,144,131,149,149,146,152,136,154,153,156,156,135,158,161,158,99,164,166,166,169,170,167,166,165,171,171,174,173,150,176,170,171,135,176,162,177,180,181,181,181,165,184,169,185,187,189,185,160,190,193,186,196,167,196,189,198,184,197,193,196,194,197,139,148,0,195,197,198,175,157,191,163,206,186,195,189,208,205,203,211,175,202,177,204,216,185,218,207,210,221,196,190,155,222,171,227,228,228,224,202,220,213,213,233,222,236,172,203,236,210,239,238,242,184,204,239,244,247,246,241,221,233,181,234,202,226,206,254,194,196,219,255,239,187,227,202,224,259,260,213,179,211,267,200,268,223,192,270,204,221,225,208,209,274,247,211,232,194,253,245,225,234,247,206,269,282,279,233,214,228,180,240,284,286,256,238,283,184,285,239,285,241,197,268,283,244,212,282,205,280,259,199,190,279,249,231,221,262,254,233,181,273,273,176,205,215,240,221,229,189,236,226,261,201,236,262,264,207,230,168,218,259,219,240,248,216,192,243,220,224,182,192,191,241,237,196,238,245,234,150,204,218,243,193,220,216,233,227,236,238,224,235,194,195,211,232,222,233,208,166,169,177,178,218,209,190,225,218,180,184,223,208,221,212,196,202,212,216,210,214,213,199,184,151,210,211,205,201,167,204,176,157,143,201,140,175,137,191,197,180,157,186,195,190,191,191,188,159,189,186,185,183,174,174,180,181,160,178,179,164,153,175,173,156,173,169,169,158,166,164,125,161,159,126,143,153,159,158,156,148,119,152,152,143,147,144,146,147,142,141,145,143,137,139,141,137,135,137,135,131,130,128,130,128,123,122,123,123,122,117,114,118,117,112,113,112,113,112,109,108,106,107,104,104,102,100,102,100,98,96,96,90,93,89,89,88,87,86,83,80,81,79,79,77,76,74,72,68,70,68,66,64,62,59,58,56,54,52,0,49,48,46,45,42,43,41,39,37,35,33,31,29,27,26,25,24,22,20,16,17,15,13,12,10,8,6,4,2,0,0,0,0,0,0,0,2,4,6,8,10,12,14,16,18,20,22,24,23,26,28,30,32,34,35,37,39,39,42,44,45,47,49,51,53,55,57,56,59,61,63,64,66,65,69,69,70,73,74,76,77,79,80,81,83,85,87,87,89,91,93,95,97,97,100,101,103,103,105,106,108,109
108,112,108,114,113,116,118,119,120,120,122,125,127,126,120,128,128,130,129,131,125,131,133,133,138,133,142,139,143,142,130,147,147,144,149,133,151,150,152,154,133,155,158,155,95,161,163,161,165,166,162,162,161,167,167,170,169,146,172,166,167,131,172,159,173,176,177,177,176,161,179,165,181,182,184,181,157,185,187,180,191,162,190,182,193,179,193,190,194,192,197,139,150,166,195,197,198,177,158,192,164,206,187,194,189,208,205,201,209,176,201,177,203,215,184,217,206,209,220,196,189,155,220,171,225,227,226,223,201,218,210,211,231,220,233,170,201,233,208,235,236,238,182,200,234,238,239,239,233,212,223,171,223,190,214,194,239,180,181,202,238,221,169,207,183,204,238,238,191,157,188,243,175,242,198,165,242,175,193,193,178,178,241,215,178,196,159,217,207,188,198,208,168,229,241,238,191,172,182,135,196,238,240,207,191,235,133,235,188,233,187,145,213,229,189,155,226,150,225,203,142,135,224,192,176,165,207,199,176,126,218,218,121,148,157,185,165,171,134,179,169,206,143,180,206,208,150,172,110,161,203,162,184,191,159,135,187,162,167,124,134,134,185,181,139,182,189,177,92,145,162,186,135,163,158,177,169,179,181,167,176,135,135,151,174,164,174,148,106,111,118,119,159,151,131,166,160,120,124,164,149,161,152,135,141,151,156,148,152,150,135,120,0,147,147,141,138,102,140,110,93,0,137,47,112,50,132,139,123,100,132,140,137,140,141,140,110,141,140,141,140,133,134,141,143,123,142,144,130,119,143,141,127,143,141,142,131,141,141,100,140,138,105,124,136,142,142,141,135,106,140,141,134,138,137,139,141,137,137,141,141,135,138,141,137,135,137,135,131,130,128,131,129,125,123,124,124,123,118,117,119,120,113,115,115,116,115,112,110,109,110,107,105,105,103,104,103,101,99,100,94,97,93,93,92,91,90,87,84,85,83,83,81,80,78,76,72,74,72,70,68,66,62,62,60,58,56,53,53,51,49,47,44,45,43,41,39,37,35,33,31,29,28,27,26,24,22,18,19,17,15,14,12,10,8,6,4,2,0,0,0,0,0,0,0,2,4,6,8,10,12,14,16,18,20,22,23,25,27,29,31,33,34,36,38,38,41,43,44,46,48,50,52,54,56,55,58,60,62,63,65,64,68,68,69,72,73,75,77,78,80,81,83,85,87,87,89,91,93,95,97,97,100,101,102,103,105,106,108,109
106,110,106,112,111,114,116,117,118,118,121,123,125,125,120,127,128,130,129,132,126,131,132,133,137,131,140,137,141,140,130,145,145,142,148,132,150,149,152,153,133,154,157,153,94,159,161,161,164,164,161,160,159,165,165,168,167,144,170,164,165,129,170,159,170,173,175,174,175,158,177,163,178,180,181,178,155,182,185,178,187,162,187,180,190,178,189,187,190,188,193,135,147,160,190,192,191,170,151,182,154,195,175,183,177,194,193,187,194,161,184,158,185,196,164,196,185,187,197,174,165,132,195,146,198,199,198,195,170,188,180,178,198,186,199,135,165,197,171,197,198,199,142,161,193,197,199,198,193,171,183,128,182,147,170,152,196,136,137,159,195,178,124,164,139,158,192,192,144,110,142,196,128,195,151,117,194,125,146,0,131,133,196,172,133,155,118,178,169,152,162,171,133,195,208,205,162,142,154,106,168,213,215,182,167,213,110,215,167,215,169,128,196,213,174,140,214,136,214,192,132,127,217,186,170,160,203,195,172,124,217,217,123,149,159,188,169,175,139,185,176,213,152,189,217,219,164,185,123,176,218,178,201,209,177,155,206,182,188,146,156,159,209,206,165,208,217,205,120,175,191,217,168,196,192,212,205,215,219,206,215,174,175,190,213,204,213,187,146,151,159,160,199,191,172,206,201,160,165,205,190,203,193,178,183,194,199,191,196,195,181,167,131,193,193,187,184,148,186,156,140,124,183,121,158,118,174,179,163,138,169,178,173,174,174,171,140,172,168,168,166,157,157,163,164,143,160,162,147,134,158,156,139,155,151,152,140,149,148,106,145,142,108,126,136,141,141,139,131,0,135,135,127,132,131,134,136,132,132,136,136,131,132,137,134,132,136,136,133,133,131,133,131,127,126,127,127,125,121,118,122,121,116,117,116,117,116,112,112,110,111,108,108,106,104,106,104,102,100,100,93,97,93,93,92,91,90,87,85,86,84,84,81,81,79,77,73,75,73,71,69,67,63,63,61,59,57,54,54,52,50,48,45,46,44,42,41,39,37,35,33,31,30,29,28,26,24,20,21,19,17,16,14,12,10,8,6,4,2,0,0,0,0,0,0,0,2,4,6,8,10,12,14,16,18,20,21,23,25,27,29,31,32,34,36,36,39,41,42,44,46,48,50,52,54,53,56,58,60,61,63,62,66,67,67,70,71,73,75,76,78,79,81,83,85,85,87,89,91,93,95,95,98,99,101,101,103,104,106,107
103,107,104,109,108,111,113,114,115,115,117,119,121,120,115,122,122,124,123,125,120,125,128,127,132,127,135,133,136,135,127,140,140,138,142,126,144,143,146,147,129,149,151,149,88,154,156,155,158,159,155,156,155,160,161,163,162,139,166,160,161,124,166,156,167,170,171,171,170,154,173,158,175,176,178,175,153,179,181,174,185,159,184,176,187,175,187,184,188,186,191,132,145,160,189,192,193,173,155,186,157,200,181,188,184,202,201,196,204,172,195,171,197,209,178,211,200,203,214,192,183,152,214,167,219,221,220,219,195,212,205,205,225,214,228,164,195,227,203,229,229,230,175,192,225,229,230,230,226,203,216,162,216,181,205,186,230,171,172,193,229,213,160,199,175,195,229,229,182,150,181,234,166,233,190,156,233,166,185,187,171,171,233,207,169,189,150,208,199,181,190,199,161,220,232,229,184,164,175,126,188,231,232,198,183,228,124,228,179,226,178,138,204,222,182,146,219,141,217,194,133,128,216,183,168,158,199,191,167,119,210,210,115,139,148,177,158,162,127,172,160,198,134,172,198,200,143,163,100,154,195,155,176,184,152,128,179,155,160,115,125,127,177,173,132,174,181,170,82,136,153,178,128,156,151,169,160,170,172,158,168,127,125,143,165,155,166,138,96,103,110,111,151,142,123,158,152,110,114,156,141,153,142,127,131,143,147,140,144,142,127,112,42,138,138,132,128,93,131,99,83,30,127,0,102,0,120,128,112,87,120,129,126,128,130,128,97,131,130,131,130,122,123,131,133,113,132,134,120,108,133,132,116,134,132,133,120,132,132,82,131,129,96,115,126,133,133,132,125,94,131,133,124,129,128,130,132,129,128,133,132,126,130,133,131,130,134,133,130,129,127,129,127,123,122,123,123,121,117,115,118,118,112,115,114,115,114,111,109,108,109,106,106,104,103,104,102,101,99,100,94,97,93,93,92,91,90,87,85,86,84,84,81,81,80,78,74,76,74,72,70,68,63,64,62,60,59,56,56,54,52,50,47,48,46,44,43,41,39,37,35,33,32,31,30,28,26,22,23,21,19,18,16,14,12,10,8,6,4,2,0,0,0,0,0,0,0,2,4,6,8,10,12,14,16,18,19,21,23,25,27,29,30,32,34,34,37,39,40,42,44,46,48,50,52,51,54,56,58,59,61,60,64,65,65,67,68,70,72,73,75,76,78,80,82,83,84,86,88,90,92,92,95,96,97,98,100,101,103,104
102,106,103,108,107,110,112,113,114,114,117,119,121,121,117,123,124,126,125,128,123,127,129,129,133,128,136,134,137,136,129,141,141,139,144,128,146,145,148,149,132,151,153,150,90,155,157,158,160,161,158,157,157,161,162,164,163,140,167,161,161,125,167,158,167,169,172,171,171,152,171,155,171,172,172,169,147,171,173,166,174,150,172,165,173,162,172,168,170,168,171,112,127,138,168,169,169,149,130,161,130,173,152,160,155,170,170,163,171,132,163,0,163,174,141,176,167,169,181,159,150,119,180,134,185,187,187,186,161,179,172,172,192,181,195,131,127,195,172,197,200,200,147,166,199,203,204,204,199,176,189,134,189,153,176,160,202,142,143,165,200,184,130,170,147,164,200,199,151,119,151,204,135,203,160,124,202,134,155,117,140,139,201,176,134,155,116,174,164,147,156,164,125,185,196,192,147,129,0,88,155,199,201,168,154,199,95,201,154,202,156,116,184,201,162,127,202,123,203,180,119,116,206,173,160,149,193,186,161,115,208,209,114,138,149,179,159,165,130,177,165,205,141,180,208,210,155,174,112,167,209,170,192,199,169,146,198,174,179,136,146,150,201,198,156,200,208,196,109,165,181,209,159,187,184,203,194,206,210,198,208,167,167,185,208,200,210,183,142,150,158,160,200,192,175,209,203,163,168,210,197,210,200,187,191,204,210,203,208,208,193,180,145,206,206,201,197,162,200,169,154,138,197,135,172,132,188,193,176,151,183,192,187,188,188,185,153,187,183,183,182,172,173,179,180,160,176,179,164,149,175,173,156,172,169,169,155,167,165,123,163,160,126,145,154,161,160,158,150,119,154,154,145,149,146,149,149,145,144,147,146,140,141,144,141,138,141,140,136,135,133,135,133,129,128,129,129,128,123,120,124,123,118,120,119,120,119,115,114,113,114,111,111,109,107,109,107,105,103,103,96,100,96,96,95,94,93,90,88,88,87,87,83,84,83,81,77,79,77,75,73,71,66,67,65,63,61,58,58,56,54,52,49,50,48,46,45,43,41,39,37,35,34,33,32,30,28,24,25,23,21,20,18,16,14,12,10,8,6,4,2,0,0,0,0,0,0,0,2,4,6,8,10,12,14,16,17,19,21,23,25,27,28,30,32,32,35,37,38,40,42,44,46,48,50,49,52,54,56,57,59,58,62,63,63,66,67,69,71,72,74,75,77,79,81,82,83,85,87,89,91,91,94,95,97,97,99,100,102,103
97,101,99,103,102,105,107,108,109,109,111,114,116,117,113,119,120,122,121,124,119,123,127,125,130,127,134,133,137,135,129,140,140,139,143,127,145,144,147,148,132,151,152,151,89,155,157,158,160,161,158,158,157,162,163,165,164,141,168,163,164,126,169,160,170,172,173,174,175,156,177,161,179,180,182,179,159,183,186,180,190,166,189,182,192,182,192,189,193,191,196,136,154,165,195,198,199,181,164,192,163,207,187,196,191,209,209,204,212,181,203,177,205,217,186,219,208,211,222,202,191,162,223,177,228,229,229,229,203,221,214,214,234,223,237,173,204,237,215,240,241,243,190,210,240,245,248,247,245,222,238,182,239,203,227,212,255,195,197,220,256,240,188,228,208,225,260,261,214,185,217,268,201,269,229,193,271,205,227,229,214,214,275,252,212,233,195,254,246,230,240,248,212,270,283,280,238,220,231,179,246,289,289,257,243,288,183,290,240,290,242,203,269,288,247,212,287,205,285,260,198,196,284,250,236,226,268,260,233,187,279,279,183,205,216,246,226,230,195,241,228,266,201,242,268,270,213,231,166,223,265,224,246,253,221,197,249,224,229,182,193,196,247,243,201,244,251,239,148,204,219,249,198,225,221,238,229,238,244,230,240,199,196,215,238,227,238,208,166,175,183,184,223,215,196,230,222,180,184,228,213,226,213,201,203,216,222,215,219,218,204,189,155,216,216,210,207,172,209,177,162,147,206,144,181,141,196,202,185,158,192,201,195,197,196,194,159,195,191,191,188,180,180,186,187,166,183,185,170,153,181,178,162,177,173,174,158,171,170,128,167,165,130,149,159,165,164,162,154,123,158,158,149,153,150,152,153,148,147,151,149,143,144,147,144,141,144,142,138,138,134,138,136,130,130,131,131,130,124,121,126,124,120,122,121,122,121,116,116,115,116,113,113,111,109,111,109,107,105,105,98,102,98,98,97,96,95,92,90,90,89,89,85,86,85,83,79,81,79,77,75,73,68,69,67,65,63,60,60,58,56,54,51,52,50,47,47,45,43,41,39,37,36,35,34,32,30,26,27,25,23,22,20,18,16,14,12,10,8,6,4,2,0,0,0,0,0,0,0,2,4,6,8,10,12,14,15,17,19,21,23,25,25,27,28,0,31,33,34,36,38,40,42,44,46,45,48,50,52,53,55,54,58,59,59,62,63,65,67,69,70,71,73,75,77,78,79,82,84,86,88,88,90,91,92,0,94,95,97,98
100,104,102,106,105,108,110,111,112,112,115,117,119,120,116,122,123,125,124,127,122,126,130,128,133,130,137,137,140,138,133,143,143,142,146,130,148,147,150,151,136,153,155,154,91,158,160,161,163,163,160,160,159,164,165,167,166,143,170,165,166,128,170,163,172,173,175,176,175,158,179,162,180,182,182,180,160,183,187,178,189,166,188,181,192,181,191,188,191,190,193,133,148,159,188,191,191,172,154,181,151,194,173,181,176,193,192,187,193,162,182,157,183,193,162,193,183,184,194,175,162,133,193,146,196,196,195,195,167,185,177,175,195,181,196,131,0,196,173,198,200,201,149,167,199,203,206,206,203,181,197,140,198,162,186,170,213,153,156,178,214,200,146,188,166,185,220,221,174,144,177,229,161,230,189,154,232,165,187,190,175,175,236,213,172,194,156,214,207,191,200,209,173,231,244,241,200,180,192,141,206,250,250,217,205,250,144,252,202,251,203,166,231,250,209,174,250,169,250,225,164,164,251,217,205,195,237,230,204,160,251,251,158,180,190,221,203,206,174,219,204,244,179,218,245,247,192,208,144,201,242,203,223,231,200,176,226,203,207,162,171,176,225,221,180,222,229,218,126,183,198,226,177,204,200,218,207,218,223,209,220,179,175,195,217,207,218,188,146,155,163,164,203,194,176,210,203,160,165,209,194,207,194,182,184,197,204,196,200,198,184,170,135,196,196,190,186,152,189,156,143,127,186,124,161,121,176,182,165,137,171,181,176,176,176,173,139,175,171,171,169,159,159,166,167,146,163,165,150,133,161,159,141,158,154,155,138,151,150,0,147,143,110,130,140,149,149,148,141,112,147,149,140,144,143,147,149,145,145,149,148,144,145,148,145,142,145,143,139,139,136,139,137,131,131,132,131,131,126,121,127,126,121,123,122,123,122,118,117,116,117,114,114,112,110,112,110,108,106,106,99,103,99,99,98,98,97,94,92,92,91,91,86,88,87,85,81,83,81,79,77,75,69,71,69,67,65,62,62,60,58,56,53,54,52,49,49,47,45,43,41,39,38,37,36,34,32,28,29,27,25,24,22,20,18,16,14,12,10,8,6,4,2,0,0,0,0,0,0,0,2,4,6,8,10,12,14,16,18,20,22,24,25,27,29,29,32,34,35,37,39,41,43,45,47,46,49,51,53,54,56,55,59,60,60,63,64,66,68,70,71,72,74,76,78,79,80,83,85,87,89,89,92,93,95,95,97,98,100,101
96,100,98,102,101,104,106,107,108,108,111,113,115,116,112,118,119,121,120,123,118,122,126,124,129,126,133,133,136,134,130,139,139,138,142,126,144,143,146,147,133,150,151,150,87,154,156,157,159,160,157,157,156,161,162,164,163,140,167,162,163,125,168,161,169,171,172,173,174,155,176,160,178,179,181,178,160,182,185,179,189,167,188,181,191,183,191,188,192,190,195,135,154,164,194,196,197,181,164,191,161,205,185,194,190,207,207,202,209,181,202,177,203,215,183,216,207,208,219,202,189,161,220,176,225,226,225,228,200,217,211,210,231,220,234,170,201,234,214,237,239,240,189,207,238,242,244,245,241,218,235,178,237,199,223,209,251,191,193,216,252,236,184,224,204,220,255,255,207,179,210,260,191,259,219,181,259,192,214,216,201,200,259,237,194,214,176,234,225,210,219,226,191,247,259,255,214,194,205,151,218,259,259,225,213,256,149,257,206,255,206,168,232,251,209,173,249,166,248,222,159,159,247,211,199,188,230,222,194,150,240,240,145,165,174,207,188,189,157,203,187,228,160,202,228,230,174,190,125,184,225,185,206,213,182,158,209,185,190,142,151,157,208,204,162,204,212,200,0,164,180,211,162,191,187,206,195,207,214,202,212,172,169,189,213,205,216,185,144,156,164,166,206,198,181,216,208,166,171,218,204,217,205,194,195,210,217,210,216,215,201,188,154,216,216,210,206,172,209,175,162,147,206,144,181,141,196,202,184,155,191,201,195,196,196,193,157,195,191,192,189,180,180,187,188,167,184,186,171,152,182,179,162,178,174,175,157,172,171,129,168,166,131,150,159,166,165,163,154,124,158,159,150,153,151,153,154,149,148,152,150,144,145,148,145,142,145,143,139,139,136,139,137,131,131,132,132,131,126,120,127,125,121,123,122,123,122,117,117,116,117,114,114,112,110,112,110,108,106,106,99,103,99,99,98,98,97,94,92,92,91,91,86,88,87,85,82,84,82,80,78,76,70,72,71,69,67,64,64,62,60,58,55,56,54,51,51,49,47,45,43,41,40,39,38,36,34,30,31,29,27,26,24,22,20,18,16,14,12,10,8,6,4,2,0,0,0,0,0,0,0,2,4,6,8,10,12,14,16,18,20,22,23,25,27,27,30,32,33,35,37,39,40,42,43,0,45,47,49,50,52,51,55,56,56,59,60,62,64,66,67,68,70,72,74,75,76,79,81,83,85,85,88,89,91,91,93,94,96,97
96,100,98,102,101,104,106,107,108,108,109,112,114,115,110,116,117,119,118,121,116,119,123,122,126,123,130,128,131,129,126,133,134,132,136,119,137,137,139,141,128,144,145,144,80,148,150,151,152,153,150,150,149,154,155,157,156,133,160,155,156,117,161,155,162,164,165,166,166,148,168,152,170,171,173,170,152,174,176,170,179,159,179,172,182,174,181,179,182,180,185,125,144,153,183,186,187,172,154,180,150,194,175,183,178,196,196,190,198,171,189,167,190,202,170,202,191,193,203,186,171,144,201,158,204,205,204,204,177,194,186,185,205,193,206,141,173,204,183,205,206,206,156,173,201,205,208,206,203,180,196,137,196,157,180,166,207,146,148,169,205,189,134,175,154,170,204,204,157,130,160,209,140,208,168,130,207,139,163,164,149,148,206,185,141,162,123,182,172,158,167,172,138,194,205,201,160,141,151,96,165,205,206,172,159,205,96,204,152,202,151,114,176,197,153,116,194,109,191,164,100,102,190,153,142,131,172,164,135,92,182,182,87,107,116,149,129,131,98,144,129,169,101,143,169,171,115,131,64,125,165,125,145,152,120,95,146,121,127,77,0,95,146,144,103,146,155,144,46,109,126,156,108,137,133,152,142,153,161,148,159,119,0,136,159,151,162,131,89,102,111,112,153,145,127,162,154,112,118,164,151,165,151,142,142,158,165,158,164,163,150,136,102,165,165,161,158,124,163,128,117,103,163,102,139,101,156,164,148,117,156,165,161,163,164,162,127,165,163,164,162,154,155,163,165,145,163,166,151,134,164,163,146,164,160,162,145,160,161,120,159,158,124,142,151,158,158,155,147,118,152,152,143,147,144,146,148,143,142,146,145,138,141,144,140,136,141,139,135,134,133,134,133,128,127,130,130,128,124,116,125,123,118,120,121,122,121,117,117,116,117,114,113,112,110,112,110,108,106,106,100,102,100,100,100,100,99,95,94,94,93,93,88,90,88,87,83,85,83,81,79,76,71,73,72,70,69,66,66,64,62,60,57,58,56,53,53,51,49,47,45,43,42,41,40,38,36,32,33,31,29,28,26,24,22,20,18,16,14,12,10,8,6,4,2,0,0,0,0,0,0,0,2,4,6,8,10,12,14,16,18,20,22,24,26,26,29,31,32,34,36,38,40,42,44,43,46,48,50,51,53,52,56,57,57,60,61,63,65,67,68,69,71,73,75,76,77,80,82,84,86,86,89,90,92,92,94,95,96,97
94,98,96,100,99,102,104,105,106,107,110,112,114,115,112,117,118,120,119,122,118,122,125,123,128,125,132,132,135,133,132,138,138,137,141,124,143,142,145,146,136,150,151,150,86,154,156,158,159,160,157,157,156,161,162,164,163,140,167,162,163,124,168,164,168,170,172,172,173,154,175,159,177,178,180,177,160,181,183,177,186,168,186,179,189,183,188,186,189,187,192,132,154,160,192,194,194,181,162,188,158,202,182,191,187,203,204,198,205,178,196,173,196,207,175,207,197,198,208,191,177,151,206,164,209,210,209,210,182,199,191,190,210,198,211,145,177,209,189,210,211,211,162,178,207,211,212,212,207,184,202,141,202,161,185,172,211,151,152,174,209,193,138,179,159,174,209,209,161,134,165,214,143,213,173,134,212,143,168,169,154,153,211,189,0,165,123,187,178,166,175,181,148,205,218,215,176,156,168,113,182,224,225,192,181,227,118,228,177,229,178,143,206,227,184,149,227,143,228,202,138,142,230,194,183,172,214,206,177,135,224,224,130,147,157,190,171,171,141,186,169,211,142,184,212,212,159,173,0,169,211,170,193,202,169,147,199,175,181,133,143,152,202,199,158,201,210,199,107,163,180,211,162,191,187,206,194,205,213,201,211,171,167,188,211,203,214,182,141,155,163,165,204,195,179,213,204,163,168,214,201,214,200,191,191,205,214,207,213,212,199,186,152,214,214,209,205,170,208,172,162,147,205,144,181,141,195,201,184,155,190,200,195,195,196,192,156,195,190,192,190,179,180,188,189,168,184,188,172,153,184,181,163,179,176,177,157,173,173,132,171,168,135,153,160,168,168,166,157,128,161,162,153,157,154,156,157,152,151,155,153,147,147,152,149,144,149,147,143,143,140,143,141,134,134,136,136,135,130,120,131,129,124,126,126,127,126,120,121,120,121,118,117,116,114,116,114,112,110,110,102,106,103,102,102,102,101,97,96,96,95,95,90,92,91,89,86,88,86,84,82,79,74,76,75,73,71,68,68,66,64,62,59,60,58,55,55,53,51,49,47,45,44,43,42,40,38,34,35,33,31,30,28,26,24,22,20,18,16,14,12,10,8,6,4,2,0,0,0,0,0,0,0,2,4,6,8,10,12,14,16,18,20,22,24,25,27,29,29,31,33,35,37,39,41,41,43,45,47,48,50,49,53,54,54,57,58,60,62,64,65,66,68,70,72,73,74,77,79,81,83,83,86,87,89,90,91,92,94,95
93,97,96,99,98,101,103,104,105,106,109,111,113,114,111,116,117,119,118,121,117,121,124,122,127,125,131,131,134,132,132,137,137,137,140,123,142,141,144,145,136,148,149,149,0,151,153,155,156,157,154,155,154,158,159,161,160,137,164,160,161,121,166,162,167,169,169,170,171,152,174,157,176,177,179,176,161,180,183,177,186,168,186,178,188,183,189,186,189,188,192,132,155,160,192,195,196,183,165,190,158,203,184,193,189,206,206,201,209,183,201,179,203,214,183,216,206,208,219,203,189,165,220,179,225,226,226,228,200,218,211,211,231,220,234,170,203,234,216,237,239,240,192,210,238,243,245,245,242,219,238,178,240,200,224,212,252,192,194,217,253,237,184,225,208,222,258,259,212,187,218,266,197,267,229,190,269,202,227,230,215,215,273,253,211,230,192,251,243,230,240,246,213,268,281,278,239,220,232,175,246,286,286,254,244,288,180,289,238,290,239,204,267,288,245,210,288,204,288,259,197,200,286,249,239,228,270,262,232,191,281,280,187,205,213,248,229,228,199,244,226,269,200,243,270,272,216,230,166,226,267,227,248,255,224,200,251,227,232,182,192,199,249,245,204,246,253,242,148,203,219,251,201,228,224,241,228,238,246,232,243,202,196,218,240,230,241,207,165,178,186,187,226,217,199,233,222,179,183,231,216,229,213,204,203,216,225,218,222,221,206,192,158,219,219,213,209,175,212,176,165,150,209,147,184,144,199,205,187,0,194,204,198,200,200,197,159,199,195,195,192,183,183,190,191,170,187,189,174,153,185,182,165,181,177,178,158,173,174,133,171,169,135,153,162,169,168,166,157,128,162,162,153,157,154,157,157,153,152,156,154,148,149,153,150,146,149,148,144,144,141,144,142,135,135,137,137,136,130,119,132,130,125,127,127,128,127,122,122,121,122,120,118,117,116,117,116,114,112,112,104,108,104,104,104,104,103,99,98,98,97,97,92,94,93,91,88,90,88,86,84,81,75,78,77,75,73,70,70,68,66,64,61,62,60,57,57,55,53,51,49,47,45,45,44,42,40,36,37,35,33,32,30,28,26,24,22,20,18,16,14,12,10,8,6,4,2,0,0,0,0,0,0,0,2,4,6,8,10,12,14,16,18,20,22,23,25,27,29,30,32,34,36,38,40,40,42,44,46,47,49,48,52,53,53,56,57,59,61,63,64,65,67,69,71,72,73,76,78,80,82,82,85,86,88,89,90,91,93,94
92,96,94,98,97,100,102,103,104,105,108,110,112,113,110,115,117,117,118,121,117,121,124,122,127,124,131,131,134,132,132,137,137,137,139,0,141,140,143,144,135,148,148,148,84,152,154,156,157,158,155,155,154,159,159,161,160,138,164,161,162,122,165,163,167,169,169,171,172,153,174,158,176,177,179,176,162,180,183,178,187,170,186,179,189,185,189,186,190,189,193,132,157,161,193,196,197,184,167,190,159,204,184,194,189,207,207,202,210,184,201,180,203,214,183,217,206,209,220,204,189,167,221,180,226,227,227,228,201,219,212,212,232,221,235,170,205,235,217,238,239,241,193,211,238,243,246,245,243,220,240,178,241,201,225,213,253,192,195,218,254,238,184,226,209,223,258,259,212,188,220,266,197,267,230,191,269,202,228,232,216,217,273,254,213,231,193,252,244,232,241,246,215,268,281,278,241,221,234,175,247,287,287,255,246,289,180,290,238,292,240,206,267,290,245,210,290,204,289,259,197,202,287,250,240,229,271,263,232,193,282,281,189,205,214,249,231,229,201,245,227,270,201,244,271,273,218,231,168,227,268,228,249,257,225,202,252,228,233,182,194,201,250,246,206,247,254,243,150,204,219,252,203,229,225,242,229,238,247,233,244,204,198,219,241,231,242,208,165,180,188,189,227,218,200,234,222,180,184,232,217,230,213,205,203,217,226,219,223,222,208,194,160,220,220,214,210,176,213,176,167,152,210,149,186,146,200,206,189,160,195,205,199,200,201,197,159,200,195,196,192,183,183,191,192,171,187,190,175,153,186,183,165,181,177,178,157,173,175,134,172,170,136,154,162,169,169,167,158,129,162,163,154,158,155,157,158,153,152,156,154,148,149,153,150,145,149,148,144,144,140,144,142,135,135,137,137,136,130,0,133,131,126,129,129,130,129,123,124,123,124,121,120,119,117,119,117,115,113,113,105,109,105,105,105,105,104,100,99,99,98,98,93,95,94,92,89,91,89,87,85,82,77,79,78,76,75,72,72,70,68,66,63,64,62,59,59,57,55,53,51,49,47,47,46,44,42,38,39,37,35,34,32,30,28,26,24,22,20,18,16,14,12,10,8,6,4,2,0,0,0,0,0,0,0,2,4,6,8,10,12,14,16,18,20,21,23,25,27,28,30,32,34,36,38,39,40,42,44,45,47,46,50,51,51,54,55,57,59,61,62,63,65,67,69,70,71,74,76,78,80,80,83,84,87,88,89,90,92,93
88,92,90,94,93,96,98,99,100,101,104,106,108,109,106,111,113,114,114,117,113,117,120,118,123,121,127,127,130,128,128,133,133,133,136,119,138,137,140,141,134,144,145,144,0,147,149,151,152,153,150,150,149,154,154,156,155,133,159,156,157,117,161,159,162,164,164,166,167,148,169,153,171,172,174,171,158,175,178,173,182,166,181,175,185,182,185,182,186,185,189,128,154,157,189,192,193,181,164,187,155,200,180,190,186,203,203,198,206,182,198,177,200,211,179,213,203,205,216,201,186,165,217,178,222,223,223,225,197,215,208,208,228,217,231,166,202,231,215,234,236,237,191,209,235,240,242,242,239,216,236,174,238,197,221,211,249,188,191,214,250,234,180,222,207,219,255,256,208,186,218,263,193,264,228,187,266,198,226,229,214,215,270,252,211,227,189,248,240,229,239,243,213,265,278,275,240,219,232,172,245,284,284,251,244,286,176,287,236,288,237,204,264,288,243,207,288,201,287,259,196,203,288,250,241,231,273,265,233,195,284,283,191,205,214,251,233,229,203,247,227,272,201,246,273,275,220,231,170,229,270,230,251,258,227,204,254,230,235,182,196,202,252,248,208,249,256,245,152,204,220,254,205,231,227,244,229,239,249,235,246,206,200,221,243,232,244,208,166,182,190,191,229,220,202,236,223,180,184,234,219,232,214,207,204,217,228,221,225,223,209,195,162,222,222,216,212,178,215,177,168,154,212,151,188,148,202,208,190,162,197,207,201,202,203,199,159,202,197,198,194,185,185,193,194,173,189,191,177,153,188,185,167,183,178,180,158,174,177,136,174,172,138,156,164,171,171,168,159,131,164,164,156,160,157,160,159,156,155,159,157,151,152,156,153,148,152,150,147,147,143,147,145,137,138,140,140,139,133,121,135,132,128,130,130,131,130,124,125,124,125,122,121,120,118,120,118,116,115,115,107,111,107,107,107,107,106,102,101,101,100,100,95,97,96,94,91,92,90,89,87,84,79,81,80,78,77,74,74,72,70,68,65,66,64,61,61,59,57,55,53,51,48,49,48,46,44,40,41,39,37,36,34,32,30,28,26,24,22,20,18,16,14,12,10,8,6,4,2,0,0,0,0,0,0,0,2,4,6,8,10,12,14,16,18,19,21,23,25,26,28,30,32,34,36,37,38,40,42,43,45,43,47,48,0,50,51,53,55,57,58,59,61,63,65,66,67,70,72,74,76,76,79,80,83,84,85,86,88,89
89,93,92,95,94,97,99,100,101,102,105,107,109,110,107,112,114,115,115,118,114,118,121,119,123,121,127,127,130,128,128,133,133,133,136,121,138,137,140,141,134,145,146,146,83,149,151,153,154,155,152,153,152,156,157,159,158,135,162,158,159,119,164,161,165,167,167,168,170,150,172,155,174,175,177,174,160,178,180,175,182,168,183,176,185,182,186,183,186,185,188,128,154,156,189,191,191,181,162,185,154,198,179,188,184,200,201,195,202,180,195,175,197,208,176,210,200,201,213,199,182,162,213,174,217,218,216,218,190,206,199,198,217,206,219,152,190,217,200,218,220,219,173,190,215,219,221,220,216,193,211,148,214,170,194,184,220,158,161,183,219,202,146,188,172,184,219,219,171,148,178,224,152,223,186,144,222,152,181,184,167,167,221,203,161,176,137,196,186,175,185,187,156,209,220,216,178,158,170,108,182,219,219,185,176,218,107,217,165,217,164,131,190,213,166,130,211,122,210,179,114,120,207,166,158,148,189,181,148,109,199,198,104,117,0,166,147,146,119,165,147,193,121,169,197,200,145,158,98,158,199,161,182,190,160,136,188,165,171,119,133,141,192,189,149,191,200,189,99,150,168,201,152,181,177,196,181,192,203,191,201,161,158,178,201,193,204,169,127,144,152,154,195,187,169,204,192,149,155,205,192,205,188,182,179,194,205,198,204,203,189,176,144,205,205,201,198,163,202,163,157,144,202,143,178,141,195,202,185,158,192,202,196,197,197,194,154,196,192,193,191,181,182,189,190,169,186,189,173,151,184,182,165,181,176,178,155,171,174,135,173,170,138,155,162,170,170,166,159,131,163,164,155,159,156,159,159,154,154,157,156,150,150,155,152,147,151,150,147,146,143,146,145,138,137,140,140,139,133,121,135,133,128,129,130,130,130,124,125,124,125,122,121,120,118,120,118,116,114,114,106,110,106,106,106,106,105,101,100,100,99,99,94,96,95,93,90,92,90,88,86,83,78,80,79,77,76,73,73,71,69,67,64,65,63,60,60,58,56,54,52,50,0,48,48,46,45,41,42,40,38,37,35,33,31,29,27,25,24,22,20,18,16,14,12,10,8,6,4,2,0,0,0,0,0,0,0,2,4,6,8,10,12,14,16,17,19,21,23,25,27,29,31,33,35,36,37,39,41,42,44,43,47,48,48,51,52,54,56,58,59,60,62,64,66,67,68,71,73,75,77,77,80,81,84,85,86,87,89,90
85,89,88,91,90,93,95,96,97,98,101,103,105,106,103,108,110,112,111,114,110,114,117,115,120,118,124,124,127,125,126,130,130,130,133,118,135,134,137,138,132,142,144,144,82,146,148,150,151,152,149,150,149,153,154,156,155,132,159,156,157,116,161,159,162,164,164,165,167,147,169,152,171,172,174,171,158,175,177,172,179,166,180,173,182,180,183,180,183,182,185,125,153,153,186,188,189,179,161,183,151,195,177,185,182,198,200,193,202,180,194,175,195,207,175,208,199,200,211,199,181,162,212,175,216,216,215,217,188,205,198,196,216,205,217,151,190,215,200,216,218,218,172,190,214,217,219,218,215,191,210,146,213,168,192,184,218,156,159,181,217,200,143,186,172,182,217,217,169,148,178,222,150,221,186,142,220,150,181,183,167,167,220,202,160,174,136,195,185,174,185,185,156,207,218,214,178,158,170,106,182,218,218,183,176,217,105,216,163,216,162,130,188,214,164,129,212,0,212,182,118,128,215,175,169,160,203,196,163,127,217,218,126,138,150,189,171,167,142,188,168,214,141,191,218,220,166,178,119,179,219,181,203,210,180,157,209,185,191,137,153,161,211,209,168,210,219,208,118,167,184,220,171,200,196,213,199,209,222,209,220,180,176,197,220,211,223,186,145,163,171,173,213,204,188,222,208,165,171,223,210,223,204,200,195,210,223,216,221,220,206,193,161,220,220,215,210,176,214,173,167,154,211,151,186,148,200,207,188,162,195,206,199,201,201,198,156,200,196,196,193,184,185,192,192,173,189,191,177,151,187,184,167,184,177,181,157,172,178,138,175,173,140,157,165,172,173,169,162,134,166,167,158,162,159,162,162,157,157,161,159,153,153,158,155,150,154,152,150,149,146,150,148,140,140,143,143,142,136,124,138,135,131,132,133,134,133,127,128,127,128,125,124,123,121,123,121,119,118,118,110,114,110,110,110,110,109,105,104,104,103,103,98,100,99,97,94,95,93,92,90,87,82,84,83,81,80,77,77,75,73,71,68,69,67,64,64,62,60,58,56,54,51,52,51,49,47,43,44,42,40,39,37,35,33,31,29,27,26,24,22,20,18,16,14,12,10,8,6,4,2,0,0,0,0,0,0,0,2,4,6,8,10,12,14,15,17,19,21,23,25,27,29,31,33,34,35,37,39,40,42,41,45,46,46,49,50,52,54,56,57,58,60,62,64,65,66,69,71,72,74,74,0,77,80,81,82,83,85,86
87,91,89,93,92,95,97,98,99,100,103,105,107,108,105,110,112,114,113,116,112,116,119,117,122,120,126,126,129,127,127,132,132,132,135,122,137,136,139,140,134,144,145,144,85,148,150,152,153,154,151,151,150,155,155,157,156,134,160,157,158,117,162,160,163,165,165,167,168,149,170,154,171,173,175,171,160,175,178,173,181,168,181,174,184,181,183,181,184,184,187,126,154,153,187,190,191,181,164,185,151,198,178,188,184,199,199,193,199,176,190,168,190,200,166,200,190,190,201,187,169,149,198,161,201,202,201,202,173,191,183,181,201,189,202,135,174,200,185,200,202,202,157,174,198,201,202,201,196,172,192,0,154,153,176,169,205,142,147,170,206,190,0,178,164,175,211,212,164,144,175,220,148,221,187,145,224,153,186,189,174,175,229,213,171,186,148,207,199,188,201,202,173,225,237,234,200,180,193,130,206,243,243,210,205,245,135,246,195,247,196,165,224,249,201,166,248,159,249,218,155,165,251,210,204,196,238,230,197,162,252,252,161,172,182,223,204,200,177,221,200,248,174,223,251,253,199,209,152,211,252,213,235,240,212,190,240,217,223,169,186,193,243,240,201,242,251,240,150,199,216,251,202,229,224,242,225,235,247,234,244,204,200,219,241,231,242,205,162,181,189,190,228,219,202,235,221,175,182,234,219,232,212,208,202,215,228,220,225,223,208,196,164,222,222,217,212,178,216,174,170,157,213,154,189,151,203,210,189,165,198,209,202,203,205,200,158,204,200,200,196,187,188,196,197,177,192,195,181,154,191,188,170,187,179,185,159,175,182,141,179,177,144,161,168,175,176,172,163,137,168,170,160,164,161,165,165,160,160,164,161,156,155,161,158,152,157,152,152,152,148,152,150,141,142,144,145,144,138,126,140,137,133,134,135,136,135,128,130,129,130,127,126,125,123,125,123,121,120,120,111,116,112,112,112,112,111,107,106,106,105,105,100,102,101,99,95,97,95,94,92,89,84,86,85,83,82,79,79,77,75,73,70,71,69,66,66,64,62,60,58,56,53,54,53,51,49,45,46,44,42,41,39,37,35,33,31,29,28,26,24,22,20,18,16,14,12,10,8,6,4,2,0,0,0,0,0,0,0,2,4,6,8,10,12,14,16,18,20,22,24,26,28,30,32,33,34,36,38,40,42,41,45,46,46,49,50,52,54,56,57,58,60,62,64,64,66,69,71,73,75,75,78,79,82,83,84,85,87,88
85,89,88,91,90,93,95,96,97,98,101,103,104,105,102,107,109,111,110,113,109,113,115,0,118,117,122,122,125,123,124,128,128,129,131,118,133,132,135,136,130,140,142,142,83,144,146,148,149,150,147,148,147,151,152,154,153,130,157,154,155,109,159,157,160,162,162,164,165,145,167,150,169,170,172,169,159,173,176,171,180,167,179,173,183,180,183,180,184,183,186,124,154,0,186,189,190,181,163,184,151,197,177,187,183,200,200,195,203,181,195,175,197,207,176,209,201,202,213,202,183,166,214,178,219,220,220,222,194,212,205,205,225,214,228,161,202,228,214,231,233,234,190,208,232,237,239,239,236,213,233,169,238,194,218,210,246,183,188,211,247,231,176,219,207,216,252,253,205,186,217,260,189,261,227,184,263,194,225,229,214,214,267,251,209,224,186,245,237,226,238,240,212,262,275,272,239,219,232,167,245,281,281,248,243,283,172,284,233,285,234,204,261,287,239,203,286,197,287,256,191,203,289,247,242,234,275,266,232,198,285,285,194,202,215,254,234,229,206,249,227,274,198,249,275,276,222,231,174,232,272,233,254,258,230,207,257,233,238,181,200,205,254,251,211,252,259,248,157,203,220,257,208,234,230,246,229,239,252,237,249,209,204,223,246,235,247,207,164,185,193,194,232,223,206,239,223,179,183,237,222,235,213,211,203,217,231,224,228,226,211,199,167,224,225,219,214,181,218,175,171,159,215,156,191,153,204,212,190,167,199,211,202,205,205,201,157,205,201,201,194,188,188,196,197,177,192,195,181,152,191,188,170,186,178,182,156,173,181,141,178,176,142,160,167,174,175,171,162,136,167,169,159,163,160,164,164,159,159,163,160,155,154,160,157,151,156,149,151,151,146,151,149,140,142,143,145,144,136,124,140,136,132,134,135,136,135,128,130,129,130,127,126,125,123,125,123,121,120,120,111,116,110,112,112,112,111,107,106,106,105,105,99,102,101,99,94,97,95,94,92,89,84,86,85,83,82,79,79,77,75,73,70,71,69,66,66,64,62,60,58,56,53,54,53,51,49,45,46,44,42,41,39,37,35,33,31,29,28,26,23,23,21,19,17,15,14,12,10,8,6,4,2,0,0,0,0,0,0,0,2,4,6,8,10,12,14,16,18,20,22,24,26,28,30,31,32,34,36,38,40,39,43,44,45,47,48,50,52,54,55,56,58,60,62,63,64,67,69,71,73,73,76,77,80,81,82,83,85,86
84,88,87,90,89,92,94,95,96,97,100,102,104,105,102,107,109,111,110,113,109,113,116,114,119,117,123,122,126,124,125,129,129,129,132,120,134,133,136,137,131,141,143,143,85,145,147,149,150,151,148,149,148,152,153,155,154,131,158,155,155,114,159,157,158,160,160,160,161,140,161,143,161,161,161,158,147,159,161,155,162,151,160,154,161,158,160,156,159,157,160,97,128,125,157,158,159,148,131,151,0,164,144,154,151,166,168,162,171,150,163,142,165,176,142,178,169,170,182,171,152,135,182,148,187,189,188,190,163,180,174,173,193,183,196,129,172,196,183,198,200,200,156,174,196,199,201,200,196,172,192,124,196,150,173,167,199,136,140,162,197,181,123,167,154,162,197,197,148,130,160,201,129,200,168,122,200,129,163,164,149,148,199,183,139,153,115,173,163,153,165,163,135,184,195,191,157,138,149,0,164,200,201,167,163,203,91,204,153,207,154,126,182,209,160,125,209,119,211,179,113,128,214,171,168,159,202,195,160,127,216,217,126,134,149,188,169,164,142,187,165,213,137,189,216,219,165,174,120,177,217,180,201,205,179,156,207,184,189,133,153,159,210,207,167,209,217,206,118,162,180,218,170,197,194,211,194,205,219,207,218,178,175,195,217,208,220,180,138,162,169,171,210,201,186,219,203,160,166,220,207,220,199,198,190,205,220,213,218,217,203,191,161,218,218,213,208,174,212,167,166,154,209,151,186,148,198,206,184,162,193,205,196,199,200,196,151,200,196,196,190,183,184,192,193,175,188,192,179,149,189,187,167,184,176,181,153,171,180,140,177,175,142,160,165,173,176,172,163,137,168,170,159,163,160,165,165,160,160,163,161,156,153,161,156,150,157,148,153,152,148,151,150,141,143,143,146,145,137,125,141,137,133,134,136,137,136,129,132,131,131,127,128,127,125,126,125,123,122,122,112,118,112,113,114,115,114,110,109,109,108,108,102,105,104,102,96,100,98,97,95,92,87,89,88,86,85,82,82,80,78,76,73,74,72,69,69,67,65,63,61,59,56,57,56,54,52,48,49,47,45,44,42,40,38,36,34,32,31,29,26,25,23,21,19,17,16,14,12,10,8,6,4,2,0,0,0,0,0,0,0,2,4,6,8,10,12,14,16,18,20,22,24,26,28,29,30,32,34,36,38,37,41,42,43,45,46,48,50,52,53,54,56,58,60,62,63,66,68,70,72,72,75,76,78,80,81,82,84,85
0,85,84,87,86,88,90,91,92,93,96,98,100,101,98,103,105,107,106,109,105,110,113,89,116,115,120,120,123,121,122,126,126,127,129,118,131,130,133,134,128,138,140,140,83,142,144,146,147,148,145,146,144,147,147,148,145,123,147,145,146,0,150,148,151,153,154,156,157,137,159,142,161,162,164,161,152,165,168,163,172,160,171,165,175,172,175,172,176,175,179,116,149,147,179,182,183,175,158,177,145,190,170,180,176,193,193,188,196,176,189,168,191,201,169,204,194,195,207,196,177,161,208,174,213,215,214,217,189,206,200,199,220,209,223,156,199,223,211,226,228,229,187,205,228,232,235,235,232,209,229,165,235,190,214,208,242,180,184,207,243,227,173,215,205,212,248,249,201,184,215,256,186,257,225,180,259,191,223,227,212,212,263,249,206,220,182,241,233,222,236,236,210,258,271,268,237,217,230,163,243,277,277,244,241,279,168,280,229,281,230,202,257,283,235,199,282,195,284,252,187,201,286,244,239,232,273,265,230,198,285,285,194,200,215,254,234,227,206,249,225,274,196,249,275,276,222,229,175,232,272,233,254,256,230,207,257,233,238,178,200,204,254,251,211,252,259,248,158,201,218,257,208,234,230,246,227,237,252,237,249,209,204,223,246,234,247,205,161,186,193,194,232,223,206,239,222,176,182,238,223,236,212,212,202,216,232,225,229,226,212,200,169,225,226,220,215,182,219,173,172,161,216,158,193,155,205,213,189,169,200,212,201,206,207,202,156,207,203,203,194,190,190,198,199,180,194,197,184,152,194,191,172,188,178,184,155,173,184,144,180,179,144,163,169,176,178,173,164,139,170,171,161,165,162,167,166,162,162,166,163,158,156,163,159,153,158,148,154,154,148,153,152,141,145,143,148,147,138,128,144,139,136,137,139,140,139,131,134,133,134,130,130,129,126,129,127,125,123,124,114,120,114,115,116,117,116,112,111,111,110,110,104,106,106,104,96,102,100,99,97,94,89,91,90,88,87,84,84,82,80,78,75,76,74,71,71,69,67,65,63,61,58,59,58,56,54,50,51,49,47,46,44,42,40,38,36,34,33,31,28,27,25,23,21,19,18,16,14,12,10,8,6,4,2,0,0,0,0,0,0,0,2,4,6,8,10,12,14,16,18,20,22,24,26,27,28,30,32,34,36,35,39,40,41,43,44,46,48,50,51,52,54,56,58,60,61,64,66,68,70,70,73,74,77,78,79,80,82,82
81,85,84,87,86,89,91,92,93,94,97,99,101,102,99,104,106,108,107,110,106,110,114,111,117,115,121,120,124,122,123,127,127,127,130,119,132,131,134,135,127,138,139,139,83,142,144,145,147,148,145,145,144,149,149,152,151,128,155,151,152,112,155,155,158,160,159,161,162,143,165,148,167,168,170,167,158,171,174,168,177,166,177,170,179,176,180,177,181,179,183,120,153,152,183,186,187,179,162,180,149,193,173,183,179,196,196,191,199,180,191,172,193,203,173,205,196,198,208,199,179,164,209,177,215,216,216,218,190,208,201,201,221,210,224,156,200,224,212,227,229,230,188,205,228,232,234,235,231,208,228,165,235,189,213,207,241,178,183,205,240,224,169,210,199,206,241,241,193,175,205,246,174,245,213,166,245,175,208,211,195,195,245,230,186,199,161,220,210,199,212,211,185,232,245,241,208,188,200,131,212,244,244,210,207,243,131,243,191,243,191,162,217,242,192,156,239,151,243,208,0,158,243,200,197,188,230,222,187,155,244,245,154,160,177,216,198,191,170,215,191,241,163,218,245,246,193,200,147,205,245,207,229,231,206,184,234,211,217,157,180,187,236,234,195,236,245,234,146,188,206,244,196,222,218,235,215,226,241,226,238,198,193,212,235,224,236,193,149,175,182,183,221,212,195,228,210,164,169,226,211,224,200,200,190,204,220,213,217,215,200,188,158,213,214,208,203,170,207,159,161,150,204,147,180,144,193,201,177,157,188,200,189,194,194,190,142,194,190,190,181,177,177,185,186,166,181,184,170,138,180,177,159,174,165,171,141,160,170,131,167,166,132,150,156,163,165,161,152,126,157,158,148,152,149,153,154,147,148,152,149,144,142,148,145,138,144,0,139,139,134,140,141,133,136,134,141,141,134,124,140,135,134,137,139,141,140,132,135,134,135,131,131,130,127,129,128,125,125,125,115,121,115,116,117,118,117,113,112,112,111,111,105,108,107,105,96,103,101,100,98,95,90,92,91,90,89,86,86,84,82,80,77,78,76,73,73,71,69,67,65,63,60,61,60,58,56,52,53,51,49,48,46,44,42,40,38,36,35,33,30,29,27,25,23,21,20,18,16,14,12,10,8,6,4,2,0,0,0,0,0,0,0,2,4,6,8,10,12,14,16,18,20,22,24,25,26,28,30,32,34,33,37,38,39,41,43,45,47,49,50,51,53,55,57,59,60,63,65,67,69,69,72,73,76,77,78,79,81,82
80,83,81,85,84,87,89,90,91,92,95,97,99,100,98,102,104,106,105,108,105,109,111,110,114,111,117,115,119,117,118,122,122,122,125,116,127,126,129,130,124,134,135,134,81,138,140,142,143,143,141,140,140,144,144,147,146,123,150,147,148,109,152,150,152,153,154,156,157,138,159,143,160,162,163,160,153,164,167,161,169,161,169,163,172,170,172,168,171,170,172,109,143,141,170,171,171,164,146,163,133,174,153,162,158,173,174,166,175,155,165,143,165,175,141,176,165,165,176,166,144,128,173,140,176,177,176,177,148,166,158,156,176,164,177,101,153,175,163,175,178,177,135,153,172,176,177,176,172,147,166,100,171,124,147,142,172,109,113,135,171,154,98,140,129,134,170,169,120,104,133,173,0,172,141,92,173,0,140,142,128,128,178,166,120,136,99,159,150,141,157,154,129,177,190,187,157,138,151,81,164,198,197,164,162,200,87,201,149,203,150,124,178,204,156,119,204,116,208,174,108,125,211,166,165,156,199,191,154,123,212,212,123,127,145,184,165,158,138,183,158,208,131,185,212,215,161,167,117,173,213,176,197,199,175,152,203,180,185,126,150,155,206,203,163,205,213,202,116,156,174,214,166,193,190,207,187,199,215,203,214,174,171,191,213,204,216,174,130,159,166,168,206,197,182,215,197,152,159,216,203,216,193,194,184,199,216,209,214,213,198,188,159,215,215,210,205,171,209,161,164,153,206,150,184,147,195,203,179,160,190,202,191,196,198,193,145,197,193,195,186,181,182,191,192,174,186,191,178,144,188,186,165,181,172,179,148,167,179,139,176,174,141,159,163,171,175,170,161,136,166,167,157,161,158,164,164,159,160,162,160,156,152,161,157,149,157,145,153,152,148,151,151,140,144,140,147,146,138,127,143,136,135,136,138,139,138,130,134,133,134,131,130,130,128,129,128,126,125,125,114,122,116,117,118,119,118,115,114,114,113,113,107,110,109,107,97,105,103,102,100,97,92,94,93,92,91,88,88,86,84,82,77,80,78,75,75,73,71,69,67,65,62,63,62,60,58,54,55,53,51,50,48,46,44,42,40,38,37,35,32,31,29,27,25,23,22,20,18,16,14,12,10,8,6,4,2,0,0,0,0,0,0,0,2,4,6,8,10,12,14,16,18,20,22,23,24,26,28,30,32,31,35,37,37,39,41,43,45,47,48,49,51,53,55,57,58,61,63,65,67,67,70,71,74,75,76,77,79,80
79,82,82,84,83,86,88,89,90,91,94,96,98,99,96,101,102,104,103,106,102,107,110,108,113,112,117,116,119,117,118,122,122,124,124,117,126,125,128,129,123,132,134,135,81,136,138,139,140,141,138,139,138,142,143,145,144,121,148,145,146,109,149,148,152,154,153,156,156,136,158,140,160,161,163,160,153,164,167,160,170,161,170,163,173,169,173,170,174,172,177,112,147,148,175,178,179,174,156,173,145,186,166,175,171,188,188,182,190,174,182,164,184,195,164,197,187,189,200,192,170,157,200,170,206,207,207,210,182,198,192,191,211,201,214,146,193,214,204,217,219,220,180,197,218,222,224,225,221,198,217,156,224,176,200,195,226,164,168,189,225,208,155,194,185,190,225,225,177,161,191,230,161,229,199,151,229,162,194,196,181,181,228,216,171,183,145,204,194,183,199,195,171,216,228,225,194,174,186,118,198,228,228,194,192,228,115,227,175,227,174,148,200,226,177,140,222,137,225,190,125,140,224,178,176,168,208,200,162,131,219,219,127,131,148,187,168,158,139,182,156,207,126,182,207,209,154,159,108,164,204,165,185,185,161,138,188,164,169,106,131,135,185,182,142,183,190,179,90,128,148,187,138,165,160,177,155,165,182,167,178,138,133,152,175,163,176,132,77,115,122,122,161,151,127,167,148,0,107,168,155,169,144,147,136,150,170,163,167,164,147,137,106,163,163,157,151,117,155,0,108,97,152,96,131,95,146,155,130,113,145,157,146,154,156,153,103,158,156,157,147,146,147,157,159,140,156,160,147,114,158,157,139,155,145,155,123,143,157,118,156,155,121,141,148,156,159,156,147,123,154,155,148,152,151,156,156,152,154,158,157,152,152,159,156,151,157,145,156,155,150,154,153,143,145,142,150,148,141,131,145,138,138,139,142,142,142,134,137,136,137,133,133,132,132,132,131,130,128,129,118,125,119,120,121,122,121,117,116,116,115,115,109,112,111,109,97,107,105,104,102,98,93,96,95,94,93,90,90,88,86,84,80,82,80,77,77,75,73,71,69,67,64,65,64,62,60,56,57,55,53,52,50,48,46,44,42,40,39,37,34,33,31,29,27,25,24,22,20,18,16,14,12,10,8,6,4,2,0,0,0,0,0,0,0,2,4,6,8,10,12,14,16,18,20,22,23,25,27,29,31,30,34,36,36,38,40,42,44,46,47,48,50,52,54,56,57,60,62,64,66,66,69,70,73,74,75,76,78,79
78,80,80,82,81,84,86,87,88,89,92,94,96,97,96,99,101,103,102,105,103,106,109,108,112,111,116,116,119,117,118,122,122,124,125,120,127,126,129,130,124,134,136,137,85,138,140,142,143,144,141,142,141,145,146,148,147,124,151,148,149,114,153,151,155,157,156,159,160,139,162,144,164,165,167,164,158,168,171,166,175,167,174,168,178,175,178,175,179,177,182,117,155,155,183,185,186,182,164,180,153,193,172,183,179,195,196,191,199,183,191,171,193,203,172,205,197,197,209,202,179,167,209,180,214,215,216,218,190,207,201,200,221,209,224,155,202,224,214,227,229,230,190,208,228,232,235,235,231,208,228,168,238,188,214,210,241,179,184,205,243,227,175,215,206,211,248,249,200,186,217,256,187,257,227,179,259,192,225,229,214,214,263,251,205,220,181,241,232,221,236,233,209,254,266,263,232,212,225,157,236,267,266,233,232,266,153,266,214,266,214,187,240,265,215,179,261,176,266,229,164,179,264,218,216,207,248,239,201,170,258,258,167,170,187,226,207,197,178,221,196,247,0,224,250,253,199,204,155,211,251,214,235,236,213,190,241,218,224,162,188,194,243,241,202,243,252,241,154,193,212,253,205,232,228,245,224,234,251,237,248,208,204,222,246,235,246,202,157,187,194,195,232,223,206,239,219,172,178,237,222,235,209,211,199,213,231,224,228,226,209,198,169,224,225,219,214,181,218,168,172,162,215,159,191,156,204,212,186,168,199,211,198,205,205,201,151,205,201,201,190,188,188,196,197,177,192,195,181,147,191,188,170,183,174,182,150,169,181,143,178,177,143,162,167,174,176,171,163,138,167,167,159,163,160,166,165,159,161,164,162,156,154,162,158,151,157,143,152,153,147,152,152,140,143,0,147,147,138,129,146,137,139,140,143,144,143,134,138,137,138,134,134,133,131,133,131,129,128,128,117,123,118,118,120,121,120,115,115,115,114,114,108,110,110,108,94,106,104,103,101,98,93,95,93,93,92,89,89,87,86,84,80,82,79,76,77,75,73,71,69,67,64,65,64,62,60,56,57,55,53,52,50,48,46,44,42,40,39,38,35,34,32,30,28,25,25,23,22,20,18,16,14,12,10,8,6,4,2,0,0,0,0,0,0,0,2,4,6,8,10,12,14,16,18,20,21,23,25,27,29,28,32,34,34,36,38,40,42,44,45,46,48,50,52,54,55,58,60,62,64,64,67,67,70,71,72,74,76,77
78,80,80,82,81,84,86,87,88,88,90,92,94,95,93,96,98,100,99,102,100,104,106,105,109,109,113,112,115,113,114,118,118,120,120,116,122,121,124,125,120,128,130,131,81,132,134,135,136,137,134,135,134,138,139,141,140,117,144,142,143,109,146,144,148,149,149,152,152,132,154,136,156,157,158,156,151,159,162,156,165,159,164,157,166,162,164,161,163,163,165,99,137,137,162,164,164,160,142,156,129,167,147,155,151,167,167,160,168,152,158,138,158,170,136,169,159,159,170,163,137,126,167,137,170,170,170,171,142,160,151,150,171,158,173,0,152,173,165,176,179,179,142,160,178,183,185,186,183,160,180,121,190,140,165,163,192,130,135,157,194,178,127,166,159,162,199,200,151,139,168,207,140,207,180,130,209,145,178,180,166,166,213,203,156,170,132,190,181,171,187,182,159,203,215,212,182,162,175,108,186,217,216,182,181,216,102,216,163,216,162,137,188,215,165,127,211,127,215,178,115,130,214,166,166,157,198,190,150,121,208,208,117,119,139,176,157,146,129,171,144,196,116,171,196,199,143,147,99,153,193,154,174,174,150,127,176,152,157,93,120,124,174,170,130,170,177,166,78,114,134,174,126,152,147,164,141,151,168,154,164,124,119,138,160,149,160,104,0,101,107,109,148,140,124,158,139,92,100,161,148,162,137,141,129,145,164,158,164,162,146,136,109,166,166,163,159,126,165,115,120,110,165,109,142,108,156,167,141,125,156,169,157,165,168,165,113,170,167,168,158,157,158,169,170,152,167,172,158,124,170,168,149,164,155,166,132,152,167,128,166,165,132,151,156,166,169,165,157,134,162,163,156,160,159,165,166,159,161,164,161,157,154,162,158,150,158,145,154,153,149,152,152,141,144,139,148,147,140,129,144,134,136,137,141,142,141,132,135,135,136,132,131,131,129,131,129,127,126,126,116,121,117,118,119,120,119,115,114,114,113,113,107,109,109,107,93,105,103,102,100,96,93,95,94,93,92,89,89,87,86,85,81,83,80,77,78,76,74,73,71,69,66,67,66,64,62,58,59,57,55,54,52,50,48,46,44,42,41,40,37,36,34,32,30,27,27,25,24,22,20,18,16,14,12,10,8,6,4,2,0,0,0,0,0,0,0,2,4,6,8,10,12,14,16,18,19,21,23,25,27,26,30,32,32,34,36,38,40,42,44,45,47,49,51,53,54,57,59,61,63,63,66,68,70,71,72,74,76,77
74,76,76,78,77,80,82,83,84,85,88,90,92,93,92,95,97,98,98,101,99,103,105,104,108,108,112,112,115,113,114,118,118,120,121,119,123,122,125,125,121,130,132,133,85,134,136,138,139,140,137,138,137,141,142,144,143,120,147,145,146,114,149,147,151,153,152,155,156,135,158,140,160,161,163,160,157,164,167,163,171,165,170,164,174,172,174,171,175,174,178,113,154,154,179,182,183,180,163,177,152,189,169,180,176,192,193,188,196,181,189,167,191,200,168,203,194,194,206,201,177,166,207,179,212,214,214,217,188,205,200,198,220,208,223,157,204,223,215,226,228,229,191,209,227,232,234,234,231,207,228,170,238,188,213,211,241,178,182,205,242,226,177,214,208,210,247,248,199,187,218,255,189,256,228,177,258,194,226,230,215,215,262,252,204,219,180,240,232,221,239,235,213,257,270,267,240,220,233,168,246,276,276,243,243,278,164,279,228,280,229,205,256,282,234,197,281,199,286,251,190,204,288,243,242,235,276,268,228,200,287,287,197,197,218,256,236,225,208,251,223,276,196,251,277,278,224,227,179,234,274,235,256,254,232,209,259,235,240,175,203,206,256,253,214,254,261,250,162,198,216,259,211,236,232,248,225,235,254,239,251,211,207,225,248,235,249,203,159,189,196,197,234,225,207,241,220,174,179,240,225,238,210,214,200,214,234,227,231,228,210,200,173,227,228,222,217,184,221,172,174,165,218,162,194,159,207,215,187,172,202,214,199,208,209,204,153,209,205,205,192,192,192,200,201,181,196,199,185,149,195,192,174,186,176,186,152,171,185,147,182,181,146,166,171,178,180,175,167,142,169,169,163,167,164,170,169,163,165,168,166,160,158,166,162,155,161,147,155,157,150,156,155,143,146,140,151,150,141,131,147,135,139,139,142,143,142,133,137,136,137,133,133,132,130,132,130,128,127,127,116,123,117,118,119,120,119,115,114,114,113,113,107,108,109,107,0,106,104,103,102,99,94,96,95,94,93,90,90,88,87,85,81,83,80,77,78,76,74,72,71,69,66,67,66,64,62,58,59,57,56,54,54,52,50,48,46,44,43,42,39,38,36,34,32,28,29,27,26,24,22,20,18,16,14,12,10,8,6,4,2,0,0,0,0,0,0,0,2,4,6,8,10,12,14,16,17,19,21,23,25,24,28,30,30,32,34,36,38,40,42,43,45,47,49,51,52,55,56,58,59,0,62,64,66,67,68,70,72,73
75,77,77,79,78,81,83,84,85,86,89,91,93,94,93,96,98,100,99,102,100,104,106,105,109,109,113,113,116,114,115,119,119,121,122,120,124,123,126,127,122,131,133,134,86,135,137,139,140,141,138,139,138,142,143,145,144,120,148,146,147,116,150,148,152,154,153,156,157,136,159,141,161,162,164,161,158,165,168,164,172,167,171,165,175,173,175,172,176,175,179,113,155,156,180,183,184,182,164,178,154,190,170,181,177,193,194,189,197,183,190,168,192,201,169,204,195,195,207,202,178,167,208,181,213,215,215,218,189,206,201,199,221,209,224,159,205,224,216,227,229,230,192,210,228,233,235,235,232,208,229,172,238,189,214,212,242,178,183,206,243,227,179,215,209,211,248,249,200,188,219,256,191,257,229,178,259,196,227,231,216,216,263,253,204,220,181,241,233,222,240,236,214,258,271,268,241,221,234,170,247,277,277,244,244,279,164,280,229,281,230,206,257,283,234,197,282,201,287,252,192,205,289,243,242,236,277,269,229,201,288,288,198,197,220,257,237,226,209,252,224,277,198,252,278,279,225,228,180,235,275,236,257,255,233,210,260,236,241,175,204,208,257,254,214,255,262,251,163,198,217,260,211,237,233,249,226,236,255,240,252,212,208,226,249,236,250,203,161,190,197,198,235,226,207,242,221,176,179,241,226,239,211,215,201,215,235,228,232,229,211,200,173,228,229,223,218,185,222,174,176,166,219,163,195,160,208,216,188,173,203,215,200,209,210,205,153,210,206,206,193,193,193,201,202,182,197,199,186,150,196,193,175,186,177,187,152,172,186,148,183,182,148,167,172,179,180,176,168,144,170,169,164,168,165,171,170,164,166,169,167,161,159,167,163,156,162,149,155,158,152,157,156,145,147,140,152,151,143,132,148,135,140,140,143,144,143,134,138,137,138,134,134,133,131,133,131,129,128,128,117,123,118,118,120,121,120,115,115,115,114,114,108,108,110,108,92,106,104,103,101,98,93,95,93,93,92,89,89,87,86,84,80,82,79,0,77,76,74,73,71,69,66,67,66,64,62,58,59,57,55,54,52,50,48,46,44,43,42,41,39,38,36,34,32,0,29,27,26,25,23,21,19,17,15,14,12,10,8,6,4,2,0,0,0,0,0,0,0,2,4,6,8,10,12,14,15,17,19,21,23,22,26,28,29,31,33,35,37,39,41,42,44,46,48,50,51,54,56,58,60,60,63,65,67,68,69,71,73,74
73,74,74,75,64,0,78,79,80,81,84,86,88,89,88,91,93,95,94,97,95,99,101,100,104,104,108,108,111,109,111,114,114,117,117,117,119,118,122,122,118,126,128,130,84,130,132,133,134,135,0,134,133,136,138,139,138,114,142,140,141,112,144,143,147,149,148,151,152,130,154,135,156,157,159,156,155,160,163,159,167,163,166,160,170,168,170,167,171,170,174,108,151,152,175,178,179,178,161,173,150,185,165,176,172,188,189,184,192,179,185,163,187,196,164,199,190,190,202,199,173,164,203,177,208,210,210,213,184,201,196,194,216,204,219,156,201,219,212,222,224,225,189,207,224,228,231,231,229,204,226,170,235,185,210,210,238,174,179,202,239,223,177,211,207,207,244,245,196,186,217,252,189,253,227,174,255,194,225,229,214,214,259,250,200,216,177,237,229,219,238,232,212,254,267,264,239,219,232,168,245,274,274,240,240,276,160,277,225,278,226,204,254,280,231,194,279,199,285,248,190,204,286,239,240,234,275,268,226,200,288,288,199,198,223,260,241,228,213,256,226,280,202,256,281,283,229,230,184,239,278,240,261,258,237,214,264,240,245,177,208,211,261,258,219,259,266,255,167,200,219,263,216,241,237,252,228,238,259,244,256,216,212,230,253,239,254,205,165,194,201,202,239,230,211,246,223,180,181,245,230,243,213,219,203,217,239,232,236,231,213,203,178,232,233,227,222,189,226,178,179,170,222,167,199,164,211,220,191,177,206,219,202,213,214,209,155,214,210,210,195,197,197,205,206,186,201,203,190,152,200,197,179,190,179,191,154,174,190,152,187,186,152,171,176,183,183,180,172,147,173,172,168,172,169,175,174,168,170,173,171,165,163,171,167,160,166,153,159,162,155,161,160,148,151,146,156,155,146,136,152,138,144,144,146,148,147,138,142,141,142,138,138,137,135,137,135,133,132,132,121,128,122,123,124,125,124,120,119,119,118,118,112,112,114,112,98,110,108,107,105,102,97,99,98,97,96,93,93,91,90,88,84,86,83,80,81,79,77,75,74,72,69,70,69,67,65,61,62,60,59,57,56,54,52,50,48,47,46,45,42,41,39,37,35,31,32,30,29,27,25,23,21,19,17,16,14,12,10,8,6,4,2,0,0,0,0,0,0,0,2,4,6,8,10,12,13,15,17,19,21,20,24,26,27,29,31,33,35,37,39,40,42,44,46,48,49,52,54,56,58,58,61,63,65,66,67,69,71,72
73,75,74,77,76,79,81,82,83,84,87,89,91,92,91,94,96,98,97,100,98,102,104,103,107,107,111,111,114,112,114,117,117,119,119,120,122,121,124,125,121,129,130,131,87,133,135,137,138,138,136,136,136,139,140,142,141,117,145,143,144,115,147,145,149,150,150,153,154,133,156,138,157,159,160,157,156,161,163,158,166,163,165,158,166,164,165,161,164,163,165,98,142,142,163,165,165,164,145,157,134,167,147,156,152,166,167,160,167,154,158,135,158,168,133,168,158,157,167,163,136,126,164,138,167,168,168,169,139,157,150,147,168,155,168,105,150,166,159,165,168,167,130,147,162,165,166,165,160,135,154,98,162,112,136,135,161,0,101,124,162,146,100,135,131,131,169,170,120,112,142,178,115,179,154,101,182,121,153,156,142,142,187,180,122,145,105,167,158,148,169,162,142,185,197,195,169,150,163,99,176,204,203,171,170,206,90,207,156,209,157,135,185,210,162,120,210,130,216,180,123,136,218,171,173,167,209,201,159,134,222,223,133,130,156,194,175,163,148,193,163,217,141,195,221,223,169,170,124,179,218,180,200,196,176,153,203,179,184,115,147,151,200,198,158,198,206,194,108,0,161,206,158,186,182,200,175,187,208,195,207,167,165,183,206,193,210,160,122,152,159,161,200,191,172,209,186,143,145,210,196,210,181,188,172,188,210,203,209,204,186,178,153,208,210,206,201,168,207,159,162,153,205,151,184,150,198,208,178,166,197,209,192,203,203,199,144,203,200,201,186,188,189,197,198,179,193,195,183,145,193,191,172,183,173,185,147,168,184,146,182,180,148,166,170,178,178,176,168,144,168,167,164,168,165,171,171,164,167,169,167,162,159,168,163,156,163,151,156,160,154,159,159,147,149,145,155,154,145,134,150,136,141,142,146,147,146,136,141,140,141,138,136,137,134,136,135,133,132,132,120,128,123,123,125,125,125,121,121,121,120,120,113,112,115,114,100,112,110,109,107,103,99,101,99,99,98,95,95,93,92,90,85,88,84,82,83,81,79,77,76,74,71,72,71,69,67,63,64,62,61,59,58,56,54,52,50,49,48,47,44,43,41,39,37,33,34,32,31,29,27,25,23,21,19,18,16,14,12,10,8,6,4,2,0,0,0,0,0,0,0,2,4,6,8,10,11,13,15,17,19,18,22,24,26,28,30,32,34,36,38,39,42,44,46,47,49,52,54,56,58,58,61,63,65,66,67,69,71,72
71,73,73,75,74,77,79,80,81,83,85,87,89,90,90,92,94,96,95,98,97,100,102,101,105,105,109,109,112,110,112,115,115,117,118,119,120,119,122,123,119,127,129,131,87,131,133,135,136,137,135,136,135,138,140,141,140,116,144,142,143,116,146,145,148,151,150,152,154,132,156,137,158,159,160,158,155,161,163,159,166,163,166,160,169,168,168,166,169,168,172,105,151,153,174,177,178,178,159,171,151,182,164,174,170,185,187,181,189,179,182,161,183,192,159,193,183,183,193,190,164,155,191,165,194,195,194,196,166,183,177,174,195,182,196,135,179,194,187,195,198,196,161,178,192,196,198,196,192,166,187,131,194,143,167,168,193,123,133,155,192,175,128,161,156,155,191,191,140,131,161,196,132,194,168,113,193,132,163,165,150,149,192,184,0,146,103,169,159,150,171,163,145,187,200,197,173,154,166,102,180,208,209,176,175,211,93,212,160,213,160,138,186,211,162,0,211,132,217,181,124,138,219,173,173,169,210,203,160,136,225,225,136,126,160,197,178,166,151,196,165,221,144,198,225,227,174,175,132,186,226,189,210,207,188,165,216,193,198,130,163,168,218,216,176,218,226,215,130,160,181,227,179,206,203,220,194,207,228,215,227,187,185,203,226,213,229,179,143,173,179,181,219,210,191,228,204,165,164,229,216,229,199,207,190,205,229,222,227,223,205,195,173,226,227,222,216,183,221,173,176,166,216,163,195,160,207,215,185,173,202,214,197,208,209,204,149,209,205,206,192,193,194,202,203,184,198,199,188,149,199,196,177,186,177,191,150,172,190,151,187,186,153,171,175,183,182,181,173,149,172,171,168,173,170,176,174,169,171,173,172,166,163,172,167,160,167,156,158,164,158,161,163,150,153,149,159,158,149,139,155,138,146,146,150,151,150,139,145,144,145,141,140,140,136,139,138,136,135,135,122,130,125,123,127,127,127,122,122,122,121,121,114,111,116,115,101,113,111,110,108,104,100,102,100,100,99,96,96,94,93,91,86,89,85,83,84,82,80,78,77,75,72,73,72,70,68,64,65,63,62,60,59,57,55,53,51,50,49,48,45,44,42,40,38,34,35,33,32,29,29,27,25,23,21,20,18,16,14,12,10,8,6,4,2,0,0,0,0,0,0,0,2,4,6,8,9,11,13,15,17,16,20,22,24,26,28,30,32,34,36,37,40,42,44,46,47,50,52,54,56,57,59,61,63,64,65,67,69,70
67,69,69,71,70,73,75,76,77,77,80,82,84,85,84,87,89,91,90,93,91,95,97,96,100,100,104,104,107,105,108,111,111,114,114,115,116,115,119,119,115,123,125,127,85,127,129,131,132,133,131,132,131,134,136,137,136,112,140,138,139,114,142,141,145,147,146,149,150,128,152,133,154,155,157,154,153,158,161,157,165,161,164,158,168,166,168,165,169,168,172,104,152,154,173,176,177,178,161,171,152,183,163,173,170,185,187,182,189,180,182,161,184,194,162,196,188,188,200,197,171,165,201,176,206,207,208,210,181,199,193,192,213,201,216,156,201,216,210,219,221,222,188,206,220,225,227,227,225,200,222,168,231,181,206,208,234,170,175,198,235,219,175,207,205,203,240,241,191,184,215,248,187,249,225,170,251,192,223,227,212,212,255,248,196,212,173,233,225,215,236,228,210,250,262,259,234,214,227,162,238,264,263,229,228,263,146,263,210,263,210,189,236,262,211,176,258,180,263,225,169,182,261,214,214,209,250,242,196,173,261,260,170,165,192,229,210,194,181,224,192,247,170,224,249,251,196,195,151,206,246,207,228,223,204,180,231,207,212,140,175,178,229,226,185,226,234,222,135,165,185,231,182,209,204,220,193,204,226,212,223,183,179,197,220,204,221,169,132,162,168,169,207,197,173,213,187,146,0,211,196,208,178,187,169,185,209,203,209,202,186,175,154,209,211,207,203,170,209,161,163,155,205,154,186,153,200,211,180,169,200,212,194,208,209,205,149,211,209,210,194,199,199,207,208,188,203,201,192,152,202,200,182,190,180,194,153,174,193,154,190,188,156,173,179,186,183,183,175,151,173,172,171,175,172,178,174,171,173,176,174,168,166,174,170,163,169,157,158,166,158,164,164,151,154,150,160,159,149,141,156,138,147,147,150,152,151,141,146,146,147,143,141,142,136,141,140,138,137,137,124,132,127,126,129,128,129,124,124,124,123,123,116,111,118,117,103,115,113,112,110,105,101,103,102,102,101,98,98,96,95,93,88,91,87,85,86,84,82,80,79,77,74,75,74,72,70,66,67,65,64,62,61,59,57,55,53,52,51,50,47,46,44,42,40,36,37,35,34,31,30,28,26,25,23,22,20,18,16,14,12,10,8,6,4,2,0,0,0,0,0,0,0,2,4,6,7,9,10,12,13,0,16,18,20,22,24,26,28,30,32,33,36,38,40,42,43,46,48,50,52,53,55,57,59,60,61,63,65,66
68,70,70,72,71,75,76,77,78,80,82,83,85,86,85,87,89,91,90,93,92,95,96,96,99,99,101,102,104,100,103,106,105,109,108,110,111,109,114,113,110,117,118,119,79,118,118,120,120,119,117,116,114,115,117,116,115,90,117,115,115,89,115,113,115,115,115,116,116,93,116,96,116,116,117,113,112,115,116,110,116,112,113,106,114,113,112,108,110,110,111,41,90,90,0,112,113,114,98,109,90,120,102,113,110,125,127,122,130,122,124,102,126,137,103,139,131,132,144,142,115,110,145,119,150,152,152,155,125,143,138,136,158,146,161,101,146,161,156,164,167,168,133,152,167,172,175,176,173,148,170,116,179,129,154,157,182,118,124,146,184,168,124,156,154,152,189,190,140,133,164,197,136,198,174,119,200,141,173,176,162,162,205,199,145,162,123,183,175,164,186,178,160,200,213,210,187,167,180,118,193,219,219,186,186,221,104,222,171,223,172,153,200,225,176,143,224,147,230,194,140,153,231,185,186,182,224,216,172,150,237,238,149,144,172,209,190,176,163,207,176,230,157,210,237,239,186,186,143,198,238,200,222,216,199,176,227,204,210,140,174,179,229,226,186,227,234,223,137,166,186,232,183,210,206,222,195,207,228,214,226,185,182,200,222,206,224,172,136,165,171,172,209,200,178,216,191,151,148,215,200,213,181,189,171,185,209,202,206,200,180,171,149,202,204,198,192,159,197,149,151,142,191,139,171,136,183,191,159,149,178,190,171,184,185,180,123,185,181,181,165,168,169,177,178,159,173,172,163,121,173,170,151,160,149,164,0,144,165,125,163,162,129,149,153,163,160,163,154,132,154,154,153,158,156,164,161,159,162,165,164,160,157,167,162,154,162,150,151,160,152,158,159,144,149,145,154,154,144,133,150,131,140,142,145,147,146,135,141,140,141,137,137,137,130,137,135,133,131,132,119,127,120,122,125,124,125,120,120,120,119,119,111,107,114,113,101,111,110,109,108,104,100,101,101,101,100,98,96,96,95,93,89,91,88,86,87,85,83,81,80,78,75,76,75,73,72,68,69,67,66,64,63,61,59,57,55,54,53,52,49,48,46,44,42,38,39,37,36,33,32,30,28,27,25,24,22,20,18,16,14,12,10,8,6,4,2,0,0,0,0,0,0,0,2,4,6,8,10,12,14,13,17,19,21,23,25,27,29,31,33,34,37,39,41,43,44,47,49,51,53,54,56,58,60,61,62,64,66,67
66,68,68,70,69,73,74,75,76,78,80,82,84,85,85,87,89,91,90,93,92,95,97,96,100,100,104,104,107,105,108,111,111,114,114,115,116,115,119,119,115,123,125,127,88,127,129,131,132,133,132,132,131,134,136,137,136,112,140,138,139,116,142,141,145,147,146,149,151,128,152,133,154,155,157,154,153,158,161,157,165,161,164,159,168,167,168,165,169,168,172,104,154,156,175,177,178,178,163,171,154,183,163,175,170,186,187,182,190,182,182,161,184,194,162,196,188,188,199,197,171,166,200,175,205,206,206,209,180,197,192,190,212,200,215,157,202,215,209,218,221,221,189,205,219,223,226,226,223,198,220,168,229,179,204,207,232,170,173,196,233,216,173,202,200,197,233,233,183,176,206,239,178,237,214,157,237,179,209,213,196,197,236,231,178,191,152,213,202,192,213,203,187,224,237,233,210,189,202,138,213,237,237,203,202,237,118,236,183,236,183,164,209,235,184,151,231,155,236,198,144,156,234,186,186,182,223,215,169,146,233,232,142,0,164,201,182,167,155,199,167,223,149,203,230,233,180,178,137,191,232,194,216,211,193,170,222,198,204,133,169,174,224,221,182,223,232,221,136,167,185,233,185,213,209,227,199,211,235,221,233,194,191,209,233,217,235,184,150,179,186,187,225,217,195,234,207,169,166,232,218,231,198,207,188,202,227,220,224,217,199,188,167,220,221,216,210,177,215,167,169,160,208,157,189,154,201,209,177,167,196,208,188,202,202,198,139,202,198,198,181,185,186,194,195,176,190,188,180,138,190,187,168,175,166,181,139,161,180,142,177,176,143,161,165,173,168,170,162,138,159,158,157,162,159,165,160,158,160,163,161,155,152,160,157,148,155,143,0,153,145,153,155,142,147,144,155,155,145,137,154,134,147,148,152,154,153,142,148,148,149,145,143,144,136,143,142,140,139,138,126,134,129,127,132,131,132,126,127,127,125,126,118,112,121,120,106,118,116,115,113,108,104,104,104,105,104,101,101,99,98,96,92,95,90,89,90,88,86,84,83,81,78,79,78,76,74,70,71,69,68,66,65,63,61,59,57,56,55,54,51,50,48,46,44,40,41,39,38,35,34,32,30,29,27,26,24,22,20,18,16,14,12,10,8,6,4,2,0,0,0,0,0,0,0,2,4,6,8,10,12,12,15,17,19,21,23,25,27,29,31,32,35,37,39,41,42,45,47,49,51,52,54,56,58,59,60,62,64,65
63,65,65,67,66,70,71,72,73,75,77,79,81,82,82,84,86,88,87,90,89,93,94,93,97,98,101,101,104,102,105,108,108,111,111,111,113,112,116,116,113,119,121,123,86,123,125,125,127,128,126,127,126,129,131,132,131,107,135,134,135,113,136,136,140,142,141,144,145,123,146,127,148,149,151,148,148,152,155,151,158,155,158,152,161,160,161,158,162,162,165,97,147,151,168,169,170,170,156,164,148,174,156,166,162,178,179,173,181,174,173,152,175,185,152,187,178,179,190,187,161,158,190,165,196,197,197,200,170,188,183,181,202,191,205,148,194,205,199,208,210,211,180,196,209,213,215,216,213,188,209,158,217,166,191,194,217,155,157,179,216,199,157,185,184,180,216,216,166,160,190,221,162,220,198,140,220,163,193,195,180,180,219,214,162,174,135,195,185,175,198,186,170,207,219,216,193,173,185,122,197,220,220,185,184,220,100,219,166,219,165,148,191,218,167,134,214,138,218,181,127,140,217,168,169,167,207,199,152,131,218,218,128,122,149,186,167,149,136,181,147,202,128,181,206,208,153,150,109,163,203,164,185,178,161,134,187,163,168,94,131,134,185,182,141,182,189,178,91,120,139,186,137,164,159,175,146,156,181,166,177,136,132,150,173,155,173,0,85,113,121,123,162,154,129,171,145,107,103,173,160,174,141,152,132,148,175,169,175,165,150,138,119,175,176,172,168,135,174,126,128,120,168,119,151,118,165,176,144,135,166,178,158,173,173,168,90,171,169,169,150,157,157,165,165,145,160,156,149,106,159,157,138,145,134,151,107,128,149,110,146,144,111,128,135,143,0,143,135,113,133,133,135,140,139,146,141,141,144,147,147,142,141,150,147,141,148,138,138,148,142,148,149,137,141,139,149,148,139,132,147,127,140,141,147,149,149,139,144,145,145,142,139,141,132,140,139,137,136,137,124,131,128,127,130,129,130,125,125,125,124,124,117,109,119,118,105,117,115,113,113,108,104,104,106,106,105,102,102,100,99,97,93,96,91,90,91,89,87,85,84,82,79,80,79,77,75,71,72,70,70,68,67,65,63,61,59,58,57,56,53,52,50,48,46,42,43,40,40,37,36,34,32,31,29,28,26,24,22,20,18,16,14,12,10,8,6,4,2,0,0,0,0,0,0,0,2,4,6,8,10,10,13,15,17,19,21,23,25,27,29,29,32,34,36,38,39,42,44,46,48,49,51,53,55,56,57,59,61,62
62,64,64,66,65,69,70,71,72,74,76,78,80,81,81,82,84,86,85,88,88,91,91,91,94,95,97,97,100,96,100,102,101,105,105,106,107,106,110,110,106,114,116,118,83,118,119,120,120,120,118,117,115,116,118,117,116,89,118,116,116,93,116,114,116,116,116,117,118,94,117,97,117,117,118,114,113,116,117,112,117,113,114,108,115,114,113,109,111,111,112,42,94,94,38,0,114,115,102,111,94,121,102,114,110,0,126,121,129,124,124,101,126,136,102,138,131,131,143,141,115,112,144,118,149,151,151,154,124,142,137,135,157,145,160,103,148,160,156,163,167,167,136,154,167,172,175,176,173,147,170,118,178,128,153,159,181,120,123,146,184,167,126,155,156,151,190,191,139,136,167,198,139,199,177,119,201,144,176,179,165,165,206,201,148,162,123,184,175,165,189,178,163,202,214,211,190,170,183,122,196,220,220,188,187,223,104,224,173,226,173,158,202,227,178,148,226,151,232,196,145,158,234,187,188,187,228,221,174,156,242,243,155,149,178,214,195,179,166,213,179,233,163,215,242,244,192,189,149,203,243,205,227,219,204,179,232,209,215,142,180,185,234,232,194,234,243,232,147,178,195,243,197,223,219,235,208,220,245,231,243,205,202,219,243,225,245,194,159,188,194,195,232,222,199,239,211,174,170,237,224,235,202,213,191,206,232,224,229,221,201,192,172,225,227,222,215,183,221,172,174,165,212,162,194,159,205,215,180,172,201,214,192,207,208,203,145,209,205,205,186,191,192,202,202,183,198,194,187,143,197,195,175,182,172,188,147,167,188,150,186,184,152,170,173,182,179,180,171,148,167,166,167,171,168,175,169,168,170,172,170,165,161,171,167,158,166,154,155,164,155,162,162,146,152,149,158,157,145,136,153,132,143,145,149,151,150,138,144,144,145,141,140,141,131,141,139,137,135,136,122,131,123,126,129,128,129,124,124,124,123,123,114,107,118,117,105,115,114,113,112,108,103,101,105,105,103,102,99,100,99,97,94,96,92,91,92,90,88,86,85,83,79,81,80,78,77,73,74,72,72,70,69,67,65,63,61,60,59,58,55,54,52,50,48,44,45,42,42,39,38,36,34,33,31,30,28,26,24,22,20,18,16,14,12,10,8,6,4,2,0,0,0,0,0,0,0,2,4,6,8,9,11,13,15,17,19,21,23,25,27,29,31,33,35,37,38,41,43,45,47,48,50,52,54,55,56,58,60,61
60,62,62,64,64,68,69,70,71,73,75,77,79,80,80,81,83,85,84,87,87,90,90,90,93,94,96,96,99,96,99,101,100,104,104,106,107,106,110,110,107,114,116,118,84,118,119,120,121,121,119,118,116,117,119,118,117,91,119,117,117,95,117,115,117,117,117,118,119,95,118,98,118,118,119,115,114,117,118,113,118,114,115,109,116,115,114,110,112,112,113,0,96,96,115,116,116,117,105,112,97,123,104,115,112,127,129,124,132,126,125,103,127,138,104,140,132,133,145,143,115,115,146,119,151,152,153,156,125,144,139,137,159,147,162,106,151,162,157,165,169,168,138,155,166,171,174,174,172,147,169,119,178,128,153,159,181,121,123,144,183,167,126,155,155,150,188,189,138,135,165,196,139,196,176,117,198,144,174,178,163,164,203,198,147,160,120,181,173,163,187,176,162,198,211,208,189,168,182,121,194,218,218,184,184,220,99,221,169,222,170,156,197,224,174,145,223,149,228,192,142,155,230,182,182,181,222,213,165,148,232,232,145,138,165,201,181,163,150,196,161,216,145,196,222,223,170,166,127,179,219,180,201,193,178,150,204,180,185,110,149,151,201,198,159,199,206,195,110,139,154,204,156,181,178,191,163,174,199,184,196,157,153,170,193,174,194,141,107,135,142,143,180,170,145,186,158,121,117,185,171,183,147,159,137,151,178,171,175,166,148,137,118,171,173,167,160,128,166,117,117,109,155,106,138,103,148,159,123,116,144,157,134,150,151,146,0,154,152,154,134,142,143,154,156,138,154,149,145,100,157,155,137,143,134,154,112,132,156,118,155,154,122,141,145,155,151,155,147,124,143,143,145,151,149,156,150,151,154,157,156,151,149,159,156,149,157,146,146,156,148,156,157,142,149,147,156,156,145,137,153,131,144,145,150,151,150,139,144,145,145,142,140,141,131,141,139,138,136,137,124,132,125,127,130,129,130,125,126,126,125,125,116,107,120,119,106,117,116,113,114,110,104,101,107,107,105,104,101,102,101,99,96,98,94,93,94,92,90,88,87,85,81,83,82,80,79,75,76,74,74,72,71,69,67,65,63,62,61,60,57,56,54,52,50,46,47,43,44,41,40,38,36,35,33,32,30,28,26,24,22,20,18,16,14,12,10,8,6,4,2,0,0,0,0,0,0,0,2,4,6,7,9,11,13,15,17,19,21,23,25,27,29,31,33,35,36,39,41,43,45,46,48,50,52,53,54,56,58,59
59,61,61,63,63,67,68,69,70,72,74,76,78,79,80,81,83,85,84,87,87,90,91,90,94,95,98,98,101,101,103,106,106,109,109,111,112,111,115,115,112,119,121,123,89,123,125,127,128,129,128,128,127,130,132,133,132,108,136,134,135,116,138,137,141,143,142,145,147,124,148,129,150,151,153,150,148,154,156,153,159,156,159,153,162,161,162,159,163,162,165,98,150,153,170,170,171,170,158,165,151,174,157,167,164,179,180,174,182,176,176,154,178,187,154,189,181,181,192,189,164,161,191,164,194,195,194,196,165,183,177,174,195,183,196,142,186,194,189,195,198,197,167,184,194,197,199,198,194,167,189,139,196,145,169,176,195,136,135,157,195,177,137,164,165,158,195,195,144,141,171,200,142,199,178,116,198,142,173,175,160,159,197,191,140,150,109,172,161,151,176,161,147,183,194,190,169,149,161,97,173,194,193,157,155,193,0,194,142,196,142,128,171,197,149,119,197,123,203,167,116,130,206,159,160,161,202,195,145,129,217,218,129,124,152,189,170,151,138,188,152,208,138,191,217,219,166,162,124,179,219,182,203,195,181,152,209,186,192,116,156,160,211,210,170,211,220,209,125,155,170,221,173,201,197,211,184,195,222,209,221,181,179,197,220,202,223,171,138,166,173,175,214,205,179,223,194,159,157,224,210,224,189,202,180,196,224,217,223,212,195,185,168,222,224,219,214,182,220,173,174,167,212,166,197,164,208,219,184,177,205,218,195,212,213,208,150,213,209,210,190,197,198,207,207,189,203,197,192,148,202,200,182,186,176,195,153,171,194,156,191,191,158,176,180,187,184,185,177,154,171,170,173,177,174,181,172,173,176,178,177,171,168,177,172,165,172,161,160,169,159,166,168,151,157,155,164,163,150,144,160,136,150,150,156,157,156,145,151,151,152,148,146,147,135,146,145,143,142,142,128,137,131,130,134,133,134,129,129,129,128,128,120,109,123,122,109,121,119,117,117,112,107,102,109,109,107,105,104,103,102,100,96,99,94,93,94,92,90,88,87,85,81,83,82,80,78,74,75,73,73,71,70,68,66,64,62,61,60,59,56,55,53,51,49,45,46,0,43,41,40,39,37,36,34,33,31,29,27,25,23,22,20,18,16,14,12,10,8,6,4,2,0,0,0,0,0,0,0,2,4,6,8,10,12,14,16,18,20,22,24,26,28,30,32,34,35,38,40,42,44,45,47,49,51,52,53,55,57,58
58,60,60,62,62,66,67,68,69,71,73,75,77,78,79,80,82,84,83,86,86,89,90,89,93,94,97,97,100,100,102,105,105,108,108,110,111,110,114,114,110,118,120,122,90,122,124,126,127,128,127,127,126,129,131,132,131,0,135,134,135,116,137,136,140,142,141,144,146,123,147,128,149,150,152,149,149,153,156,153,160,156,159,154,163,162,163,160,164,164,167,101,153,156,173,173,173,173,162,168,154,178,159,171,167,183,183,178,186,179,180,156,182,190,157,193,185,184,196,193,168,166,197,171,202,204,204,207,177,195,190,188,210,198,213,160,204,213,208,216,219,219,190,208,219,223,226,226,223,198,220,172,229,179,204,211,232,174,173,196,234,217,179,205,208,201,239,240,189,187,218,247,191,248,228,167,250,196,226,231,215,215,254,248,200,210,170,232,223,213,239,226,214,249,262,259,240,220,234,173,246,268,268,235,235,270,151,271,220,272,220,207,249,274,226,198,273,201,279,243,194,207,280,235,235,235,276,269,219,203,289,289,202,198,225,261,243,223,210,260,223,278,210,261,285,288,235,229,192,244,283,245,266,256,243,213,269,245,250,172,214,216,266,264,225,264,272,261,176,206,219,269,222,247,244,256,227,239,266,251,263,224,220,237,260,239,261,209,175,202,209,210,247,237,210,253,224,189,186,252,238,251,213,227,203,217,246,239,243,232,213,203,186,239,241,235,229,197,234,187,184,178,222,175,207,173,216,228,191,186,212,227,202,220,221,216,159,222,218,218,195,204,204,213,214,194,209,202,198,151,208,205,186,189,179,198,158,174,198,161,195,194,161,179,183,191,187,188,179,156,172,171,175,179,176,183,168,176,178,181,179,173,170,179,175,168,174,162,162,171,159,169,169,151,159,156,165,164,150,144,161,136,152,152,156,158,157,145,151,151,152,148,146,147,134,147,145,143,142,142,129,137,130,131,134,133,134,129,130,130,129,129,120,108,124,123,110,122,120,117,117,113,107,101,110,110,0,107,105,105,105,103,99,102,97,96,97,95,93,91,90,88,84,86,85,83,81,77,78,76,76,74,73,71,69,67,65,64,63,62,59,58,56,54,52,48,49,45,46,43,42,40,38,37,35,34,32,30,28,26,24,23,21,19,17,15,13,11,9,7,6,4,2,0,0,0,0,0,0,0,2,4,6,8,10,12,14,16,18,20,22,24,26,28,30,32,33,36,38,40,42,43,45,47,49,51,52,54,56,57
56,58,58,60,60,64,65,66,67,69,71,73,75,76,77,79,81,83,82,85,85,88,89,88,92,93,96,96,99,99,101,104,104,107,107,109,110,109,113,114,111,118,120,122,91,122,124,126,127,128,127,127,126,129,131,132,131,109,135,133,134,117,137,136,140,142,141,144,146,123,147,128,149,150,152,149,147,153,155,152,158,155,158,152,161,160,161,158,162,161,164,100,151,154,170,170,170,170,159,164,152,173,156,166,163,178,179,173,181,175,175,153,177,186,153,188,180,180,191,188,163,163,191,167,196,198,198,200,169,187,181,178,199,187,200,149,192,198,193,199,202,201,172,189,198,201,203,202,198,172,194,145,201,149,174,182,200,143,140,162,200,182,144,168,171,163,200,200,147,147,177,204,149,204,184,120,203,148,179,182,165,166,202,196,146,155,114,177,166,156,182,166,154,188,199,195,176,155,168,105,179,199,199,164,162,198,76,197,144,197,142,128,169,196,0,118,195,122,201,164,114,128,202,0,155,157,199,192,141,127,213,214,127,123,150,187,168,147,135,185,149,205,137,189,214,217,165,159,123,177,216,180,202,193,180,150,208,184,190,111,155,157,209,208,169,209,218,207,124,153,167,219,172,199,196,208,181,192,220,207,219,180,178,195,218,199,221,169,138,165,172,174,213,203,176,221,191,157,156,222,209,223,186,201,177,193,222,215,221,210,192,182,167,220,223,219,213,181,220,174,171,167,210,165,197,165,207,221,184,180,205,220,195,213,214,209,153,215,211,212,190,198,199,209,209,190,205,197,194,147,204,202,183,185,176,195,156,171,196,159,193,192,160,178,181,189,187,187,179,156,171,170,174,179,176,183,173,175,178,180,179,172,169,179,174,167,174,163,163,171,159,168,170,152,159,157,166,165,151,146,162,136,153,152,158,159,158,146,153,153,154,150,148,149,135,148,147,145,144,143,130,139,133,132,137,136,137,131,133,133,131,132,123,110,127,126,113,125,123,120,120,116,110,103,112,113,110,109,107,107,106,104,100,103,97,97,98,96,94,92,91,89,85,87,86,84,82,78,79,77,77,75,74,72,70,69,67,66,65,64,61,60,58,56,54,50,51,47,48,45,44,42,40,39,37,36,34,32,30,28,26,25,23,21,19,17,15,13,11,9,8,6,4,2,0,0,0,0,0,0,0,2,4,6,8,10,12,14,16,18,20,22,24,26,28,30,31,34,36,38,40,41,43,45,47,49,50,52,54,55
54,56,56,58,58,62,63,64,65,67,69,71,73,74,75,77,79,81,80,83,83,86,87,86,90,91,94,94,97,96,98,100,0,103,103,105,106,105,109,110,107,114,116,118,88,118,120,122,124,125,124,124,123,126,128,129,128,107,132,131,132,115,134,133,137,139,139,142,144,121,145,126,147,148,150,147,147,151,153,150,157,153,156,151,160,158,159,156,160,160,163,100,151,154,168,169,168,168,159,163,151,173,154,165,162,177,177,172,179,173,173,150,174,184,150,186,178,178,189,186,161,161,189,164,194,196,196,198,169,187,181,180,201,189,204,153,196,204,199,206,210,209,181,199,208,212,214,214,211,184,206,159,213,162,187,195,213,157,153,175,213,195,158,181,185,176,213,213,162,161,191,218,163,217,199,135,217,164,194,196,181,181,216,211,163,170,130,192,181,172,199,182,172,205,216,213,194,174,187,125,198,217,217,182,180,216,97,215,162,215,160,148,187,214,166,135,210,139,214,177,127,141,213,166,165,167,206,199,146,131,215,214,128,122,149,184,165,142,129,180,140,196,128,179,201,206,152,144,108,161,198,161,182,170,158,125,183,159,164,0,128,127,181,181,142,183,192,181,98,127,141,193,147,174,171,183,154,167,197,184,196,158,155,172,196,176,199,147,115,143,151,152,191,182,153,199,169,136,134,201,189,202,163,180,154,170,201,194,200,187,171,160,145,200,202,198,193,161,200,153,149,146,189,145,177,145,187,202,165,161,188,203,177,198,199,195,139,202,200,201,177,189,190,200,202,183,199,191,189,141,201,199,181,184,173,194,157,169,196,160,193,192,159,177,181,189,186,186,178,155,169,168,174,178,175,181,171,175,177,179,178,172,169,178,174,167,173,163,163,171,157,168,169,150,158,157,166,164,149,144,161,134,151,152,158,159,159,146,153,153,154,150,147,149,133,149,147,144,143,143,131,139,133,134,138,136,138,132,135,135,133,134,125,110,127,128,115,126,124,122,120,117,112,103,114,114,112,111,109,109,108,106,102,105,99,99,100,98,96,94,93,91,87,89,88,86,84,80,81,79,79,77,76,74,72,71,69,68,67,66,63,62,60,58,56,52,53,49,50,47,46,44,42,41,39,38,36,34,32,30,28,27,25,23,21,19,17,15,13,10,10,8,6,4,2,0,0,0,0,0,0,0,2,4,6,8,10,12,14,16,18,20,22,24,26,28,29,32,34,36,38,39,41,43,45,47,48,50,52,53
53,55,55,57,57,61,62,63,64,66,68,70,72,73,74,76,78,80,79,82,82,85,86,85,89,90,93,93,96,96,98,101,101,104,104,106,107,106,110,111,107,115,117,119,90,119,121,122,124,125,124,124,123,126,128,129,128,108,132,131,132,116,134,133,137,139,139,142,144,121,145,126,147,148,150,147,147,151,154,150,158,154,157,151,160,159,160,157,161,161,164,102,152,156,170,170,170,170,162,164,154,175,156,168,163,180,180,176,183,176,175,153,177,187,154,189,180,181,192,189,163,165,194,167,199,200,201,202,172,192,185,184,206,194,209,158,201,209,203,212,214,215,186,203,212,217,220,219,217,193,214,169,223,173,199,207,226,171,167,190,228,211,176,200,204,195,233,233,182,183,214,241,188,241,224,160,243,193,222,227,211,212,247,242,196,204,164,226,217,207,235,220,211,242,255,252,236,216,230,169,242,261,261,229,228,263,148,264,212,266,213,202,241,267,220,193,265,196,270,232,186,199,268,224,222,223,264,256,203,190,272,271,187,182,207,243,224,201,188,239,199,254,189,238,260,266,212,204,169,221,258,222,243,231,220,188,246,222,227,147,191,190,241,240,201,241,248,237,153,182,193,246,198,223,220,229,201,211,241,226,238,199,195,212,235,212,236,183,151,177,184,185,222,212,182,228,196,163,160,226,212,225,185,201,175,189,220,213,217,204,186,174,160,212,215,209,203,171,208,161,156,152,193,149,181,147,188,202,163,160,184,201,174,194,194,188,132,195,191,191,166,177,177,186,187,167,182,172,171,120,181,178,160,0,152,173,135,150,178,141,177,176,144,162,166,174,171,172,163,140,152,90,159,163,160,166,0,159,161,165,165,160,158,168,165,159,166,156,157,166,153,166,168,149,160,158,167,167,151,147,164,136,155,155,159,161,160,147,154,154,154,151,149,150,134,150,148,146,145,145,132,140,132,135,138,137,138,133,134,134,133,133,124,109,128,127,115,125,123,121,121,118,111,102,114,115,112,111,109,109,108,107,103,106,100,100,101,99,97,95,94,92,88,90,89,87,85,81,82,80,80,78,77,75,73,72,70,69,68,67,64,63,61,59,57,53,54,50,51,48,47,45,43,42,40,40,38,36,34,32,30,29,27,25,23,21,19,17,15,12,12,10,8,6,4,2,0,0,0,0,0,0,0,2,4,6,8,10,12,14,16,18,20,22,24,26,27,30,32,34,36,37,39,41,43,45,46,48,50,52
51,53,53,55,55,59,60,61,62,64,66,68,70,71,72,74,76,78,77,80,80,83,84,83,87,88,91,91,94,94,96,99,99,102,102,104,105,104,108,109,106,113,115,117,90,117,119,121,123,124,123,123,122,125,127,128,127,108,131,130,131,116,133,132,136,138,138,141,143,120,144,125,146,147,149,146,146,150,151,148,153,149,151,144,152,149,150,145,0,150,151,91,142,144,157,157,157,157,150,152,142,162,143,155,151,167,167,162,169,163,163,140,165,174,141,177,169,169,180,177,152,154,180,155,186,187,187,190,160,178,173,171,192,181,195,146,190,195,190,198,201,201,173,190,200,204,206,207,204,178,201,156,209,159,184,194,211,157,152,173,211,194,158,180,185,174,212,212,159,161,191,216,163,216,198,133,215,164,194,197,181,182,215,210,163,169,129,191,180,171,199,181,172,204,215,212,195,174,187,127,198,216,216,181,179,215,99,214,161,214,159,149,186,213,165,136,209,139,213,176,128,142,212,165,164,167,206,199,145,132,214,213,129,123,150,184,165,141,128,180,140,195,129,179,200,206,153,143,109,161,197,161,182,169,159,124,183,159,164,0,129,126,180,181,143,183,192,181,99,128,140,193,148,174,172,182,154,166,197,184,196,159,156,172,196,175,199,148,116,144,152,153,191,182,152,199,168,137,135,201,190,203,163,181,154,170,201,194,200,187,170,159,146,199,203,199,192,162,200,154,149,146,188,145,177,145,185,202,162,161,185,203,176,197,198,192,139,202,199,201,176,188,189,200,202,183,199,189,189,139,201,199,180,182,172,192,157,168,196,160,193,192,159,177,180,190,186,187,178,156,168,167,174,178,176,182,172,176,178,181,179,173,170,180,175,168,175,164,165,173,157,170,171,150,160,159,168,166,149,146,163,134,153,154,160,161,161,146,155,155,156,152,149,151,133,151,149,146,145,144,133,140,134,136,140,138,140,134,137,137,135,136,126,110,129,130,117,127,126,124,123,119,114,102,116,116,114,113,111,111,110,108,105,108,101,102,103,101,99,97,96,94,90,92,91,89,87,83,84,82,82,80,79,77,75,74,72,71,69,69,66,65,63,61,59,55,56,52,53,50,49,47,45,44,42,42,40,38,36,34,32,31,29,27,25,23,21,19,17,13,14,12,10,8,6,4,2,0,0,0,0,0,0,0,2,4,6,8,10,12,14,16,18,20,22,24,25,28,30,32,34,35,37,39,41,43,44,46,48,50
49,51,51,52,53,56,57,58,59,61,63,65,67,68,69,71,73,75,74,77,77,80,81,80,84,85,88,88,91,92,93,97,97,100,100,102,103,102,106,107,103,111,113,115,88,115,117,119,121,122,121,121,120,123,125,126,125,107,129,128,129,115,130,130,134,136,136,139,140,118,142,122,143,145,147,143,143,148,151,148,155,151,154,148,157,156,157,154,158,158,161,101,150,155,166,167,167,166,160,161,152,171,152,164,160,176,176,172,178,172,172,149,174,183,150,185,177,177,188,185,160,163,190,163,195,196,197,198,168,188,181,180,202,191,205,156,199,205,199,208,210,211,182,200,209,214,216,216,214,189,211,167,219,169,195,205,222,169,162,186,224,207,174,196,202,191,229,230,178,181,212,237,185,238,222,155,240,190,220,225,209,210,244,239,193,200,159,222,213,204,233,216,208,239,252,249,233,214,228,167,240,258,258,225,224,260,147,261,209,263,209,199,236,262,215,187,259,189,263,226,180,193,262,218,215,218,258,250,196,184,265,265,181,176,202,237,218,194,180,233,192,247,183,233,253,260,206,196,163,215,251,216,237,224,214,180,240,216,221,141,185,182,234,234,195,235,242,231,147,176,185,240,192,217,214,222,193,204,235,220,232,193,189,205,229,205,230,177,145,171,178,179,216,206,174,222,188,157,154,220,206,219,177,195,167,181,214,207,211,196,179,166,154,205,209,203,197,165,202,155,148,146,185,143,175,141,181,196,156,154,177,195,166,188,188,181,126,189,185,185,158,171,171,180,181,161,176,164,165,112,175,173,153,153,142,161,125,136,165,127,162,160,125,145,149,157,153,154,145,121,133,0,142,147,146,154,144,149,152,155,155,151,149,158,156,150,157,147,148,157,142,157,159,139,151,149,158,158,141,139,157,128,150,152,157,159,158,145,152,153,153,150,148,149,131,149,147,145,144,144,132,139,132,135,138,137,138,133,134,134,133,133,124,107,129,128,116,126,124,122,121,118,112,100,115,115,113,112,110,110,109,108,104,107,101,101,102,100,98,96,95,93,89,91,90,88,86,82,83,81,81,79,78,76,74,73,71,70,68,68,65,64,62,60,58,54,55,51,52,49,48,46,43,43,41,41,39,37,35,33,31,30,28,26,24,22,20,18,16,0,13,12,10,9,7,6,4,2,0,0,0,0,0,0,0,2,4,6,8,10,12,14,16,18,20,22,23,26,28,30,32,33,35,37,39,41,42,44,46,48
47,49,49,52,51,55,56,57,58,60,62,64,66,67,68,70,72,74,73,76,76,79,80,79,83,84,87,87,90,91,92,96,97,99,98,101,102,101,105,106,103,110,112,114,89,114,116,118,120,120,120,120,118,121,124,125,124,108,128,127,128,116,130,129,132,134,135,137,139,116,140,119,141,143,143,141,141,144,146,142,147,144,144,139,146,145,144,140,105,143,144,86,134,137,146,145,145,144,138,138,129,144,125,136,132,145,144,139,144,137,137,111,137,144,110,144,136,133,143,140,112,117,0,113,146,148,149,152,121,141,134,131,154,0,156,108,150,155,152,158,162,162,134,152,162,167,170,171,169,143,166,123,174,123,149,162,177,126,117,142,180,164,131,152,160,148,187,188,134,140,171,195,144,196,181,113,198,149,180,184,169,170,203,199,153,159,118,181,172,163,194,175,168,199,211,208,195,174,188,129,200,218,218,185,184,221,109,222,170,224,169,162,199,225,180,154,224,157,230,193,151,163,232,189,186,191,232,225,170,162,241,242,161,156,183,218,199,175,162,217,176,231,170,219,240,248,196,185,156,207,242,210,231,217,210,175,237,214,219,142,186,183,235,237,199,239,247,236,155,184,193,248,202,227,225,233,205,217,249,235,248,210,208,222,247,224,250,199,168,195,202,204,241,231,201,248,215,184,182,247,234,246,205,224,194,209,242,234,239,224,205,194,183,232,237,233,225,193,232,184,177,176,214,173,205,171,209,226,184,184,205,225,195,217,218,209,157,220,216,216,189,201,202,213,213,194,209,196,198,144,208,206,185,185,175,194,160,170,199,163,197,195,160,181,183,193,190,190,181,159,168,169,177,181,178,186,175,179,181,183,180,176,171,182,177,169,177,166,167,176,157,173,174,150,163,161,170,169,149,147,165,134,154,156,161,163,162,145,156,156,157,153,151,153,133,153,151,148,146,147,133,142,134,137,141,139,141,135,137,137,135,136,125,107,131,131,118,127,127,125,124,120,115,100,117,117,115,115,113,113,113,112,108,111,105,105,106,104,102,100,99,97,92,95,94,92,90,86,87,85,85,83,82,80,78,77,75,74,72,72,69,68,66,64,62,58,59,55,56,53,52,50,47,47,45,45,43,41,39,37,35,34,32,30,28,26,24,22,20,16,17,15,13,11,9,8,6,4,2,0,0,0,0,0,0,0,2,4,6,8,10,12,14,16,18,20,21,24,26,28,30,31,33,35,37,39,40,42,44,46
46,48,48,51,50,54,55,56,57,59,61,63,65,66,67,69,71,73,72,75,75,78,79,78,82,83,86,86,89,91,91,95,96,98,99,100,101,100,104,105,101,108,110,111,88,113,115,116,118,119,117,118,117,120,122,123,122,107,126,125,126,114,127,127,131,133,132,135,136,114,138,118,139,141,143,139,139,144,147,143,150,147,150,144,153,152,153,150,155,154,157,100,148,153,162,163,163,162,158,157,150,167,148,159,156,171,171,167,173,167,167,144,168,178,144,179,172,171,183,180,154,160,185,157,189,190,191,192,162,182,175,174,196,187,199,152,195,199,193,202,204,205,176,194,203,208,210,210,208,183,205,163,213,163,189,200,216,165,156,180,218,201,170,190,197,185,223,224,172,176,207,231,181,232,217,149,234,186,215,221,204,206,238,233,189,194,153,216,207,198,228,210,204,232,244,241,226,205,220,158,229,246,245,211,210,245,134,245,192,245,191,183,218,244,199,172,240,173,245,207,165,177,243,201,196,200,241,233,177,168,247,246,165,161,185,220,201,174,161,215,173,229,167,215,234,242,189,177,146,197,232,198,219,205,197,160,222,198,203,125,168,163,215,216,178,217,224,213,130,159,166,222,175,199,197,203,174,185,217,202,213,175,171,185,210,185,211,159,128,153,160,161,197,187,152,203,168,139,136,201,188,201,157,177,147,161,196,188,192,175,158,145,135,184,190,184,177,146,183,136,127,127,162,124,156,122,160,177,135,135,155,175,144,167,167,158,105,168,164,164,135,149,149,159,160,140,155,141,144,88,154,151,130,130,118,137,104,112,143,105,140,138,101,122,125,134,130,131,122,99,0,102,119,125,124,132,122,127,131,134,134,130,127,138,135,129,137,126,128,137,120,137,139,118,132,129,139,139,121,121,139,108,132,134,140,142,142,128,138,140,141,139,138,139,120,141,140,139,139,140,129,137,131,134,137,137,137,133,134,134,133,132,124,104,129,128,116,127,125,122,122,119,113,99,117,117,115,114,113,113,112,111,107,109,104,104,105,103,101,99,98,96,92,94,93,91,89,85,86,84,84,82,81,79,77,76,74,73,0,71,69,68,67,65,63,59,60,56,57,54,53,51,48,48,46,46,44,42,40,38,37,36,34,32,30,28,26,24,22,18,19,17,15,13,11,10,8,6,4,2,0,0,0,0,0,0,0,2,4,6,8,10,12,14,16,18,19,22,24,26,28,30,32,34,36,38,39,41,43,45
44,46,46,49,48,52,53,54,55,57,59,61,63,64,65,67,69,71,70,73,73,76,77,76,80,81,84,84,87,89,89,93,94,96,97,98,99,98,102,103,101,107,109,111,88,112,114,116,118,119,118,118,117,120,122,123,122,108,126,125,126,115,128,127,131,133,133,136,137,114,138,0,139,141,143,139,139,144,147,144,151,148,150,145,154,153,154,151,156,155,158,102,151,155,164,164,164,164,160,159,153,169,150,162,159,174,174,170,177,170,171,147,173,182,149,185,178,177,189,186,160,166,191,163,195,197,197,199,170,188,182,180,203,195,206,160,203,206,201,209,211,212,183,202,211,215,218,218,217,191,214,172,221,171,197,211,224,175,165,188,227,210,179,199,207,194,232,233,181,187,218,240,191,241,228,158,243,196,226,231,215,217,249,244,201,204,163,226,217,208,239,220,215,243,257,254,241,221,235,175,247,264,264,229,229,266,156,267,214,268,214,208,243,270,227,200,269,203,275,237,197,209,276,236,231,236,278,270,213,207,285,285,206,202,227,263,244,216,205,261,218,275,214,263,283,292,239,227,199,249,283,251,271,256,249,211,274,251,255,178,221,215,267,270,231,270,278,266,184,213,219,275,229,253,250,257,227,239,272,257,269,231,227,240,266,240,267,215,183,209,216,217,253,243,209,259,224,194,193,258,244,257,213,234,203,217,252,245,249,232,214,202,193,241,247,242,234,203,241,194,184,185,221,182,214,180,217,235,192,193,213,234,202,226,227,217,166,229,225,225,196,210,211,221,222,202,217,202,206,150,216,212,193,193,180,199,167,174,206,168,203,201,164,187,189,199,195,194,186,163,173,174,182,186,183,191,180,184,186,189,186,181,177,187,183,175,181,170,171,180,160,178,178,153,168,165,174,173,152,152,170,137,160,161,165,167,166,149,160,160,161,157,155,156,135,156,154,152,149,151,137,146,137,141,144,143,144,139,140,140,139,139,129,108,134,133,121,130,129,127,125,123,117,101,120,120,118,117,115,115,114,113,109,112,106,106,107,105,103,101,100,98,93,96,95,93,91,87,88,86,86,84,83,81,79,78,76,75,72,73,70,69,67,65,63,59,60,56,57,54,53,51,0,48,46,46,45,43,41,39,37,36,34,32,30,29,27,26,24,20,21,19,17,15,13,12,10,8,6,4,2,0,0,0,0,0,0,0,2,4,6,8,10,12,14,16,16,19,21,23,25,27,29,31,33,35,36,38,40,42
43,45,45,48,47,51,52,53,54,56,58,60,62,63,64,66,68,70,69,72,72,75,76,75,79,80,83,83,86,88,88,92,93,95,95,96,97,0,100,101,99,105,107,109,88,110,113,114,116,117,116,116,115,118,120,121,120,107,124,123,124,114,126,125,128,131,131,134,135,112,137,117,138,139,140,138,138,141,144,141,147,145,147,142,150,150,150,147,153,151,154,100,146,153,159,159,160,160,156,155,150,164,145,157,154,168,168,164,170,165,165,141,166,175,142,176,170,168,180,178,152,160,183,155,186,187,187,190,160,178,173,170,193,187,196,152,195,196,192,199,202,202,174,191,201,205,207,208,205,179,202,162,210,159,185,199,213,165,152,177,215,198,169,186,195,182,220,220,168,175,205,228,180,228,215,143,228,182,210,214,198,199,228,223,181,182,140,203,193,184,214,194,190,216,228,224,212,191,205,144,215,229,229,194,193,228,120,228,175,228,173,167,201,227,184,157,224,159,228,191,150,162,227,186,180,186,226,218,160,153,230,230,150,147,170,205,186,156,144,200,156,212,152,200,217,227,174,159,132,182,215,183,204,188,182,143,207,183,188,111,153,146,199,202,163,202,210,198,116,144,150,207,160,185,182,187,157,168,202,187,198,160,156,168,195,168,196,144,113,138,145,146,182,172,137,188,152,124,121,187,174,186,139,162,129,142,180,172,176,157,140,127,119,167,174,168,160,129,166,118,107,110,0,108,141,108,145,166,123,126,146,168,137,163,165,156,106,169,167,169,138,156,157,169,171,153,169,154,160,104,172,171,151,153,139,160,129,137,171,135,170,169,131,156,160,170,167,169,160,139,148,151,160,164,163,171,161,166,169,172,171,166,163,174,171,165,172,163,164,173,153,172,174,149,163,162,171,169,147,147,166,132,157,157,164,165,164,146,158,159,159,156,153,155,133,155,153,151,149,150,137,145,136,140,144,142,144,139,140,140,139,139,129,106,134,133,121,131,130,127,126,124,118,100,121,121,120,119,117,117,115,116,112,115,109,109,110,108,106,104,103,101,96,99,98,96,94,90,91,89,89,87,86,84,82,81,79,78,75,76,73,72,70,67,66,62,63,59,60,57,56,54,50,51,49,49,47,45,43,41,39,38,36,34,32,31,29,28,26,22,23,21,19,17,15,14,12,10,8,6,4,2,0,0,0,0,0,0,0,2,4,6,8,10,12,14,16,18,20,22,24,26,28,30,32,34,35,37,39,41
41,43,43,46,45,49,51,51,53,55,57,59,61,62,63,65,67,69,68,71,70,74,75,74,78,79,82,82,85,87,87,91,92,94,95,96,97,97,100,101,99,105,107,109,89,110,112,114,116,117,116,116,115,118,120,121,120,109,124,123,124,115,126,125,129,130,131,133,135,112,136,119,138,139,140,138,137,142,145,141,148,146,148,142,151,150,151,148,153,152,154,100,145,150,156,155,154,153,149,146,142,154,135,146,142,156,155,150,155,148,147,122,147,155,120,155,147,144,155,152,124,131,155,0,158,160,161,163,133,153,146,145,168,161,171,127,169,171,167,174,177,177,148,167,176,181,184,185,184,157,181,140,187,137,163,178,190,144,130,155,193,176,148,165,175,160,198,199,145,155,185,206,159,207,195,123,209,164,194,199,183,185,215,211,169,170,129,192,183,174,206,186,183,210,223,220,209,188,203,142,214,230,230,196,195,232,126,233,180,235,179,176,209,236,194,168,235,171,241,203,164,177,242,202,196,203,244,235,177,172,247,247,169,164,188,223,203,174,161,218,174,230,170,218,236,245,193,178,151,201,234,202,223,207,201,162,226,202,207,130,173,165,217,221,183,221,228,217,135,164,168,226,180,203,201,206,176,188,221,207,218,181,177,188,216,188,217,166,133,160,167,167,203,192,0,208,171,143,143,208,197,210,165,189,156,172,208,202,207,190,173,161,155,202,211,207,199,170,209,163,152,156,191,154,187,154,189,211,166,170,189,212,179,205,206,196,148,211,209,210,179,196,197,209,211,192,208,192,198,142,210,207,188,189,175,195,165,170,204,166,201,200,160,185,187,197,194,193,185,162,169,174,180,185,183,190,180,184,186,188,185,181,175,187,183,174,181,170,171,180,158,178,178,152,168,165,174,173,151,149,169,134,159,161,166,168,167,148,161,161,162,158,157,158,134,158,157,153,152,153,139,148,138,143,147,145,147,141,143,143,142,142,131,108,138,135,125,133,133,131,129,126,120,101,123,124,121,121,119,118,117,117,113,116,109,110,109,109,107,105,104,102,95,100,99,97,95,91,92,90,90,88,87,85,83,82,80,79,76,77,74,73,71,68,67,63,64,60,61,58,57,55,51,52,50,50,48,46,44,43,41,40,38,36,34,33,31,30,28,24,25,23,21,19,17,16,14,12,10,8,6,4,2,0,0,0,0,0,0,0,2,4,6,8,10,12,14,16,18,20,22,24,26,28,30,32,33,35,37,39
39,41,41,44,43,47,49,49,51,53,55,57,59,60,61,63,65,67,66,69,69,72,73,72,76,77,80,80,83,85,85,89,90,92,92,94,94,95,98,99,97,103,104,106,89,108,111,113,115,114,114,113,113,115,117,118,117,107,121,120,121,113,123,122,125,127,128,130,132,108,133,117,134,136,136,134,134,137,139,137,142,140,141,136,142,142,141,137,142,140,141,90,134,140,144,143,143,142,136,136,132,142,123,134,130,143,143,137,143,137,137,111,137,145,109,145,137,134,144,142,115,124,144,115,145,146,145,147,115,134,127,123,145,139,145,102,143,143,138,143,146,144,116,133,140,144,145,144,140,113,135,95,140,88,113,126,138,92,74,99,139,0,93,110,122,105,145,146,91,103,134,155,108,156,146,72,159,114,145,149,134,136,165,162,120,122,79,145,135,127,159,139,137,164,176,174,163,144,158,95,170,184,183,150,150,188,82,189,136,191,135,132,165,192,151,122,189,124,193,154,115,126,191,151,142,150,188,181,120,116,191,190,112,107,131,166,145,115,0,163,117,175,116,166,183,193,143,127,104,155,186,158,180,163,159,119,186,163,169,93,135,129,181,187,149,189,197,186,105,134,139,198,152,178,175,181,151,163,200,187,199,161,159,170,198,172,201,150,120,146,154,155,193,183,149,201,164,137,137,202,190,203,158,182,149,164,202,195,201,181,165,153,147,194,203,200,190,161,201,154,143,147,183,145,178,145,180,202,157,161,180,203,170,197,198,187,140,202,199,201,170,187,189,200,201,183,198,181,189,131,200,199,179,180,165,185,155,160,194,158,191,190,151,175,178,188,184,185,175,154,162,165,172,176,173,181,171,174,178,178,177,172,167,179,174,165,173,163,163,171,150,168,170,143,159,158,167,165,142,141,162,125,152,153,159,160,159,139,154,154,155,151,148,151,125,150,150,145,146,145,132,141,132,136,142,139,141,136,138,139,137,139,128,103,133,131,122,130,130,128,126,123,117,96,119,120,118,119,117,116,116,116,110,115,108,109,109,108,107,104,103,103,97,101,100,99,97,93,94,92,92,89,89,87,85,84,81,81,78,78,76,75,73,70,69,65,66,62,63,60,59,57,53,54,52,52,50,48,46,45,43,42,40,38,36,35,33,32,30,26,27,25,23,21,19,18,16,14,12,10,8,6,4,2,0,0,0,0,0,0,0,2,4,6,8,10,12,14,16,18,20,22,24,26,28,30,31,33,35,37
37,39,40,42,41,45,47,47,49,51,53,55,57,58,59,61,63,65,64,67,67,70,71,70,74,75,78,78,81,83,83,87,88,90,91,92,93,93,96,97,95,100,101,103,66,0,107,109,109,111,110,110,109,112,115,116,114,106,119,118,119,112,121,120,124,126,125,128,130,106,131,116,133,134,136,133,133,137,140,138,144,141,143,138,147,147,147,144,150,148,151,101,144,152,157,157,158,157,154,153,150,162,143,156,152,167,167,163,170,164,165,140,167,174,141,177,170,168,180,178,153,162,184,156,187,189,189,191,162,180,175,172,195,191,198,156,197,198,194,201,203,204,175,194,204,208,211,211,209,183,206,169,214,163,189,203,217,172,155,180,219,203,175,190,202,185,224,225,172,182,212,232,186,233,222,148,235,191,220,226,209,211,239,234,195,195,153,217,208,199,230,211,209,234,247,244,235,214,229,166,240,254,254,220,220,256,152,257,205,258,204,201,234,260,220,194,259,197,265,228,190,203,266,229,221,229,268,263,203,200,275,275,199,196,221,255,237,206,194,253,206,262,205,252,268,278,227,210,187,235,266,237,257,239,236,194,260,237,241,166,208,198,250,255,218,256,263,252,170,199,201,260,215,238,236,239,209,221,257,242,254,217,213,222,251,222,252,201,170,195,202,203,238,228,193,244,206,180,179,243,230,243,195,220,185,198,237,230,234,214,196,184,179,223,233,227,217,189,226,180,166,171,205,168,200,166,199,221,174,179,195,220,184,211,212,199,153,215,211,211,177,195,195,206,207,187,202,183,191,130,201,197,177,177,161,180,152,156,191,154,188,187,145,172,174,184,180,179,170,148,156,159,166,170,167,176,164,169,171,174,171,166,161,172,168,160,166,155,155,164,140,162,162,134,152,149,158,157,132,132,154,115,144,145,149,151,150,129,144,144,145,141,139,140,113,140,139,133,134,135,121,130,119,124,128,125,128,122,125,124,123,123,112,0,118,113,105,116,116,115,114,113,109,88,114,117,115,117,116,117,118,119,116,119,112,113,113,112,110,108,107,105,99,103,102,100,98,94,95,93,93,91,90,88,86,85,82,82,79,80,77,77,75,72,71,67,68,64,65,62,61,59,55,56,54,54,52,50,48,47,45,44,42,40,38,37,35,34,32,28,29,27,25,23,21,20,18,16,14,12,10,8,6,4,2,0,0,0,0,0,0,0,2,4,6,8,10,12,14,16,18,20,22,24,26,28,29,31,33,35
35,37,38,40,39,43,45,45,47,49,51,53,55,56,58,60,62,64,63,66,66,69,70,69,73,74,77,77,80,82,82,86,87,89,90,91,92,93,95,96,94,100,102,104,88,105,108,110,112,113,112,112,111,114,117,118,117,109,121,120,121,115,123,123,126,129,129,132,134,110,135,121,137,138,139,137,137,140,143,141,147,144,146,142,150,150,150,147,153,151,153,106,147,156,159,159,160,160,157,155,154,164,145,158,155,169,169,165,172,166,167,142,169,177,142,179,173,171,183,181,155,165,186,158,188,189,189,190,160,177,171,168,189,186,190,149,189,188,184,189,192,190,162,180,187,191,192,191,188,160,183,145,189,137,162,177,188,144,125,149,188,172,143,156,169,150,188,189,0,145,175,195,150,196,186,112,199,156,186,191,175,177,205,201,161,160,118,183,173,165,198,176,176,201,215,212,203,182,197,133,208,222,222,188,187,225,122,226,173,228,172,170,202,229,189,163,228,166,234,196,160,172,236,199,189,199,238,233,172,171,245,246,170,166,192,226,207,176,164,225,179,235,179,227,244,254,205,187,167,215,246,218,239,221,219,177,245,222,227,154,195,186,239,245,208,247,255,244,165,193,195,256,211,235,234,237,208,221,257,243,256,219,217,226,255,228,258,208,179,204,211,213,249,239,207,256,218,193,192,255,243,255,208,233,197,212,250,242,247,226,209,196,192,236,246,241,230,202,240,194,180,185,220,182,214,180,213,235,188,193,209,234,198,225,226,213,168,229,225,225,192,209,210,222,222,203,218,198,207,145,217,215,193,194,178,197,170,172,208,172,206,204,163,190,191,202,199,199,190,168,174,179,185,190,187,195,184,188,191,192,189,185,179,192,186,178,185,175,176,185,160,182,183,153,172,170,178,178,152,152,175,135,165,165,170,172,171,148,165,165,166,162,159,161,133,161,160,153,155,155,141,151,139,146,151,148,150,145,146,147,145,146,134,107,140,135,128,136,136,134,131,129,123,0,126,127,125,126,124,123,122,122,117,121,114,115,115,114,112,109,108,107,101,105,104,102,100,96,97,95,95,92,92,90,88,87,84,84,81,82,79,78,76,73,72,69,70,66,67,64,63,61,57,58,56,56,54,52,50,49,47,46,44,42,40,39,37,36,34,30,31,29,27,25,23,22,20,18,16,14,12,10,8,6,4,2,0,0,0,0,0,0,0,2,4,6,8,10,12,14,16,18,20,22,24,26,27,29,31,33
33,35,36,38,37,41,43,43,45,47,49,51,53,54,56,58,60,62,61,64,64,67,68,67,71,72,75,75,78,80,81,84,85,87,88,89,90,91,93,94,93,98,100,102,87,104,106,108,110,111,110,110,109,112,115,115,115,109,119,118,119,114,121,122,125,127,127,130,131,108,133,120,134,136,138,134,134,139,142,140,146,143,145,140,149,149,149,146,152,150,153,106,147,156,159,159,160,159,156,155,154,164,145,158,154,169,169,165,172,166,166,142,168,176,143,178,172,170,182,180,154,166,185,159,188,189,190,192,162,181,175,173,195,193,198,158,197,198,194,201,204,204,176,195,203,208,210,210,208,182,206,170,213,162,188,202,216,173,154,179,218,204,176,189,203,184,223,224,173,182,213,231,187,232,221,147,234,192,221,227,210,212,238,234,196,194,152,216,207,198,229,210,209,233,246,243,236,215,230,165,241,253,253,219,220,256,154,257,204,258,203,200,232,260,221,194,259,198,264,227,191,203,266,230,219,229,266,261,199,197,270,270,194,190,215,249,229,196,185,244,196,253,196,244,259,267,218,200,178,227,257,228,249,230,226,184,252,228,233,158,199,188,240,246,208,247,254,243,161,190,190,252,205,229,226,228,198,209,247,232,244,206,202,211,241,211,242,190,160,184,191,192,228,218,183,234,194,170,168,232,218,231,182,208,172,186,226,219,223,201,185,170,167,211,221,216,204,177,215,169,153,159,194,156,188,154,187,209,162,167,183,208,172,200,200,187,141,202,198,198,164,183,183,193,194,174,189,168,178,115,188,185,165,165,148,167,140,142,178,142,175,174,131,159,162,171,167,167,158,136,143,147,154,158,155,163,152,156,159,160,158,152,147,157,153,144,151,141,141,149,124,146,147,116,136,105,0,142,115,116,141,101,133,135,142,144,144,123,141,142,144,142,140,144,116,145,146,138,143,144,132,141,130,138,144,143,145,142,144,146,145,145,135,107,141,135,129,137,137,135,132,130,125,101,128,128,126,126,124,123,122,122,117,121,114,115,115,114,112,109,108,107,101,105,104,102,100,96,97,95,95,93,92,90,88,87,0,84,81,82,80,80,78,75,74,70,71,67,68,65,64,62,58,59,57,57,55,53,51,50,48,47,45,44,42,41,39,38,36,32,33,31,29,27,25,24,22,20,18,16,14,12,10,8,6,4,2,0,0,0,0,0,0,0,2,4,6,8,10,12,14,16,18,20,22,24,25,27,29,31
31,33,34,36,35,39,41,41,43,45,47,49,51,52,54,56,58,60,59,62,62,65,66,65,69,70,73,73,76,78,79,82,83,85,86,87,88,89,91,92,91,96,98,100,87,102,104,106,107,108,107,107,106,108,111,110,108,102,111,0,110,99,112,113,116,118,118,121,123,98,124,113,126,127,129,126,127,130,133,131,137,135,136,131,140,139,139,136,142,140,143,97,137,147,148,149,149,149,146,144,146,153,135,147,144,158,158,154,160,155,155,131,156,165,131,167,161,159,170,169,143,155,173,149,177,178,178,181,151,169,164,161,184,183,187,148,186,187,184,190,193,193,165,184,192,196,199,199,197,171,194,160,202,150,176,192,204,163,143,167,206,194,166,177,192,172,210,210,161,169,198,215,172,214,204,128,214,174,201,206,189,190,215,210,172,168,126,189,179,171,201,180,181,202,215,211,203,182,196,129,206,216,216,180,180,215,115,215,161,215,158,156,186,214,175,147,210,149,214,176,140,152,213,177,166,176,212,208,145,144,216,216,141,137,162,195,176,141,132,190,142,198,142,190,203,213,164,144,125,172,201,173,193,173,171,126,195,171,176,101,142,130,183,190,152,190,197,185,105,132,132,194,148,172,169,170,140,151,189,174,185,147,143,150,181,150,181,0,99,125,133,135,172,163,130,181,141,119,118,183,172,186,135,165,127,143,185,179,185,162,147,133,132,176,188,184,173,147,186,141,125,133,169,132,164,132,163,189,141,149,164,191,155,184,186,173,129,191,188,190,155,176,177,190,192,173,189,169,179,116,191,188,169,170,153,173,148,149,189,153,188,187,144,174,176,188,185,185,177,156,165,170,177,181,179,189,178,183,188,189,187,182,178,190,184,176,183,173,174,181,157,179,180,150,169,168,176,175,148,147,172,131,162,163,169,170,170,146,164,164,165,161,158,161,131,160,160,152,154,155,142,150,137,146,151,148,150,145,147,148,146,147,136,109,141,135,130,138,138,136,133,131,126,103,129,129,127,127,125,124,123,124,119,123,116,117,116,116,114,111,110,109,103,106,106,104,102,98,99,97,97,95,94,92,90,89,86,86,83,84,81,81,79,76,75,71,72,68,69,66,65,63,59,60,58,58,56,54,52,51,49,48,46,45,43,42,40,39,37,33,34,32,29,29,27,26,24,22,20,18,16,14,12,10,8,6,4,2,0,0,0,0,0,0,0,2,4,6,8,10,12,14,16,18,20,22,23,25,27,29
29,31,32,34,33,37,39,39,41,43,45,47,49,50,52,54,56,58,57,60,60,63,65,63,68,69,72,72,75,77,78,81,82,84,85,86,87,88,90,91,90,95,97,99,87,101,103,105,107,108,107,107,106,109,112,113,112,108,116,115,116,113,118,119,122,124,124,127,129,105,130,120,132,133,135,132,133,136,139,136,143,140,142,136,145,145,145,142,148,146,149,104,143,152,154,154,156,155,153,151,153,160,141,153,150,165,165,161,168,162,162,138,164,172,137,174,167,165,177,176,149,162,179,155,180,181,181,182,152,169,163,160,181,181,183,144,181,180,176,180,184,182,153,172,178,182,184,183,180,153,176,141,182,130,155,170,181,140,117,141,181,168,139,149,165,0,183,184,135,146,174,191,151,192,183,108,195,156,185,190,174,176,201,197,161,157,115,180,170,162,195,173,175,196,210,207,201,180,195,128,206,217,217,183,183,220,121,221,167,222,167,165,196,224,186,161,223,164,229,190,158,170,230,196,184,195,233,229,166,167,239,240,166,163,188,222,203,170,161,220,172,229,174,223,237,247,200,179,161,210,239,212,234,214,213,170,239,216,221,148,188,176,228,236,198,236,244,232,153,180,179,241,196,219,217,218,187,199,238,222,235,197,194,201,231,201,233,182,152,176,183,184,219,209,175,225,185,161,160,224,211,224,173,201,163,177,218,211,215,192,175,161,160,202,214,208,196,169,207,162,145,152,187,149,181,147,178,202,153,160,173,200,162,191,192,177,133,194,190,190,154,174,174,185,185,165,180,0,169,40,181,179,159,160,143,163,139,139,179,143,178,177,134,164,167,178,175,177,169,147,154,160,167,172,171,180,169,174,178,180,178,175,170,183,179,171,178,170,171,180,155,179,181,150,172,171,179,179,150,150,175,133,166,166,172,173,173,148,167,167,168,165,161,164,133,163,162,154,157,158,144,154,139,149,154,151,154,149,150,151,149,150,138,112,144,136,133,141,141,138,135,134,128,106,132,132,130,130,128,127,126,126,120,125,118,119,119,118,116,113,112,111,105,109,108,106,104,100,101,99,99,97,96,94,92,91,88,88,85,86,83,83,81,78,77,73,74,70,71,68,67,65,61,62,60,60,58,56,54,53,51,50,48,47,45,44,42,42,40,36,37,35,32,31,29,28,26,24,22,20,18,16,14,12,10,8,6,4,2,0,0,0,0,0,0,0,2,4,6,8,10,12,14,16,18,20,21,23,25,27
27,29,30,32,31,35,37,37,39,41,43,45,47,48,50,52,54,55,54,57,0,60,62,61,65,66,69,69,72,74,75,78,79,81,82,83,84,85,87,88,87,92,94,96,85,98,100,102,104,105,104,104,103,106,109,110,109,106,113,112,113,111,115,116,119,121,121,124,126,101,127,118,129,130,132,129,130,133,136,134,140,138,139,134,143,143,143,140,146,144,147,104,142,151,153,153,155,154,150,149,152,157,139,151,149,162,163,158,165,160,160,136,162,171,137,173,167,165,176,175,150,163,179,157,182,184,184,186,157,175,170,167,189,190,192,155,192,192,190,195,199,198,170,190,197,200,202,201,198,171,195,161,200,148,173,188,199,160,135,159,199,186,159,167,183,161,199,199,152,160,189,204,163,203,193,117,203,164,192,196,179,180,203,198,161,155,112,176,166,157,188,166,169,188,201,197,190,169,183,112,193,201,200,0,162,201,101,202,148,204,147,145,177,205,169,142,205,146,211,172,140,152,213,179,167,180,215,213,149,152,224,225,152,148,174,208,189,154,147,207,157,215,161,210,224,232,187,166,149,198,226,201,222,202,202,156,228,205,210,138,178,166,219,228,192,230,239,228,149,177,176,240,195,219,218,218,188,201,241,226,240,203,201,207,239,209,242,191,163,186,195,197,234,224,191,242,200,179,177,243,231,245,193,224,184,200,243,236,242,218,202,189,189,231,245,240,226,203,241,196,179,188,224,186,217,184,214,239,189,197,210,238,198,229,230,214,172,233,229,230,193,214,215,226,227,208,222,202,212,145,222,219,198,199,179,199,175,173,213,177,211,209,164,195,196,207,204,203,194,172,180,184,190,194,191,200,189,193,197,197,195,191,185,197,192,184,191,181,182,190,162,187,189,156,178,176,184,184,154,153,180,137,170,171,177,178,177,152,172,172,172,168,166,168,136,167,167,156,161,162,148,157,141,152,156,154,156,151,152,153,151,152,141,114,146,137,135,142,143,140,137,136,130,108,133,134,132,132,130,129,128,128,122,127,119,121,121,120,118,115,114,113,107,111,110,108,106,102,103,101,101,99,98,96,93,93,90,90,87,88,85,85,83,80,79,75,76,72,73,70,69,67,63,64,62,62,60,58,56,55,53,52,50,49,47,46,44,44,42,38,39,37,34,33,31,30,28,26,24,22,20,18,16,14,12,10,8,6,4,2,0,0,0,0,0,0,0,2,4,6,8,10,12,14,16,18,19,21,23,25
25,27,29,31,30,34,36,36,38,40,42,44,46,47,49,51,53,55,54,57,57,60,62,61,65,66,69,69,72,74,75,77,78,80,82,83,84,85,87,88,86,92,94,96,86,98,100,102,104,105,104,104,103,105,108,109,108,106,112,110,111,107,111,109,111,111,110,110,112,0,112,61,114,116,118,114,115,118,121,119,123,122,124,118,127,127,127,124,130,128,130,88,125,133,135,136,137,136,134,132,136,141,122,135,133,146,147,142,149,144,144,120,146,155,119,157,151,149,160,159,132,145,161,137,162,163,162,164,134,151,145,142,163,163,164,127,163,162,158,163,166,164,136,154,161,165,166,165,162,133,157,124,162,110,135,150,161,122,97,121,160,148,120,129,144,121,160,160,112,121,149,163,122,162,151,74,161,122,149,154,137,138,160,154,118,112,68,134,0,115,148,126,131,152,166,163,158,138,153,83,164,174,175,140,141,178,81,179,126,181,125,124,155,182,147,120,182,124,188,150,119,131,190,157,145,158,194,191,128,130,201,201,130,127,152,187,167,132,125,185,135,192,139,188,200,210,165,143,127,176,202,178,200,177,179,132,205,182,188,116,155,143,195,206,169,208,216,205,127,154,152,217,172,197,195,194,166,178,218,203,217,180,178,183,216,185,219,169,141,163,173,174,211,201,168,219,177,157,154,220,209,222,171,201,161,177,220,213,219,195,178,165,167,207,222,218,204,180,219,175,156,167,202,165,197,165,193,221,170,181,193,222,183,215,216,200,161,221,218,220,183,205,206,218,219,199,214,195,203,136,214,210,190,191,170,190,168,164,205,170,202,202,156,187,188,199,196,195,185,165,173,177,182,186,183,193,181,185,190,190,187,184,177,188,185,176,183,175,175,183,155,179,182,148,170,170,178,177,146,145,174,129,163,164,171,172,171,145,166,166,167,163,160,163,129,162,162,150,156,157,143,153,136,147,152,150,152,148,149,151,149,151,139,113,145,134,134,140,142,139,135,135,129,107,131,133,131,131,128,128,127,127,120,126,119,121,121,120,119,116,115,114,108,112,111,110,108,104,105,103,103,101,100,98,95,95,92,92,89,90,87,87,85,82,81,77,78,74,75,72,71,69,65,66,64,64,62,60,58,57,55,54,52,51,49,48,46,46,44,40,41,39,36,35,33,32,30,28,26,24,22,20,18,16,14,12,10,8,6,4,2,0,0,0,0,0,0,0,2,4,6,8,10,12,14,16,17,19,21,23
23,24,26,27,0,30,32,32,34,36,38,40,42,43,45,47,49,51,50,53,53,56,58,57,61,62,65,65,68,70,71,74,75,77,78,79,80,81,83,84,83,88,89,91,83,94,96,98,100,99,99,98,98,100,103,104,103,102,107,107,107,105,109,110,112,114,114,116,118,95,119,112,120,122,123,120,121,124,127,124,129,129,129,124,131,131,130,126,131,130,130,89,124,132,133,132,133,131,127,126,128,132,111,123,120,133,133,127,133,127,126,99,126,134,96,134,126,123,133,130,103,118,132,110,133,134,134,135,104,122,115,111,133,132,134,97,132,131,126,131,133,132,103,121,127,131,131,131,127,100,122,90,127,75,100,114,123,87,59,0,125,113,89,98,115,93,132,133,88,98,128,142,105,144,135,59,147,111,138,145,130,133,155,152,118,112,69,134,125,117,150,128,134,153,166,163,160,140,155,83,165,174,173,140,140,178,82,179,125,181,124,123,154,182,148,121,182,125,188,149,119,131,190,158,144,159,194,190,127,131,201,201,131,127,153,188,168,131,126,186,134,191,140,188,200,210,166,142,128,177,202,179,201,177,180,132,206,183,189,117,156,143,195,207,170,208,217,206,128,155,152,218,173,198,196,194,165,177,219,202,218,181,179,183,217,185,220,170,142,162,174,175,212,202,169,220,177,157,153,221,210,223,170,202,160,176,220,214,220,194,178,164,168,207,223,219,204,181,220,176,155,168,203,166,198,166,193,222,170,182,193,223,182,215,217,200,162,222,219,220,180,204,205,216,217,197,212,193,201,132,212,208,188,189,166,187,166,160,203,168,200,200,152,185,185,197,194,193,183,162,170,175,180,184,181,191,179,183,187,188,185,181,175,184,182,174,180,172,173,181,150,177,179,144,168,167,175,175,142,141,171,124,160,161,168,169,168,140,163,163,162,160,157,160,124,159,159,145,153,154,140,150,132,144,147,147,149,145,146,147,146,147,135,110,142,129,131,136,139,136,132,132,126,104,128,130,128,129,126,126,126,126,119,126,117,120,120,119,118,115,114,113,107,111,110,109,107,103,104,102,102,100,99,97,93,94,91,91,88,89,87,87,85,83,82,78,79,75,76,73,72,70,66,67,65,64,63,62,60,59,57,56,54,53,51,50,48,47,46,42,43,41,38,37,35,34,32,30,28,26,24,22,20,18,16,14,12,10,8,6,4,2,0,0,0,0,0,0,0,2,4,6,8,10,12,14,15,17,19,21
22,24,26,28,27,31,33,33,35,37,39,41,43,44,46,48,50,52,51,54,54,57,59,58,62,63,66,66,69,71,72,74,75,77,78,79,80,81,83,84,83,88,90,92,84,94,96,98,100,101,100,100,99,102,105,106,105,105,109,109,109,107,111,112,115,117,117,120,121,71,122,0,123,125,127,123,126,128,131,129,132,129,130,0,133,133,133,130,136,135,137,97,132,141,143,143,145,144,142,140,146,149,129,143,141,154,155,151,158,152,153,127,155,164,128,166,160,158,170,168,142,158,173,152,176,178,178,181,151,169,164,161,184,184,187,152,186,187,185,190,194,193,165,185,193,198,201,202,200,173,198,167,204,153,179,195,207,171,146,170,210,198,174,181,200,177,215,216,172,180,210,223,185,224,214,139,226,190,216,224,207,210,232,228,195,187,146,209,200,192,223,203,208,226,240,237,234,213,228,157,239,247,247,212,213,250,155,251,198,252,197,194,226,254,219,193,253,196,259,220,191,203,261,229,214,229,262,259,196,201,270,270,201,197,222,256,237,200,196,254,202,260,209,256,268,277,235,211,196,244,270,246,268,245,247,199,273,250,256,185,224,210,262,273,238,275,284,273,195,223,219,284,240,263,260,258,228,240,281,263,278,242,239,241,275,242,276,227,198,216,228,229,263,253,220,269,225,206,200,268,256,268,213,246,203,217,262,254,259,234,216,200,206,243,259,254,236,215,253,208,186,199,233,196,227,194,220,248,195,207,216,247,204,237,238,220,182,242,238,238,198,221,222,234,235,215,230,209,219,147,229,224,204,206,182,202,183,176,220,184,217,216,167,202,201,213,210,207,198,176,185,190,194,198,195,206,193,198,202,203,198,196,189,197,197,187,193,185,187,196,163,192,194,156,182,181,189,189,154,153,185,136,173,175,181,183,182,152,176,176,174,172,170,172,134,172,171,156,163,166,150,161,140,155,156,156,159,155,155,157,155,156,143,118,150,135,139,144,147,144,139,140,134,112,137,138,136,136,132,133,132,130,125,131,122,125,125,124,122,119,118,117,110,115,114,111,110,106,107,105,105,103,102,100,96,97,94,94,91,92,89,89,87,84,83,79,80,76,77,74,73,71,67,68,66,66,64,63,61,60,58,57,55,54,52,51,49,49,47,43,44,42,39,38,36,35,33,31,29,27,25,23,21,19,16,16,14,12,10,8,6,4,2,0,0,0,0,0,0,0,2,4,6,8,10,12,14,16,18,20
20,22,24,26,26,29,31,31,33,35,37,39,41,42,44,46,48,50,49,52,53,55,57,56,60,61,64,64,67,69,70,73,74,76,78,79,80,81,83,84,82,88,90,92,84,94,96,98,100,101,100,100,99,102,105,106,105,105,109,109,109,107,111,110,114,116,116,119,121,99,122,116,124,125,127,124,125,128,131,129,135,132,134,130,137,137,137,134,140,139,141,101,135,145,147,147,149,148,145,143,149,153,132,146,143,158,158,154,161,155,154,130,156,165,130,167,160,159,170,168,142,159,174,153,177,178,179,180,151,170,164,162,184,184,187,152,186,187,182,190,192,193,164,183,191,196,198,198,197,171,194,165,202,151,177,191,204,168,141,168,206,195,171,178,195,174,211,212,169,176,206,219,182,220,210,134,222,187,211,220,203,205,227,222,191,183,140,204,197,186,218,198,204,221,235,232,228,208,223,150,233,241,241,209,207,243,151,244,191,246,190,188,220,247,213,187,246,191,252,213,184,195,250,220,203,217,250,247,181,187,254,253,184,181,204,237,218,179,175,233,179,236,186,232,242,252,207,183,168,215,240,216,237,213,215,165,240,216,221,150,188,171,223,234,197,235,242,231,153,179,173,240,194,217,215,211,181,193,235,216,232,195,191,194,229,194,230,180,151,168,180,181,216,206,172,222,177,159,151,220,207,220,164,197,154,168,213,207,211,185,168,151,157,194,210,204,188,166,203,160,136,149,183,146,177,144,170,198,145,157,166,197,154,188,188,170,132,191,187,187,146,171,171,182,183,163,178,158,166,0,177,173,154,156,133,155,135,130,175,140,174,174,125,161,163,174,172,172,164,143,152,157,163,167,166,176,165,170,175,177,174,172,166,173,173,165,170,163,163,171,139,168,170,133,158,157,165,165,131,131,162,111,151,151,157,159,158,128,152,152,151,149,146,148,110,148,147,132,140,142,127,137,117,131,132,133,135,131,132,133,131,132,120,94,126,0,116,124,125,124,122,122,118,98,123,126,126,128,126,128,129,129,125,132,124,127,127,126,124,121,120,119,113,117,116,114,112,108,109,107,107,105,104,102,98,99,96,96,93,94,91,91,89,86,85,82,83,79,80,77,76,74,70,71,69,69,67,66,64,63,61,60,58,57,55,54,52,52,50,46,47,45,42,41,39,38,36,34,32,30,28,26,24,22,19,18,16,14,12,10,8,6,4,2,0,0,0,0,0,0,0,2,4,6,8,10,12,14,16,18
18,20,22,24,24,27,29,29,31,33,35,37,39,40,42,44,46,48,47,50,51,53,55,54,58,59,62,62,65,67,69,71,72,74,76,78,79,80,82,83,82,87,89,91,85,93,95,97,99,100,99,99,98,101,104,105,104,104,108,108,108,106,110,111,114,116,116,119,121,101,122,118,124,125,127,124,125,128,131,129,135,133,134,133,138,138,138,135,141,140,142,104,137,146,148,148,150,149,146,145,152,154,134,147,145,159,160,156,162,157,157,132,159,168,132,170,163,162,174,171,146,163,177,158,180,181,182,184,154,173,167,165,187,187,190,157,189,190,186,193,195,196,167,187,194,200,201,203,200,174,198,170,205,154,180,195,207,173,144,173,209,198,176,181,199,179,214,215,174,181,211,222,187,223,213,137,225,192,215,225,208,210,230,226,196,186,143,207,201,190,222,201,208,224,238,235,233,213,228,153,237,244,244,213,210,247,156,248,193,248,191,188,219,247,213,184,244,188,248,209,180,191,247,216,199,215,246,242,176,183,250,250,180,177,202,234,215,175,172,230,176,232,183,230,238,248,204,178,165,212,236,213,234,209,212,160,237,213,218,146,185,167,219,231,194,232,239,228,149,176,169,237,191,214,212,207,177,188,232,211,229,192,188,190,226,190,227,178,148,164,178,178,214,203,168,219,172,155,146,217,204,216,159,194,149,163,208,203,207,178,162,0,152,188,207,203,187,166,205,161,138,153,188,152,183,152,177,208,154,168,177,209,165,201,203,184,148,208,206,207,165,193,194,207,208,190,206,186,196,124,207,205,185,187,163,184,166,160,206,171,205,205,155,192,192,204,202,201,191,170,178,183,188,191,189,198,187,191,195,197,193,189,183,188,190,182,185,179,180,189,155,185,187,149,175,174,182,182,147,147,179,128,168,168,175,177,176,145,170,170,166,165,164,166,0,168,169,153,165,167,153,163,143,157,156,160,162,158,158,160,158,159,147,122,153,137,142,148,150,147,143,143,137,116,140,141,140,140,136,137,136,135,129,135,125,129,129,128,126,123,122,121,114,119,118,115,114,109,110,109,109,107,106,104,100,101,98,98,95,96,93,93,91,88,87,84,85,81,82,79,78,76,72,73,71,71,69,68,66,65,63,62,60,59,56,56,54,54,52,48,49,47,44,43,41,40,38,36,34,32,30,28,26,24,21,20,18,16,14,12,10,8,6,4,2,0,0,0,0,0,0,0,2,4,6,8,10,12,14,16
16,18,20,22,23,25,27,27,29,31,33,35,37,38,40,42,44,46,45,48,49,51,53,52,56,57,60,60,63,65,67,69,70,72,74,76,77,78,80,81,80,85,87,89,84,91,93,95,97,98,97,97,96,99,102,103,102,102,106,106,106,104,108,109,112,114,114,117,119,101,120,118,122,123,125,122,124,126,129,128,133,132,133,133,136,136,136,133,139,138,140,104,135,144,146,146,148,147,145,143,150,152,131,146,143,157,157,153,160,154,154,129,156,164,129,166,160,158,169,168,142,161,173,156,176,177,178,180,150,169,163,161,183,183,186,155,185,186,183,189,192,192,164,184,191,196,198,198,197,170,195,168,201,150,176,191,204,170,140,171,206,194,174,177,196,177,211,212,172,178,208,219,185,220,210,133,222,190,212,222,205,207,227,223,194,182,139,204,199,187,218,198,206,221,235,232,231,210,225,150,234,242,242,211,208,245,154,246,192,247,191,189,220,249,216,187,248,194,253,215,188,199,255,226,207,223,254,250,185,193,258,258,190,186,210,243,223,183,182,238,183,241,191,238,247,255,213,187,174,221,245,222,243,218,221,169,246,222,227,156,194,175,228,240,203,241,248,237,159,185,177,246,200,223,221,216,185,197,241,220,238,201,197,199,235,199,236,186,157,172,186,187,222,212,178,228,181,165,155,226,213,226,167,203,158,172,218,213,217,189,173,155,163,199,216,210,192,172,209,166,140,155,189,152,183,150,175,204,150,163,171,203,158,193,194,175,138,197,193,193,150,177,177,188,189,170,184,163,173,0,184,178,162,163,139,160,143,135,182,147,179,179,127,164,165,175,172,170,161,139,148,152,158,161,158,168,156,160,164,165,161,158,151,156,158,150,153,148,148,156,122,152,154,115,142,141,149,150,113,112,147,0,138,140,148,150,150,121,147,148,146,148,146,150,112,151,152,135,147,150,136,147,127,143,143,148,150,148,150,153,153,153,143,120,151,135,141,147,149,146,143,142,136,116,140,141,140,140,138,138,137,136,130,136,127,130,129,129,127,124,123,122,116,120,119,117,115,111,112,110,110,109,108,106,102,103,100,100,97,98,95,95,93,90,89,86,87,83,84,81,80,78,74,75,72,73,71,70,68,67,65,64,62,61,58,58,56,56,54,50,51,49,46,45,43,42,40,38,36,34,32,30,28,26,23,22,20,18,16,14,12,10,8,6,4,2,0,0,0,0,0,0,0,2,4,6,8,10,12,14
14,16,18,20,21,23,25,25,27,29,31,33,35,36,38,40,42,44,43,46,47,49,51,50,54,55,58,58,61,63,65,67,68,70,72,74,75,76,78,79,79,83,85,87,83,89,91,93,95,96,95,95,94,97,100,101,100,100,104,104,104,102,106,107,110,112,112,115,117,101,118,118,120,121,123,120,122,124,127,126,131,130,131,132,134,134,134,131,137,136,138,104,134,142,144,144,146,145,143,142,149,150,130,144,142,155,156,152,159,153,155,128,157,164,127,166,160,158,169,168,141,160,170,153,171,172,172,173,143,160,154,151,172,172,173,142,172,171,168,171,175,173,144,164,170,173,174,173,170,140,166,138,0,120,146,163,174,142,111,142,178,165,145,148,167,148,183,184,144,152,181,192,158,193,184,106,196,164,187,197,181,182,200,195,165,152,107,173,168,154,186,163,170,185,199,0,195,175,190,113,198,206,205,176,171,209,119,210,156,212,155,154,185,213,182,152,213,160,219,180,155,166,221,193,175,193,224,222,155,166,231,232,165,162,187,220,201,161,161,219,164,221,174,221,230,240,199,172,163,209,232,212,233,207,213,160,239,216,221,153,190,172,225,239,203,241,250,239,163,190,182,251,206,230,229,224,194,207,252,233,251,214,212,213,250,215,253,205,177,192,206,208,244,235,203,253,207,191,183,254,242,256,199,235,190,205,251,247,252,225,208,194,202,237,255,250,231,211,249,206,180,196,230,193,224,191,214,244,189,204,210,243,198,232,235,214,180,238,234,235,193,219,220,231,232,214,227,209,218,145,228,225,203,204,180,199,182,174,219,184,216,216,165,202,200,212,211,209,198,178,186,191,195,199,196,207,195,199,204,204,200,198,190,196,197,189,193,188,189,197,163,192,196,156,184,183,191,191,155,154,187,137,176,177,184,185,184,152,179,179,175,176,173,176,137,175,175,157,169,170,154,166,144,159,158,161,164,161,160,163,161,162,149,125,156,140,145,151,153,150,146,146,140,119,143,144,143,143,140,140,139,138,131,138,128,132,131,131,129,125,125,124,117,122,121,119,117,113,114,112,112,111,110,108,103,105,102,102,99,98,97,97,95,92,91,88,89,85,86,83,82,80,76,77,74,75,73,72,70,69,67,66,64,63,59,60,58,58,56,52,53,51,48,47,45,44,42,40,38,36,34,32,30,28,25,24,22,20,18,16,14,12,10,8,6,4,2,0,0,0,0,0,0,0,2,4,6,8,10,12
12,14,16,18,19,21,23,23,25,27,29,31,33,34,36,38,40,42,41,44,45,47,49,48,52,53,56,56,59,61,63,65,66,68,70,72,73,74,76,77,77,81,83,85,82,87,89,91,93,94,93,93,92,95,98,99,98,98,102,102,102,100,104,105,108,110,110,113,115,101,116,117,119,120,122,118,121,123,126,125,130,129,130,132,133,133,133,130,136,135,137,103,133,140,143,143,145,144,142,141,148,149,129,143,142,154,155,151,158,152,154,127,156,164,128,166,160,158,170,168,144,162,173,158,176,178,178,181,151,169,164,161,184,184,187,157,186,187,185,190,194,193,165,185,193,198,201,202,200,173,198,172,204,153,179,196,207,176,144,176,210,198,179,181,200,182,215,216,177,184,214,223,190,224,214,137,226,195,216,227,211,214,231,228,200,186,144,209,205,192,224,202,212,225,238,235,234,213,228,147,233,240,239,210,203,240,149,239,185,239,182,179,210,238,206,174,235,181,239,199,173,183,237,209,189,206,237,233,0,178,243,244,177,174,200,233,215,173,174,232,175,233,187,234,242,253,212,185,175,223,245,225,247,220,226,172,252,229,235,164,203,184,237,253,216,254,263,252,175,202,193,264,219,243,242,236,205,219,265,243,264,227,225,225,263,227,266,217,189,203,219,221,257,247,215,265,217,204,193,266,255,268,208,247,200,215,262,258,263,233,216,201,209,243,262,257,237,218,256,211,185,202,236,199,230,197,220,251,195,210,216,250,203,238,242,220,185,245,241,241,197,225,226,237,238,219,233,214,223,151,233,230,209,210,184,203,187,178,224,189,222,221,169,207,205,218,215,213,202,181,191,195,200,204,201,211,199,203,207,208,204,201,195,198,202,193,195,191,192,201,165,197,199,159,187,186,194,194,157,156,190,141,179,180,186,188,187,154,181,181,175,177,175,177,139,177,176,157,169,171,156,166,143,160,157,162,164,160,160,162,160,161,149,125,155,139,144,150,152,149,145,145,139,119,142,143,142,142,139,139,138,137,132,137,128,132,131,131,129,124,125,124,118,122,121,118,117,113,114,112,112,110,110,108,104,105,102,102,99,100,97,97,95,92,91,88,89,85,86,83,82,80,76,77,74,75,73,72,70,69,67,66,64,63,0,60,58,58,57,53,54,52,49,48,46,45,43,41,39,37,35,33,31,30,27,26,24,22,20,18,16,14,12,10,8,6,4,2,0,0,0,0,0,0,0,2,4,6,8,10
10,12,14,16,17,19,21,21,23,25,27,29,31,32,34,36,38,40,39,42,43,45,47,46,50,51,54,54,57,59,61,63,64,66,68,70,71,72,74,75,75,79,81,83,81,86,88,90,92,93,92,92,91,94,97,98,97,98,101,101,101,99,103,104,107,109,109,112,114,101,115,116,118,120,122,117,121,123,126,125,130,129,130,132,133,133,133,130,136,135,137,104,133,140,143,143,145,144,142,141,148,149,128,142,139,151,150,145,150,143,144,116,144,150,113,150,143,139,150,149,0,141,149,133,153,155,155,158,128,146,141,138,161,161,164,135,163,164,163,167,171,170,142,163,170,175,178,179,179,150,177,150,182,130,156,173,184,154,121,155,187,175,157,158,178,161,193,194,156,163,193,201,169,202,193,115,204,174,196,206,191,193,210,208,179,165,122,187,185,171,203,181,192,205,218,216,217,196,211,133,218,226,226,198,191,230,141,231,176,233,175,174,205,234,203,172,233,181,239,199,176,187,241,214,194,213,242,240,175,186,250,251,185,182,207,240,221,180,181,239,182,240,194,241,249,258,219,191,183,229,251,232,253,226,233,178,259,236,241,172,210,190,244,259,222,261,269,258,182,209,199,270,225,249,248,242,211,225,271,249,270,233,231,231,269,233,272,224,196,209,225,227,263,253,221,269,221,207,195,268,256,268,209,246,198,213,259,255,260,230,213,200,207,240,259,254,233,215,253,209,181,200,234,196,228,195,217,248,192,208,213,247,200,235,239,217,183,242,238,238,194,222,223,235,235,217,231,212,221,149,231,228,206,207,180,200,185,174,222,187,219,219,165,205,202,215,214,211,200,179,189,194,198,202,199,210,198,202,206,207,202,200,192,196,199,191,193,189,191,200,162,195,198,156,186,184,193,193,154,153,189,140,177,179,185,187,185,152,180,180,174,177,175,177,139,177,176,156,168,171,155,166,141,159,156,161,163,160,159,162,160,161,148,126,156,140,145,149,153,150,146,146,140,119,143,144,142,144,140,140,141,139,134,140,131,135,134,134,132,126,128,127,120,125,124,121,120,116,117,115,115,113,113,111,106,108,105,105,102,102,100,100,98,95,94,90,92,88,89,86,85,83,79,80,0,78,76,75,73,72,70,69,67,66,62,63,61,61,59,55,56,54,51,50,48,47,45,43,41,39,37,35,33,32,29,28,26,24,22,20,18,16,14,12,10,8,6,4,2,0,0,0,0,0,0,0,2,4,6,8
8,10,12,14,15,17,19,19,21,23,25,27,29,30,32,34,36,38,37,40,41,43,45,44,48,49,52,52,55,57,59,61,62,64,66,68,69,70,72,73,73,77,79,81,81,84,86,88,90,91,90,90,90,92,95,96,95,96,100,100,100,98,102,103,106,108,108,111,113,101,114,115,117,119,121,116,120,122,125,124,129,128,129,131,132,132,132,129,135,134,136,104,131,140,142,142,144,143,141,140,147,148,127,142,139,153,153,149,156,150,152,125,154,161,126,164,158,156,167,166,144,161,171,158,174,176,176,179,149,167,162,159,182,182,185,157,185,185,182,188,191,191,163,183,191,195,198,198,197,170,195,171,202,150,176,193,204,174,141,175,207,195,177,178,196,182,212,213,177,182,212,220,189,221,212,133,223,194,213,225,209,211,228,224,198,183,139,205,204,188,220,199,210,222,236,234,236,214,230,152,235,243,243,216,209,246,159,247,193,248,192,191,222,250,220,189,249,199,255,216,194,204,256,232,210,229,259,256,191,202,265,265,201,199,223,256,237,194,198,254,196,255,210,256,263,273,233,204,197,241,262,243,263,235,242,185,266,243,247,178,216,193,246,262,224,262,270,258,182,209,196,267,222,245,243,236,204,217,264,241,261,224,220,219,258,219,259,210,182,193,209,210,245,235,202,251,202,189,176,250,237,250,188,227,179,193,239,237,241,210,193,180,188,220,240,234,214,196,233,190,160,180,214,177,208,175,196,228,171,188,192,227,179,214,219,196,163,222,218,218,172,202,202,213,214,195,209,190,199,128,209,205,184,184,156,176,162,149,199,163,195,195,140,181,177,191,189,187,174,153,164,169,173,176,174,185,173,177,181,182,177,175,167,169,174,166,166,165,165,173,134,168,171,127,159,0,166,166,125,126,163,112,152,152,157,160,0,125,156,156,150,156,154,158,120,159,160,140,156,158,144,156,131,150,147,155,157,156,156,160,160,161,150,127,158,142,147,153,154,152,148,147,142,121,145,146,145,145,142,142,141,140,134,140,131,135,134,134,132,125,128,127,120,125,124,121,120,116,117,115,115,114,113,111,107,108,106,106,103,103,101,101,99,96,95,91,93,89,90,87,86,84,80,81,77,79,77,76,74,73,71,70,67,68,64,65,63,63,61,57,58,56,53,52,50,49,47,45,43,41,39,37,35,34,31,30,28,26,24,22,20,18,16,14,12,10,8,6,4,2,0,0,0,0,0,0,0,2,4,6
6,8,10,12,14,16,18,18,20,22,24,26,28,29,31,33,35,37,36,39,40,42,44,43,47,48,51,51,54,56,58,60,61,63,65,67,68,69,71,72,73,75,77,79,79,82,84,86,88,89,88,88,88,90,93,94,93,94,98,98,98,96,100,101,104,106,106,109,111,101,112,113,115,117,119,114,118,120,123,122,127,126,127,129,130,130,130,127,133,132,134,104,130,138,140,140,142,141,140,138,146,146,126,140,139,151,152,148,155,149,151,124,153,161,125,163,157,155,167,166,144,161,170,158,173,175,175,177,148,166,161,158,181,181,184,157,184,184,182,187,191,190,162,183,190,195,197,198,198,169,196,171,201,149,175,193,203,174,139,174,203,191,174,172,191,176,204,204,169,174,202,209,178,208,199,119,208,179,198,207,193,194,208,204,177,160,115,181,180,163,195,171,183,193,206,203,204,183,197,0,203,211,212,185,160,215,128,216,160,218,159,159,190,219,191,157,219,168,225,185,163,174,227,201,180,201,230,227,154,173,237,237,172,170,195,229,210,165,170,227,166,227,182,230,235,245,207,176,170,217,237,220,241,212,221,162,246,224,229,158,198,173,228,245,207,245,252,241,163,189,177,250,204,228,226,217,185,197,246,222,243,206,202,200,240,200,241,192,162,174,192,192,228,217,183,233,181,170,154,231,219,230,0,210,159,175,223,223,228,197,181,169,177,210,232,228,207,190,229,185,155,177,212,175,207,176,196,231,173,191,196,232,184,220,226,203,172,231,228,230,184,215,217,229,230,212,227,209,218,149,229,227,207,208,180,200,187,174,223,189,221,220,165,207,202,217,215,212,200,179,191,197,200,202,202,212,201,204,209,209,206,202,196,198,203,195,195,193,195,202,164,198,202,158,189,188,197,197,156,156,193,144,181,182,190,191,189,155,185,185,176,181,179,181,143,180,180,158,172,174,159,169,144,163,158,165,167,163,163,166,164,165,152,129,159,143,148,154,156,153,148,149,143,122,145,147,146,146,143,143,142,141,135,141,131,136,135,135,133,126,129,128,121,126,125,123,122,118,119,117,117,116,115,113,108,110,108,108,105,105,103,102,101,97,97,92,95,91,92,89,88,87,83,84,80,82,80,78,77,76,74,73,70,70,66,67,65,65,63,59,60,58,55,54,52,51,49,47,45,43,41,39,37,36,33,32,30,28,26,24,22,20,18,16,14,12,10,8,6,4,2,0,0,0,0,0,0,0,2,4
4,6,8,10,12,14,16,16,18,20,22,24,26,27,29,31,33,35,34,37,38,40,42,41,45,46,49,49,52,54,56,58,58,61,63,65,66,67,69,70,71,74,76,78,78,81,83,85,87,88,87,87,87,89,92,93,92,93,97,97,97,95,99,100,103,105,105,108,110,101,111,112,114,115,117,0,117,118,121,120,125,124,125,127,128,128,128,125,131,131,132,103,129,136,138,138,140,139,138,137,144,144,124,138,138,150,151,147,154,148,150,122,152,160,123,162,156,154,166,164,144,159,169,156,172,174,174,177,146,165,160,157,180,180,183,156,182,183,182,186,190,189,161,182,189,194,197,198,198,169,196,171,201,149,175,192,203,175,140,177,206,194,178,177,197,183,211,212,178,183,212,219,189,220,211,132,222,194,213,224,210,213,228,226,199,183,139,205,206,189,220,199,212,223,236,234,237,216,231,154,236,244,244,218,209,247,161,248,193,249,192,191,222,251,222,189,250,200,256,216,195,206,258,233,211,232,259,256,194,204,267,267,204,201,226,259,240,195,201,257,198,257,214,260,266,275,238,207,201,248,268,250,272,243,251,194,277,254,260,191,229,206,260,277,241,279,288,277,200,228,215,288,244,268,266,259,228,241,290,266,287,250,247,244,284,245,285,237,208,218,236,237,272,262,229,278,228,216,201,277,264,277,216,254,204,219,265,263,268,236,219,208,215,245,267,262,239,223,261,217,186,208,242,205,236,203,223,256,198,216,219,255,206,241,247,223,191,250,246,246,199,230,230,242,242,224,238,219,228,158,238,234,213,214,184,205,192,178,229,193,225,225,168,211,206,221,219,215,203,182,194,199,203,205,204,215,203,207,211,212,207,205,198,198,205,196,195,194,196,205,164,200,203,158,191,189,198,198,156,156,194,146,182,184,190,192,190,154,185,185,175,181,179,181,144,181,180,157,172,175,159,170,143,163,157,165,167,164,163,166,164,165,152,129,159,143,148,153,156,153,148,149,143,122,146,147,146,146,142,143,142,140,135,141,132,136,135,135,133,124,129,128,121,126,125,123,122,118,119,117,117,116,115,113,109,110,108,108,105,105,103,103,101,98,97,0,95,91,92,90,89,88,84,85,81,83,81,80,78,77,75,74,71,71,67,68,66,66,64,60,61,59,56,55,53,52,51,49,47,45,43,41,39,38,35,34,32,30,28,26,24,22,20,18,16,14,12,10,8,6,4,2,0,0,0,0,0,0,0,2
2,4,6,8,10,12,14,14,16,18,20,22,24,25,27,29,31,33,32,35,36,38,40,39,43,44,47,47,50,52,54,56,57,59,61,63,64,65,67,68,69,72,74,76,76,79,81,83,85,86,84,84,84,0,88,89,88,89,93,93,93,91,95,96,99,101,101,104,106,98,107,108,110,112,114,74,114,115,118,116,121,120,0,123,124,124,124,121,127,127,128,100,125,132,134,134,136,135,135,133,140,140,119,134,134,146,147,143,150,144,146,118,148,156,119,158,152,150,162,162,142,157,166,155,169,171,171,174,143,162,157,154,177,177,180,155,180,180,179,183,187,186,158,179,186,191,194,195,195,166,193,170,198,146,172,190,200,174,137,175,203,191,177,174,194,181,208,209,176,181,209,216,188,217,209,129,219,193,210,222,208,211,225,223,198,180,136,202,204,186,218,196,210,220,233,231,235,214,230,153,233,241,241,216,206,244,160,245,190,246,189,189,219,248,221,186,247,198,253,213,194,204,255,232,208,230,257,254,193,203,264,264,203,200,225,257,238,192,200,255,195,254,213,258,263,273,237,204,200,246,265,249,270,240,250,192,275,252,258,190,228,203,257,275,240,277,286,275,199,227,212,286,243,266,265,256,225,238,288,264,285,249,246,241,282,242,283,236,207,216,235,236,271,260,228,277,225,215,198,276,263,276,213,253,201,216,262,261,266,233,216,207,214,243,266,261,237,222,260,216,183,207,241,204,235,202,220,255,195,215,216,254,203,238,245,220,190,249,245,245,196,228,228,241,241,223,237,218,227,157,237,232,210,213,181,202,191,175,228,192,224,225,166,210,204,220,219,214,201,180,194,199,202,203,203,215,202,207,211,212,206,205,197,197,205,196,194,194,196,205,162,200,203,156,191,189,198,198,154,154,194,146,182,184,190,192,190,153,185,185,174,181,179,181,144,181,180,156,172,175,159,170,141,163,156,164,167,164,163,166,164,165,151,129,159,143,148,153,156,153,146,149,143,122,146,147,146,147,142,144,143,141,136,142,133,137,136,136,134,125,130,129,122,127,126,124,123,119,120,118,118,117,116,115,111,112,110,110,107,107,105,105,103,100,99,94,97,93,94,91,90,89,85,86,82,84,82,81,79,78,76,75,72,72,68,69,67,67,65,61,62,60,57,56,54,53,52,50,48,46,44,42,40,39,36,35,33,31,29,27,25,23,21,19,17,15,14,12,10,8,6,4,2,0,0,0,0,0,0,0
0,2,4,6,8,10,12,12,14,16,18,20,22,23,25,27,29,31,30,33,34,36,38,37,41,42,45,46,49,51,53,55,56,58,60,62,63,64,66,68,68,72,74,76,75,79,81,83,85,86,85,85,85,87,90,91,90,91,95,95,95,93,97,98,101,103,103,106,108,100,109,110,112,114,116,111,115,117,120,119,124,122,123,126,127,127,127,124,130,129,131,103,127,135,137,137,139,138,136,136,143,143,122,137,137,148,149,144,151,146,147,121,149,157,120,159,153,151,163,162,144,157,166,156,170,172,172,174,145,163,158,155,177,178,180,156,181,180,179,183,187,186,158,179,185,190,193,194,193,165,190,167,195,142,167,184,193,166,127,166,192,180,164,161,180,167,193,192,160,164,190,197,168,196,187,106,196,169,186,195,183,184,196,192,167,148,102,169,171,150,183,159,173,181,194,191,193,173,187,108,189,195,194,168,0,195,109,196,140,198,139,139,170,199,173,137,199,150,205,165,145,156,207,184,160,184,211,208,147,157,218,219,156,155,179,213,194,147,154,211,149,209,167,214,218,228,192,159,155,203,220,205,227,196,206,146,231,209,215,146,183,158,213,233,196,234,243,232,155,183,168,244,199,223,222,212,180,194,245,220,244,207,205,201,243,203,246,198,169,179,199,201,238,228,195,246,193,185,168,247,235,249,188,228,175,192,239,240,246,212,196,189,194,225,249,245,222,207,246,202,169,194,229,193,224,193,211,248,188,208,210,248,196,232,240,214,185,243,239,240,191,223,224,236,237,218,232,214,222,154,232,229,206,209,177,198,187,171,223,189,221,220,162,207,200,217,215,210,198,177,191,195,200,200,201,212,200,203,209,208,205,202,195,194,202,194,192,192,194,201,159,197,201,154,188,187,196,196,152,152,192,144,180,181,188,190,188,150,184,184,172,180,178,180,143,179,179,154,172,173,159,169,142,163,155,165,167,164,164,167,165,166,153,130,160,144,149,155,157,154,147,150,144,123,145,148,147,147,144,144,143,142,136,142,132,137,136,136,134,0,130,130,123,128,127,125,124,120,121,119,119,118,117,116,111,113,111,111,108,108,106,106,104,101,100,95,98,94,95,92,91,90,86,87,83,85,83,82,80,79,77,76,74,74,70,71,69,69,67,63,64,62,59,58,56,55,54,52,50,48,46,44,42,41,38,37,35,33,31,29,27,25,23,21,19,17,16,14,12,10,8,6,4,2,0,0,0,0,0,0
0,0,2,4,6,8,10,10,12,14,16,18,20,21,23,25,27,29,28,31,32,34,36,35,39,40,43,44,47,49,51,53,55,57,59,61,62,63,65,67,67,71,73,75,75,78,80,82,84,85,84,84,84,86,89,90,89,90,94,94,94,92,96,97,100,102,102,105,107,101,108,109,111,113,115,111,114,116,119,118,123,122,123,125,126,126,126,123,129,129,130,104,127,134,136,136,138,137,136,135,141,142,121,136,135,148,148,143,150,145,146,119,148,155,118,158,152,150,161,160,143,155,164,155,168,170,169,172,141,160,154,152,174,174,177,154,177,177,176,180,183,183,156,175,182,186,188,190,189,161,187,166,192,141,166,183,194,169,129,170,196,184,172,167,187,176,201,201,170,174,200,206,179,205,197,115,205,181,196,206,194,195,206,204,180,159,115,180,183,163,194,171,187,193,207,203,207,187,201,124,203,209,209,184,172,209,125,208,151,208,147,147,176,206,178,141,203,154,207,166,146,157,206,183,157,180,204,202,141,149,208,207,146,143,167,198,179,130,138,194,129,190,147,193,194,204,167,133,129,175,191,175,196,164,172,0,197,173,180,111,149,123,178,198,162,200,209,198,122,150,133,210,165,190,188,179,147,161,212,187,211,175,172,168,211,171,214,167,138,146,168,169,206,197,164,214,162,155,135,216,204,217,158,196,142,160,207,208,214,179,165,157,163,193,217,213,189,176,214,171,137,163,198,162,193,162,179,217,157,178,179,218,166,204,212,186,159,217,214,216,166,200,202,215,215,197,211,192,201,133,211,208,184,187,154,175,165,148,202,167,199,199,139,184,178,195,193,188,175,155,169,172,178,178,179,190,178,182,186,187,183,180,173,170,180,171,168,169,171,179,136,174,178,131,166,165,173,173,129,130,170,122,158,159,167,168,167,128,161,162,150,159,155,158,121,158,157,131,149,151,135,146,117,139,131,140,144,140,140,143,140,142,128,106,135,120,125,130,0,130,122,126,122,103,127,130,131,133,130,133,134,133,129,137,127,134,134,135,135,124,131,132,125,130,129,127,126,122,123,120,121,119,119,117,113,115,113,113,110,110,108,108,106,103,102,97,100,96,96,94,93,92,88,89,85,87,85,84,82,81,79,78,76,76,72,73,71,71,69,65,66,64,61,60,58,57,56,54,52,50,48,46,44,43,40,39,37,35,33,31,29,27,25,23,21,19,18,16,14,12,10,8,6,4,2,0,0,0,0,0
0,0,0,2,4,6,8,8,10,12,14,16,18,19,21,23,25,27,26,29,30,32,34,33,37,37,40,41,44,46,48,50,52,54,56,58,59,60,62,64,65,68,70,72,72,75,77,79,81,82,81,81,81,84,86,87,86,87,91,91,91,89,93,94,97,99,99,102,104,99,105,106,108,110,112,108,112,113,116,115,120,119,120,122,123,124,123,120,126,126,127,102,124,131,133,133,135,134,134,132,139,139,118,133,131,143,142,137,142,134,136,93,136,144,0,146,140,138,150,151,132,146,154,145,157,159,159,162,131,150,145,142,165,165,168,145,168,168,167,171,175,174,146,167,174,179,182,183,183,154,181,160,186,134,160,178,188,164,123,166,191,179,167,162,182,172,197,198,167,172,198,205,179,206,198,115,208,184,199,211,199,202,214,211,189,169,124,191,196,174,207,185,201,208,222,220,224,205,221,145,222,230,230,208,197,233,152,234,178,235,177,178,208,237,212,175,236,189,242,202,185,195,243,223,195,220,246,243,184,194,252,253,193,191,215,247,228,181,190,245,182,242,203,248,251,261,227,192,190,236,253,239,260,228,240,182,263,241,248,181,218,191,245,265,230,267,273,263,187,213,196,272,227,250,249,236,204,217,268,242,266,229,226,220,262,220,264,216,187,193,215,216,251,240,208,257,202,195,175,256,243,256,194,233,177,193,240,242,246,211,194,188,194,221,247,241,215,202,240,196,159,187,221,184,215,182,198,235,173,195,194,234,179,216,225,198,171,229,225,225,173,206,207,221,222,203,217,198,207,138,217,213,188,193,158,180,171,151,208,172,204,205,142,190,181,200,198,191,178,157,173,176,181,180,182,194,182,186,190,192,184,184,177,0,187,179,176,179,182,191,146,188,192,143,182,180,190,191,145,147,190,141,179,182,189,191,190,150,185,185,172,182,180,182,145,182,181,154,174,176,161,171,141,165,155,165,169,166,165,168,166,167,153,132,162,146,151,155,159,156,147,152,146,125,149,150,149,150,145,147,146,144,139,145,135,140,139,139,137,126,133,132,125,130,129,127,126,123,124,121,122,120,120,118,114,116,114,114,111,111,109,109,107,104,103,98,101,97,97,95,94,93,89,90,86,88,86,85,82,82,80,79,77,77,73,74,72,72,70,66,67,65,62,61,59,58,57,55,53,52,50,48,46,45,42,41,39,37,35,33,31,29,27,25,23,21,20,18,16,14,12,10,8,6,4,2,0,0,0,0
